,0,1,2,3,4,5,6,7,8,9,10,11,12,13,14,15,16,17,18,19,20,21,22,23
0,gene1,gene2,feedback1,feedback2,kon1,kon2,koff1,koff2,ksyn1,ksyn2,w,bs1,bs2,bf1,bf2,cv1,cv2,convergence,corr,NMI,cmi_given_x1,cmi_given_x2,sign_givenx1,sign_givenx2
1,sp2,spic,1,0,2.229599824971504,0.8793214682460107,8.145869657889845,3.290367733551924,8.431105540813183,5.52579583935848,5.3634459731180435,1.750477854854926,0.6938864856614766,1.03501601362441,1.679385493302729,0.5818143621821736,1.9364252322929911,1.0,0.07708616297560293,0.03780362328284809,0.34374440144631846,1.238633769497467,1.0,0.0
2,sp2,srebf2,1,0,4.392038080663335,1.1820272673473153,4.703815006444994,11.1534423589571,6.704658859190653,2.56724465132601,2.290465650455153,2.2712915913277896,1.0687613356009336,1.4253661868088299,0.23017509471094444,0.5711534483892374,0.6675808590960104,1.0,0.18611432866159,0.03174762405107636,1.0933122281793675,1.1645357054048093,1.0,0.0
3,sp2,stat6,1,0,0.43019302729016967,7.43878778465847,13.028081075487131,8.109462401085736,6.4720198306956025,6.1501081605234384,2.159177110732127,0.4164419296891118,3.8798301499324848,0.4967746050393387,0.7583866668769598,0.572535495910768,1.050272027768076,1.0,0.14009839488381134,0.03190878254266235,1.0179019328673895,1.3423564090399243,1.0,0.0
4,sp2,tbx3,1,0,1.2174099102832296,13.858616572814913,22.40723925811778,9.448095247316296,10.156941883786125,24.78977923466274,1.74968096936772,1.1546751420718069,5.618018122268707,0.4532884112488971,2.6237859151244485,0.5890210709068235,0.3471991121124659,1.0,0.18590882758750352,0.0589958622673883,4.369476622963335,6.172372689015723,1.0,0.0
5,sp2,tcf3,1,0,0.8706430932553563,10.377086263092568,15.211494428429813,4.826105491722836,6.461738209704544,19.596752099969557,1.5489280159846845,0.8235088491406581,3.2941051990961174,0.42479312207666825,4.060572677820571,0.5722543114847031,0.4095409947193166,1.0,0.2659875556080429,0.05465797573563593,3.3542058191575936,8.27769061822813,1.0,0.0
6,sp2,tcf4,1,0,0.7228039384051682,9.470551028678075,17.546848522236193,11.123577877079414,7.102594015314064,15.373685949018869,2.264119460552414,0.6942075797990297,5.115361391998643,0.404778898405222,1.3820810281462563,0.5763177932605865,0.5385291229204475,1.0,0.19181518777948947,0.049309692661306526,2.7621423242030736,2.3968897060638588,1.0,0.0
7,sp2,tcf7,1,0,10.255938400398893,0.8424583647097946,11.172781442199959,19.09113788274801,11.789981057358185,6.207279620707942,2.181597700788978,5.347373015000678,0.8068533445489184,1.0552413576110102,0.32513932164919523,0.5902044284919848,0.6004663599351712,1.0,0.19692177363060823,0.03739198118372782,1.581709586063194,1.3953396197970207,1.0,0.0
8,sp2,tcf7l1,1,0,2.8115439226634673,1.579881864134852,7.256904270093736,7.569246282444565,8.145260179987163,2.9185130087025843,4.327783304265635,2.026439894939292,1.3070660652266899,1.1224152719713294,0.3855751153812399,0.5817493314704645,1.001048108308174,1.0,0.16574955238090322,0.02471980734335899,1.7995360655703325,1.1740258772137733,1.0,0.0
9,sp2,tead1,1,0,11.05845742574023,0.3757585847562461,18.901844582541216,6.617392238604297,16.396660272137584,1.7496687138947289,2.8631075367843812,6.9767402052961,0.3555681845225834,0.8674635007465061,0.2644045646391605,0.59916974852071,1.028518383248113,1.0,0.171583550819006,0.03693679959315839,1.1991559138899213,0.33248622624696833,1.0,0.0
10,sp2,tfap2a,1,0,2.293919853818677,3.8370753087101974,4.955970701571088,6.215496776540892,6.429196386397469,2.1727300007946537,3.8287080581111472,1.5681063735266834,2.372460402211299,1.2972627913961143,0.349566587982987,0.5733759228472751,1.1615152240785427,1.0,0.198131619911406,0.028053291194630608,1.1566173480919155,1.0068266776271646,1.0,0.0
11,sp2,tfap2c,1,0,3.6537002553797526,1.98876889838004,20.314946107404502,18.09592226857672,16.574521844910706,4.5923727291692,7.059755936860681,3.0967424132844363,1.791842707268332,0.8158782089443759,0.2537794239503217,0.5975130747042713,1.0625965676601097,1.0,0.16515842938102354,0.041519395619860906,1.523894367835846,1.829583716238825,1.0,0.0
12,sp2,tfap4,1,0,6.326978687217747,0.1645599057136178,14.720671590838684,3.775303485613991,13.560473967242938,3.8891337152061976,3.471654855869044,4.425072356597924,0.15768658045363979,0.9211858225056941,1.0301512792351564,0.5952085421774127,0.6157529019391237,1.0,0.14011588253623528,0.037742355766743056,2.3662679471425068,1.3264789573358913,1.0,0.0
13,sp2,tfcp2l1,1,0,1.4022905606839144,16.03366066003637,30.710204327847634,16.80876544614855,10.029511878458228,38.57967850961789,2.1389777881381757,1.3410552432970526,8.206033269476917,0.32658564467327855,2.2952119019816406,0.5898480620549232,0.288465503251758,1.0,0.2450729046601546,0.061262204163089626,3.934474468841978,6.502072707351825,1.0,0.0
14,sp2,tfdp2,1,0,1.4402005721921876,14.351647670884956,19.874057882852778,4.899645060708229,8.61630650483414,9.81657107224926,1.4253453453045353,1.3428864811334973,3.652636765960023,0.433545406560793,2.0035269801421705,0.5861686772742372,0.6252961919102538,1.0,0.20585243452324062,0.03462649169389593,2.2029722178636333,1.4925146160278477,1.0,0.0
15,sp2,tfe3,1,0,27.84505693996855,1.864849905071105,28.403624984597624,56.06555784885962,22.68452798722854,9.617603065043705,2.0616188227337666,14.060783789712493,1.8048181306838837,0.7986490456598281,0.17154209168792436,0.5972352477730045,0.8989009504076394,1.0,0.1380029757704265,0.03012352357085101,0.682234460409182,0.8666190981690822,1.0,0.0
16,sp2,tfeb,1,0,0.47411299969184373,10.92133374386935,12.942562004006824,2.459585838558908,7.70724674884964,7.844961522486742,1.2290879800613919,0.4573589875081372,2.0074821950108386,0.5954962198723553,3.1895457355060928,0.5799392431086285,0.9002734620357655,1.0,0.19541548477122642,0.04460137554852868,1.7411298911391748,2.139147812012189,1.0,0.0
17,sp2,tgif1,1,0,2.1261030225733593,14.552072009825427,65.49752124269105,72.86066492290952,11.351898452235094,152.90090316827207,6.201881474505571,2.0592578318325625,12.129509724170209,0.17331798573219848,2.0985383996982376,0.588897705078125,0.33104715187880324,1.0,0.23327126446827245,0.07037968606268341,4.938477507001931,7.340305734079168,1.0,0.0
18,sp2,tgif2,1,0,7.512834062159711,0.7060298253537138,5.188207805885231,3.5299259610296354,8.313148511517406,2.761584115083458,2.0287165549340695,3.0688934601250413,0.5883519884198691,1.6023160256008648,0.7823348550568291,0.5858625869377341,0.7115108190309473,1.0,0.15936510582104196,0.03090298531747994,1.3005192951830655,1.4443412378607234,1.0,0.0
19,sp2,thap11,1,0,0.9776847205078847,10.774283526880977,26.875789229041022,21.708935032972537,7.840778167348681,25.33499719350606,3.1245594930784275,0.9433670115410984,7.200586379114647,0.2917413178280255,1.167030863330057,0.5829200344886526,0.4873159185234133,1.0,0.221429699107597,0.04535051919451891,4.125306909631802,2.3158929596173095,1.0,0.0
20,sp2,thra,1,0,6.324864055671697,0.5440860289970249,11.309313638569819,1.1515051937071261,11.338373843939209,1.3498931260927922,3.5561746069441202,4.0563202076763805,0.36949819026214425,1.002569581700368,1.172285746924841,0.5867579231900073,1.209793132154006,1.0,0.12718857867741346,0.020468180234414695,0.46146338933917097,0.4683592731251965,1.0,0.0
21,sp2,topors,1,0,0.732910917141383,11.277346875627867,28.246432941184892,33.93975348111825,9.251477650102151,46.64781972371097,4.113587197011532,0.7143750104938387,8.464726173507605,0.32752729059154845,1.374430128069805,0.5846912888698201,0.2913583047755064,1.0,0.16823133912767896,0.04870641163496807,3.9689398577205157,3.046667501013674,1.0,0.0
22,sp2,ubp1,1,0,6.9819885027089885,0.7069891979657597,3.529985702791217,12.940098996043501,7.041334872948966,3.1575596160070996,1.5878430629713354,2.3445947554475195,0.6703635296228465,1.9947205076160135,0.24401355947682773,0.5777299192493995,0.6092963737096231,1.0,0.2180734392161289,0.03739460849498783,1.8481445597002621,1.663735503225515,1.0,0.0
23,sp2,vezf1,1,0,4.9608411500702525,0.5273433833583525,16.392579423673148,0.7638316462211449,14.256178452484573,1.423066226393424,2.7578051298575765,3.8083351695300096,0.31196511348706985,0.8696726783520525,1.8630626702018278,0.5948165763861366,1.1320123447735007,1.0,0.0793126105266542,0.027227658907633664,0.9768363549966347,0.5827705594617013,1.0,0.0
24,sp2,ybx1,1,0,0.786144414680271,7.2828582932867745,37.910438583953024,39.24117974105001,5.64308694259495,1786.477311070405,6.47038302728498,0.7701734169114288,6.142801944761092,0.14885311680312746,45.525576011201814,0.5643050432257884,0.2780609740630829,1.0,0.3886386074240879,0.2732985470654894,13.835547623378977,256.40120544337054,1.0,0.0
25,sp2,zfhx3,1,0,3.8548419404281695,0.8027026905652542,13.068371695398186,10.37116297222053,11.93264656603738,2.0235997555876315,4.696002652594076,2.9767695656738926,0.7450385276975526,0.9130936006541096,0.1951179208163929,0.5928690523903888,1.1609114192351853,1.0,0.11489525331056052,0.02499104125376822,1.5419394904245916,0.29812628006672015,1.0,0.0
26,sp2,zfp148,1,0,0.45987274724587496,8.68134368918171,14.248960201297447,8.340220524765988,7.529684500630446,5.802274187884207,2.0183327035124528,0.44549479187719887,4.253681971233402,0.5284374715247522,0.6956979339640433,0.5778569376615914,0.8414480061152281,1.0,0.11326683355495981,0.023621609020854167,0.5816706010441101,0.43342294930319886,1.0,0.0
27,sp2,zfp263,1,0,1.8097101799479574,1.243171713112417,12.855414994626791,15.524082249213794,11.435192872216003,1.4963721619086379,5.933197532226995,1.5863877809625535,1.1509994401954957,0.8895234324987251,0.09639037837385979,0.5919231069085725,0.8200782057329268,1.0,0.08643014313363098,0.021981016965529385,1.2893740835240823,0.5246563288522433,1.0,0.0
28,sp2,zfp281,1,0,3.456030972247881,0.6328227593633435,4.871156691521767,5.517329731657607,6.891211215457208,3.4572356255294285,2.6858121181722603,2.0216751532834727,0.5677081714969608,1.4146970939061227,0.6266139226177351,0.5770072219110054,0.5576224155809373,1.0,0.11872488667912966,0.02763756419047902,1.109959315613162,0.787406728006397,1.0,0.0
29,sp2,zfp410,1,0,1.515437214174127,3.3758645044305267,6.350703072639662,5.282071414480101,6.7832185743850815,1.4990929285302639,3.1676433810631544,1.2234833630645041,2.059562182605545,1.0681051368326129,0.28380777367392246,0.5758609486679662,0.8418873548645909,1.0,0.12033796172593489,0.028444833767222996,1.4891750824691066,0.5464329620233995,1.0,0.0
30,sp2,zfp42,1,0,0.6643512312198799,7.76046477016824,105.74787924565035,139.6935866836735,6.690435714291958,1520.4077814281088,18.436173430873854,0.6602035636402656,7.352033717543859,0.0632678003759319,10.883876758572802,0.573248610069138,0.2565523557932222,1.0,0.3804525539537123,0.17296615266483928,11.105252023610527,70.08721579358698,1.0,0.0
31,sp2,zfp57,1,0,0.6973455860467783,9.916841070843937,13.86474227399829,4.094100591914165,6.7742881519736935,25.827747334225588,1.473921902595288,0.6639512767243362,2.8977741735931617,0.48859820241145646,6.308527783913102,0.5753840569302455,0.3285867782189111,1.0,0.24743934510141025,0.06764724802867453,3.676564342717014,7.425730106079431,1.0,0.0
32,sp2,zfx,1,0,9.515539636439431,0.42907599092591187,13.09872532044701,4.794394463666769,12.833888553067164,2.331116018990755,2.5892527362921287,5.511629062946431,0.3938300356573835,0.9797814855338299,0.48621698457575596,0.5930410304387049,0.7787800832796978,1.0,0.17294397435014036,0.03273755349488542,2.730104945892557,0.4011152684367585,1.0,0.0
33,sp3,spic,1,0,4.926745857142768,5.097166839660845,29.683352833852574,29.73572063572743,13.230051502218435,4.270480002749329,7.967809694376282,4.225423825166344,4.351288111987308,0.4457061025508593,0.14361447819153753,0.5658793279766253,1.8771423463782753,1.0,0.12503047987877988,0.027889280010314807,0.37810015139342984,0.4182932076517657,1.0,0.0
34,sp3,srebf1,1,0,4.46416143266149,2.4168721351369102,20.453919512746996,26.373690957296844,9.22703569251707,3.0136172509628536,5.219620407880814,3.6643912842089286,2.2139837477563815,0.4511133275344479,0.11426604095127883,0.553940886029544,0.5202509727432852,1.0,0.1702344798279123,0.03505862087201258,1.9022444843411521,0.9561275219939787,1.0,0.0
35,sp3,srebf2,1,0,5.249101071769823,1.720279045788192,13.611304271923192,14.576007374433445,7.642424584889335,2.581928902172398,3.9768655234519823,3.7882065915316803,1.53868184510904,0.5614762870780721,0.17713553758906184,0.554573322708484,0.6654533220358091,1.0,0.12885843591243212,0.02621672247057344,1.2638677158105256,0.5546447853619509,1.0,0.0
36,sp3,tbp,1,0,10.042170749490024,1.0770645534364143,31.816781592189415,0.8165510024106737,14.62516285203741,1.2434476100637746,2.178929773883681,7.63300406660818,0.46444387196433007,0.45966820401557174,1.5228045846405058,0.5741967852588685,1.105365625,1.0,0.17005416674978938,0.0317177140405981,3.044430900777877,0.6291815459932518,1.0,0.0
37,sp3,tbx3,1,0,17.45549112264168,1.257031450771772,25.042611878702893,35.45882487411578,12.211921973455013,25.568532440860373,2.5209648786436376,10.285896509842551,1.2139947841542946,0.4876456989632322,0.7210767004161179,0.5630984618044168,0.3446599394693305,1.0,0.17313586900141806,0.048513328892682624,2.598257688468404,4.134076307747718,1.0,0.0
38,sp3,tcf3,1,0,0.49522559963254187,18.030087822114787,20.827690280795444,3.080258208285613,6.4351419874343065,21.21125285262632,1.1935180499294304,0.48372396468229945,2.630810784920429,0.30897050516292474,6.886193110554819,0.5489671235331005,0.4162393797565573,1.0,0.2546309734614094,0.050692493738258515,3.5550172382322645,5.383478426403287,1.0,0.0
39,sp3,tcf4,1,0,1.4754180265137669,21.099092407278796,35.82287256771623,17.772931410913877,9.04211276489322,22.432329005951953,1.9182353852675897,1.417054538046053,9.646853581407761,0.2524117167823672,1.2621625823738265,0.5542984886736656,0.5492151031831994,1.0,0.17842608283215614,0.05063846624436422,2.2403925078006344,3.0643396941643704,1.0,0.0
40,sp3,tcf7,1,0,0.10847446638138379,17.996016710954017,17.02346183957744,0.0001,5.65334445202293,6.01020437395182,1.0063776490310166,0.10778763742950206,9.999944432456399e-05,0.33209135164738374,60102.043739518194,0.5519123191961314,0.599392858124063,1.0,0.20396421550387817,0.03919180014509081,1.4947737204310934,0.9295186497721851,1.0,0.0
41,sp3,tcf7l1,1,0,5.652259666620709,1.5701619425301345,25.353457078990797,10.89628091048725,11.436445717119438,3.1366229131426047,6.275765266215296,4.621867768216067,1.3723983499129127,0.45108032728981473,0.28786178870661516,0.5612313750289297,1.0205259203606312,1.0,0.09065749556940898,0.023675684275815238,0.8564995579760039,1.1728278792844828,1.0,0.0
42,sp3,tead1,1,0,12.624332873006768,0.5759727302582575,30.707746232551344,13.744196211578132,14.413063776334903,1.9102639248214135,3.57626661256482,8.946369946274347,0.5528064821959208,0.4693624750961542,0.13898695095841285,0.5713308654131988,1.0325535886771868,1.0,0.1312595713524197,0.024270646650223802,1.0453188401433664,0.4263962433087304,1.0,0.0
43,sp3,tfap4,1,0,9.298229693981373,0.23046336680463597,30.891961528708066,2.224397396849399,14.297336117419503,3.704105295027499,4.2629519460524286,7.147031284324953,0.20882736845177235,0.46281736121330175,1.665217420355704,0.5715102994886779,0.6044638112445532,1.0,0.17301705117293747,0.03136847223929363,0.8983728071267505,0.9484991696275245,1.0,0.0
44,sp3,tfcp2l1,1,0,19.337222598663438,1.409403577575329,21.765331445023914,36.061118406968994,11.222714921696996,32.12747755664145,2.20864168010725,10.239778740726612,1.3563907467078677,0.5156234330749317,0.890917391803152,0.5610279412982009,0.2866139748900039,1.0,0.19239089754535438,0.05895611907761085,3.3577820069414246,4.271057514034014,1.0,0.0
45,sp3,tfe3,1,0,0.8796680989168572,16.710330022655143,27.688026681732122,13.776997847454014,8.04517446741959,8.414523752955272,1.882262406555526,0.8525810003534772,7.551274474864032,0.2905651081565736,0.6107661368699622,0.5560242736649248,0.8947978305822807,1.0,0.12827419430691353,0.03182523768594286,0.5353876690370647,1.021765379766665,1.0,0.0
46,sp3,tfeb,1,0,0.00010000000000874914,13.3723813811114,13.517652368960754,0.6876960939724426,5.894533612052064,7.434068460330072,1.0329207478336624,9.999926024079596e-05,0.6540600120587379,0.4360619322913717,10.810107146875797,0.548021141270268,0.8986256365847965,1.0,0.17417691453460749,0.03228706913720086,1.1308789439937155,1.9545016960799773,1.0,0.0
47,sp3,tgif1,1,0,0.0031481095131189797,7.660612170075529,37.196844356687265,76.97832262294371,4.293740061976498,161.01778984733664,11.04945479552187,0.0031478430992610846,6.967255395633354,0.11543291201810155,2.091729000591975,0.5389113891090126,0.33318029752066114,1.0,0.2049683643420376,0.056629769314502386,3.3629735392458513,6.840218425944329,1.0,0.0
48,sp3,tgif2,1,0,10.43113688670092,0.5703094964278275,30.24133447132901,2.1058939933975975,13.955219473173393,2.6989332232030137,3.6939885296536943,7.755897022585542,0.4487742981694249,0.461461761431327,1.2816092508287282,0.5697407750979179,0.7068354351466335,1.0,0.20160505954507552,0.037104746149972834,1.6549511557044765,1.204572428538339,1.0,0.0
49,sp3,thap11,1,0,1.6707496276506362,22.428413737037037,36.119915000279725,16.34945003482154,7.817061165757351,22.88534971276209,1.8089357093799092,1.5968847103283919,9.4562256423239,0.21641969992722332,1.399762662598448,0.5539544053415243,0.4867848822623469,1.0,0.25013954531273513,0.043021168639849006,2.721463445170868,2.120139758721478,1.0,0.0
50,sp3,thra,1,0,11.871731066404937,0.2722375514425349,30.15873355436978,5.4810514827808685,14.172242262366472,1.6357072973365752,3.7162290326105705,8.518496697366302,0.2593556531101959,0.4699216642110298,0.2984294715120395,0.5715880204528854,1.2183752603749398,1.0,0.14319003920953643,0.027052038154173286,0.5397406922309528,0.6927071018544724,0.0,0.0
51,sp3,topors,1,0,2.591016255415524,33.509689656633455,48.04429208090277,13.532137416167012,10.099526170333274,31.62124592331253,1.4795356554885282,2.4584335684249066,9.63945818909026,0.21021282098040853,2.336751759964707,0.5530222117202268,0.2864503100707485,1.0,0.26890465990532786,0.06195356646775344,2.9265984260593707,6.554022760734083,1.0,0.0
52,sp3,trim28,1,0,1.091029447779874,16.811609325270066,28.9414124646137,16.448708115706868,6.6657336385658565,173.29344718391386,2.0529956246786747,1.0513941340949209,8.314089462236375,0.23031818667164103,10.535383445611512,0.5506242178199687,0.23881640990424163,1.0,0.32066684653009775,0.1268590733598256,7.732219149743515,29.20594928370929,1.0,0.0
53,sp3,ubp1,1,0,14.430729155613344,0.625550078515404,15.998472429315898,6.12504098559162,9.18397842237246,3.250502697474744,2.323994554703757,7.587107466051579,0.5675828728271134,0.5740534581003851,0.5306907668244406,0.5556959872248369,0.611499839635171,1.0,0.21550967964171078,0.04058276001078484,1.1623375014068213,1.1827769639719243,1.0,0.0
54,sp3,usf1,1,0,14.953053313147851,1.757957054765023,22.479402709024853,36.910679093715856,10.90488902569968,11.479623816905567,2.6225589705098526,8.979793015896755,1.6780366511973497,0.48510581739441283,0.3110109079206837,0.5581697128917245,0.43718973620896934,1.0,0.27177832656805234,0.05628183721160691,2.7860799123807762,2.756267774590442,1.0,0.0
55,sp3,usf2,1,0,3.6908466264026476,28.561541383021442,107.27400493219474,88.33258029582673,10.016547194590785,47.76760231785207,4.233523477506286,3.568083890019999,21.58290435270739,0.0933734803778604,0.5407699192967971,0.5575621144551881,0.7079834113998532,1.0,0.23033439679956874,0.048771866793171324,2.1378293076056387,2.848103186583229,1.0,0.0
56,sp3,xbp1,1,0,2.438045470286213,38.551017840707836,47.70492464114067,9.973873353550097,12.399309207932156,15.087722852514094,1.3184405903688052,2.3195031162538466,7.923829608486984,0.2599167549515214,1.5127245271410805,0.5657100050675304,0.7094020723019181,1.0,0.18004155705313388,0.03730382123329606,1.5458565112614102,1.5838825952521525,1.0,0.0
57,sp3,ybx1,1,0,2.3657821229320715,26.36810533938636,56.01997881145568,36.269821318550356,9.762883709334305,1755.0870707175782,2.475839305950575,2.2699209923479446,15.268169305649867,0.17427503395159918,48.3897357889638,0.5523404469257696,0.28142680965514716,1.0,0.3100108673274431,0.25893202926275566,13.870336634693198,161.28831767715224,1.0,0.0
58,sp3,zfhx3,1,0,10.351751527326467,0.09725906738810887,27.21231048591796,3.191310284797752,12.662597771437486,1.7472896199469627,3.7393549377099085,7.499057916988918,0.0943826414483861,0.46532608019411753,0.547514802390234,0.5658267933523363,1.1465230733292275,1.0,0.13474651961313375,0.020627446095218376,0.830029305305994,0.3782849531544369,1.0,0.0
59,sp3,zfp110,1,0,0.0001000000020923153,5.4671506221756685,26.92891095505947,42.93187550271361,10.310195168662569,1.7503135301737953,8.805918957185426,9.999963074557573e-05,4.849581668444491,0.38286714178188713,0.040769556644763,0.5572729211575562,0.671150206664749,1.0,0.12814395704633177,0.024752879198583908,0.7494407321978018,0.9821936867715593,1.0,0.0
60,sp3,zfp263,1,0,0.7436276737903365,2.428498049059286,34.03235559429786,25.507239147253898,14.964834466875432,1.456915691368011,11.639147923279966,0.7277264090305772,2.21738485262418,0.4397237336513608,0.05711773363464396,0.5736415748214556,0.8227740224928618,1.0,0.06202906974723277,0.022482660168437075,1.1822373354078062,0.44438880121565394,1.0,0.0
61,sp3,zfp410,1,0,0.0001,11.831053372157475,21.27778190129378,24.301998319149384,8.188166823228602,1.5771843375313392,3.0519779089602492,9.999953002840948e-05,7.957208862962183,0.3848223870896396,0.06489936822555684,0.5552353328205649,0.8463077428409329,1.0,0.21703431851785923,0.040480773149067326,1.752799674900218,0.8265644664199849,1.0,0.0
62,sp3,zfp42,1,0,0.10565298517325306,9.61922451261124,70.35092264894529,122.2268064891221,5.114958910990114,1321.076853680616,13.70352412075251,0.10549455349848665,8.917425000551567,0.07270635150748515,10.808405223269814,0.5438228447508904,0.2520151332782472,1.0,0.29881281256499426,0.15782623806369145,9.129793515535745,68.58141213815865,1.0,0.0
63,sp3,zfx,1,0,11.219960464497673,1.2063599815956692,0.00010000000000000011,18.00193178950103,4.3060022382003265,2.391918727853763,1.067022362240775,9.999910873920596e-05,1.1305955969987347,43060.02238200322,0.13287011393125944,0.5417700640056058,0.7770942799777862,1.0,0.1924173535107397,0.029079644306914166,1.3590703918321443,0.5611430176468167,1.0,0.0
64,sp3,zic3,1,0,18.59907261809923,3.3619841490441233,23.292780798772256,47.129369213497995,11.827639905726143,7.762965642440346,2.401719214696058,10.341488528634931,3.1381252768672248,0.5077813597228188,0.16471609469827167,0.5625579584578558,1.0057560292416896,1.0,0.15560873997694707,0.038030608231753235,1.028920019204477,1.9649875785310433,1.0,0.0
65,sp5,spic,1,0,2.020855464993729,1.630230956923779,130.73997242466385,2.9762679239160383,954.2740548919355,6.06394091082747,-1.5476668756672893,1.990094457584305,1.0532954052911039,7.299022916972205,2.03743112711735,0.9637536532006923,1.9515552998672825,1.0,-0.07049915926499506,0.0605341082355618,7.632899219595375,2.170612483369136,-1.0,0.0
66,sp5,srebf1,1,0,4.7917022845888,1.059040439865985,13.147355898699637,1.0807609428216935,106.74936073088756,3.046038483589412,2.410507549245608,3.5117905662844997,0.5348952260411368,8.11945470658825,2.8184202101499833,0.8839798404250417,0.5199578947368422,1.0,0.2229291274324766,0.08615311350404381,29.553716273685303,3.857267707903275,1.0,0.0
67,sp5,srebf2,1,0,5.573612183734288,0.517212928284347,16.73281376965964,2.8213638401244783,136.43109529060516,2.765740127833256,3.7680574804607083,4.18095731201358,0.4370862061086683,8.153505869884565,0.9802848142092981,0.9155441841504499,0.6760017777777777,1.0,0.19900484665738222,0.0751159783624673,15.299348939840769,3.964095595376982,1.0,0.0
68,sp5,stat6,1,0,2.4981212619567907,9.999999999998899e-05,90.24126960180485,32.8085229088491,681.8947309624881,3.059729769741949,21.245315157591605,2.4308293617047356,9.999969520206962e-05,7.556351256707608,0.09326021102024927,0.965731314878893,1.015231644584259,1.0,0.08956040143331953,0.07023590740350283,19.304154829824355,2.810889755180786,1.0,0.0
69,ahctf1,brf2,1,0,4.152653161867931,27.846725898490245,89.83706171856217,44.45826622228343,16.804003642155607,20.541903116576496,2.716557714200132,3.969180658469985,17.122153216559774,0.18704979126319263,0.46204912746418475,0.5141223725244248,0.771438903438849,1.0,0.3160599881206322,0.05525985702555853,2.1832136467554975,2.667056491178757,1.0,0.0
70,ahctf1,cebpg,1,0,2.0445688813825367,4.889659072444125,4.356863198204901,7.125181667561385,8.374532290376086,2.768683944029228,3.6069847259286147,1.3915490791342797,2.899722929127075,1.9221471754785715,0.3885773125805532,0.48890214517637365,1.0877274012630787,1.0,0.32318740287991277,0.054586310480896946,2.3011515062950396,1.7941009431802457,1.0,0.0
71,ahctf1,chd2,0,1,10.16732421033595,1.6887695255429738,5.9358497287913625,18.452653176920197,13.090609776355791,5.7903498713994015,1.7287657522614053,3.747814492012323,1.5471736436366839,2.205347233246293,0.31379497657506117,0.5077252328117398,0.6451225201833745,1.0,0.2970044910556605,0.054953775934208485,3.0225961445490785,2.4676874556475292,0.0,1.0
72,ahctf1,ctcf,0,1,0.8351611125450695,5.796923586777254,232.33077478859815,223.81012086236174,9.30513110923132,624.1611866989858,33.851397521513604,0.8321697060979322,5.650567785057162,0.04005122058280149,2.7887978626437144,0.49332904947762185,0.47442296624469477,1.0,0.43787651413374523,0.11347019856003512,7.073365425204134,14.567586513316876,0.0,1.0
73,ahctf1,cux1,0,1,2.11129077119555,3.7585715752188364,17.907974436878934,14.293731227363626,17.975654170525413,1.4154993492195653,5.369223230602078,1.8886278175753735,2.9760198730602565,1.0037793070279966,0.0990293805517878,0.5210158129217264,0.8716416762783544,1.0,0.20877117869720088,0.037346846821392304,2.912054117936531,0.5411093186040163,0.0,1.0
74,sp5,tbx3,1,0,1.1158546731681096,3.9438972139790507,24.294561739396674,12.805281165952191,190.4834507586671,25.54436003470679,1.3780683937158267,1.0668538369985998,3.0152352293966422,7.840579830249595,1.994830078594946,0.9301110294264626,0.34917830691759555,1.0,0.0037650991623771725,0.11944342588422856,26.689856412105534,9.534640683248643,-1.0,0.0
75,ahctf1,e2f1,0,1,1.7180035460918852,14.346489119600085,24.34180277902093,8.224882358747852,10.331636847226731,18.910841898238957,1.684343866826549,1.6047434493911659,5.227780925184763,0.4244400852730221,2.2992233898793324,0.49646380810252405,0.6717122305290375,1.0,0.3713243302784271,0.08276570244959555,4.716771881892029,5.314937280738245,0.0,1.0
76,sp5,tcf3,1,0,10.305696400382766,1.065691612789475,7.64106048067493,16.53323398543828,72.87430790197439,16.93896964662493,1.8446733631054197,4.387781592668329,1.0011593430647712,9.537198152832504,1.0245406108414121,0.8772875836318333,0.40428233617037346,1.0,0.317895642061231,0.1395071589777728,20.291041456017258,9.919016637998077,1.0,0.0
77,sp5,tcf4,1,0,17.25455682322172,2.005610903815509,4.78608496996345,19.91314285526535,60.91666009273421,11.177103855988213,1.403070661891478,3.7467953905287614,1.8220933944846163,12.727868492731632,0.5612928073296481,0.8509578344642229,0.5319057856776312,1.0,0.3525785745849178,0.10641758296863896,20.783459846968782,5.999151371917463,1.0,0.0
78,ahctf1,ep300,0,1,4.738395363717317,1.076766693511153,5.104025915318782,13.161053207504821,10.501812108300603,2.0883717420041488,2.2471056776929617,2.4572096690224234,0.9953338252549527,2.0575546211043667,0.15867816268786888,0.5024530306856033,0.7749105310939939,1.0,0.2176823364185219,0.03417344281961017,1.9940004227217782,1.0986143036125187,0.0,1.0
79,sp5,tcf7,1,0,19.155512825749103,1.5430775688597342,7.463562062087537,23.674990163229438,77.8445598371455,8.612799165649522,1.473873665469533,5.3708988538673985,1.4486576311859127,10.429947415131776,0.3637931465342866,0.8712572124515979,0.6087795107115037,1.0,0.2679887066676074,0.08458905663269592,18.816035329181577,5.264248536496279,1.0,0.0
80,sp5,tead1,1,0,8.74014153605726,0.5071008298809955,15.693586537550019,4.87234321531039,127.75254500925956,1.6400459482613474,3.086532062379548,5.613722438644611,0.45929825967007215,8.140430149831351,0.33660312416166055,0.9037707644412439,1.0245746691871456,1.0,0.20329758695778738,0.07005827172871486,7.128788731174,1.4068828673939526,1.0,0.0
81,sp5,tfap4,1,0,7.49364331345452,0.13184692292022826,33.16713456102614,2.4321693436434337,257.63737436207794,3.705952959479389,4.069098305144507,6.112590292712257,0.12506708641520076,7.7678514521064805,1.5237232428593168,0.9457673874529592,0.6057218420822328,1.0,0.31995264462921247,0.1022433030966141,20.27713179147264,5.246135050294402,1.0,0.0
82,sp5,tfcp2l1,1,0,23.414684252531853,2.8830287151939995,70.6127783093575,80.26553988689298,529.5651411791914,46.12771561919999,4.15998779786799,17.58396816482605,2.783064822701633,7.499565289148441,0.5746889098883697,0.9521312135031944,0.2933167148368578,1.0,0.1941982132113061,0.14611317876659902,31.520134788824933,11.786069964924973,-1.0,0.0
83,sp5,tfdp2,1,0,11.59768123350926,1.341953080404958,33.865648524438114,40.636853756970794,261.61537204350464,10.688554015378868,4.049487727555139,8.639116370129889,1.2990543368321659,7.725095589258179,0.2630261210501654,0.9426066892878157,0.6314967408297502,1.0,0.18664464198144567,0.08631829182385514,25.79278469120439,3.104408638442414,1.0,0.0
84,sp5,tfe3,1,0,9.297214080325027,0.8218836231422721,13.123279980725714,19.59786012985051,110.26975920193989,4.961881267428771,2.5064463894108577,5.441893612362825,0.7888032525871584,8.402606616935259,0.25318484949645464,0.9033861634012803,0.8873056364359928,1.0,0.16448714591406388,0.06664494596100747,10.755406713270862,3.451641898987365,1.0,0.0
85,sp5,tfeb,1,0,7.564961277874667,2.38785267977222,26.394936834155175,35.082704610688204,204.0846065078712,8.533494821296735,4.79464862362145,5.879778391078236,2.2356841284454694,7.731960405519317,0.24323936583546477,0.9305099560859641,0.8993720580576055,1.0,0.1874353803827095,0.0825247695712586,16.397780616855357,4.240323403450097,1.0,0.0
86,sp5,tgif1,1,0,89.59364305314584,4.659128737344397,23.08351171104023,95.43118745457855,201.92777795587293,90.85010354863489,1.305266249383294,18.35452725958783,4.442249808222779,8.747706175889011,0.9519959456846948,0.9154158552824291,0.3243494645269177,1.0,0.2670320062719846,0.1503868614591511,44.82595088877939,19.952277897569928,1.0,0.0
87,ahctf1,foxp4,0,1,6.9770935865024,1.6380931059284896,8.59532167603701,16.046488792569214,14.414539779194556,4.507577263824939,2.4597796682324073,3.851063738588195,1.4863592940073609,1.6770215615526067,0.28090738865640824,0.5140534615297981,0.58685923685296,1.0,0.3169560051717598,0.05902063077153446,4.6903505581241545,2.760420524429203,0.0,1.0
88,sp5,tgif2,1,0,3.9367315875621056,0.7563459590984325,37.69049580268868,1.3418432313927902,277.83012658375804,2.5259996257018087,2.5060585292040756,3.5644306546361983,0.48370171308046556,7.371357703496669,1.882484903307149,0.9204178207105294,0.7025077977369486,1.0,0.16372074201773001,0.07479408469694442,13.643110170063737,2.148605616310306,1.0,0.0
89,sp5,thap11,1,0,61.61775440056378,6.164367145441333,9.132372107897442,56.152099802164905,108.18644870723853,27.333606277433415,1.268212940080602,7.953572515120331,5.5545857479217124,11.846478377034336,0.48677799002593286,0.8802346017854012,0.4819517262344706,1.0,0.2908630817929712,0.10770226485424989,22.569839036706753,7.370334870566081,1.0,0.0
90,sp5,thra,1,0,3.6869148614174403,0.27915877845562026,22.267567426367982,22.166314274027762,172.1287711444653,2.059863719165458,7.004424734318274,3.163177148423719,0.2756868256299162,7.73002132871686,0.09292766012881976,0.9152199249077411,1.2326285416962304,1.0,0.16959098048283525,0.05847874969825605,14.334415689608374,2.6574578848965684,1.0,0.0
91,ahctf1,gtf2i,1,0,9.828625556940317,0.7457963067205158,9.563660444248882,19.890831236748355,16.004354583373026,4.598850997086309,2.047019652506716,4.847166417331072,0.718843640644319,1.6734549157898284,0.23120456567898087,0.5152736196485299,0.5581534671481763,1.0,0.30503681563941676,0.05449518389496421,3.479944887560447,1.7895652406016276,1.0,0.0
92,ahctf1,hdac2,0,1,1.9060331860983983,20.187035724184817,40.01290609172527,19.48225211339174,16.47767777814319,69.07755660389243,2.0469035305448493,1.8193668112068382,9.914191578404719,0.4118090733117432,3.54566588102049,0.5136369802725188,0.22505586404543068,1.0,0.31413163306361647,0.1061942614572963,7.331020387526891,15.406749474931129,0.0,1.0
93,ahctf1,hes1,0,1,6.049826386677958,2.093060939727517,12.233476170120367,18.30225414973958,17.569261009978312,10.40442455712458,3.3677323735327973,4.04797802283651,1.8782614096297692,1.4361626054326508,0.5684777662904776,0.5198715362235504,0.6388689919751364,1.0,0.25626790458278303,0.06663241124293065,4.672827190648691,4.187314850182988,0.0,1.0
94,sp5,topors,1,0,27.455424261579843,1.9811815691836754,7.908217214776484,34.50380164756063,86.81851866740325,35.411537400038895,1.3395113180844973,6.139737021414596,1.8736008588745714,10.978266821652682,1.0263082822510499,0.8882895690809041,0.28800145929205484,1.0,0.22738780903611655,0.1381037869729252,19.364435801750233,12.51906130243556,1.0,0.0
95,sp5,trim28,1,0,50.4599380652862,2.9469593923254838,20.75883113181994,65.10393859906266,174.8302271516708,232.9073168954814,1.4582207508754053,14.708051613758192,2.8193406552279305,8.421968753514463,3.5774689198117837,0.9119824432548067,0.23873570489626733,1.0,0.31294571071779903,0.27539979356991573,52.122175587216034,70.35611886818107,1.0,0.0
96,sp5,ubp1,1,0,5.757371178773714,0.275419406975959,13.800502007427687,16.079029042256238,114.97601935042064,4.360220017218004,3.455202294010562,4.062538485331333,0.2707811674184183,8.331292534759852,0.27117433557456716,0.9125279210962712,0.6292039514704905,1.0,0.2222237092103526,0.08271756280476815,11.73072353150573,4.024406622428583,1.0,0.0
97,sp5,usf1,1,0,13.115338229745587,1.0697059417405883,12.797113470830965,23.71038075106094,108.34803592799128,14.201750125050058,2.0570863548899077,6.47713591418473,1.0235289119351387,8.46659961052575,0.5989676114507183,0.8908410170863148,0.44408096429174015,1.0,0.2730821675982385,0.12846359032097812,16.612420669733915,7.791182005396177,1.0,0.0
98,sp5,usf2,1,0,291.3198894039962,29.116029564538213,3.2609091460960844,152.09128878354514,155.17870494236425,33.459887586019505,1.2047742935813137,3.224811992067612,24.43772415540113,47.58755855806104,0.21999871165296847,0.929506600713908,0.6931002506159862,1.0,0.27827647534048,0.09131194070100883,17.930046092387613,5.549214317750775,1.0,0.0
99,sp5,vezf1,1,0,2.432544406130882,0.47086996606537956,25.147994485138643,0.4164615384944411,197.2085665329077,1.3230737108822852,1.949166679729462,2.21799920412717,0.22099883695180234,7.841920223477434,3.1769409383285594,0.9412412609363202,1.1263915143877334,1.0,0.09071194774165163,0.05189200108961377,9.19480185133233,1.834255380862432,1.0,0.0
100,sp5,xbp1,1,0,125.87423367476127,8.722568670115255,20.251912286354077,112.1901621661589,198.6819830667243,37.97286977873208,1.1791979235044892,17.445159610051242,8.09332802954202,9.810529507408445,0.33846880194800394,0.9297427235529826,0.7015980786824447,1.0,0.1381975253880731,0.08612904920638705,16.224962195695497,3.8112220329820534,1.0,0.0
101,sp5,ybx1,1,0,123.34602560337731,10.739672172292014,11.26460965493931,95.79660765710724,141.2513071878793,1775.7971808873065,1.2039411970090867,10.321954340709134,9.65703104240647,12.53938764988127,18.53716143314349,0.8897533621769529,0.2823209342411756,1.0,0.378010806255614,0.4542864439434904,118.4064303010686,400.760653731763,1.0,0.0
102,ahctf1,max,0,1,2.325555951117846,20.9509082121213,45.91852561845539,18.033978142312346,13.136551251179785,29.901652965418474,1.9550124455179692,2.2134549367378664,9.691658898885526,0.2860839078400199,1.6580730402052286,0.5078781502462417,0.4388544733504358,1.0,0.4210522761462728,0.09209380178021241,6.400003407480385,6.644504426716308,0.0,1.0
103,ahctf1,mybl2,0,1,2.45074989587751,15.422068721928897,52.53497843280695,34.93467303215751,12.19537575321843,181.68805047491344,3.4175620863136302,2.3415183691758736,10.698963227427814,0.23213820804773916,5.200794360023603,0.5066011811579111,0.24812634619337026,1.0,0.4759357662255463,0.14563045325389784,12.27538837534709,31.895474359742597,0.0,1.0
104,ahctf1,mycn,1,0,2.58921868700337,19.137527993167865,20.541644936134045,1.4935719010999349,13.361222368508761,26.56738336097971,1.197751817617739,2.2993871650008146,1.385445963307589,0.6504455904115805,17.7878168044098,0.5109580102468254,0.5384340415796849,1.0,0.3511028602148613,0.09223998930360101,5.194465038501861,10.878263400000638,1.0,0.0
105,ahctf1,myef2,0,1,5.509583718366975,1.540361176193652,10.374073838998784,14.729996859490491,15.412155540681814,4.373662276414662,3.1843895084781844,3.598467677237163,1.3945307926261326,1.4856415888176542,0.2969221458860479,0.5129467711636868,1.4052372685185188,1.0,0.1295462382274361,0.03378188765977123,1.587538991404932,1.8856006302773984,0.0,1.0
106,sp5,zbtb7a,1,0,3.9776349700351012,9.999999999998899e-05,26.151860597822118,2.6999616013583108,206.3887884440306,3.2769124100655804,4.894875930638246,3.4525156589861328,9.999629638078453e-05,7.891935171190776,1.213688523724565,0.9421820608674275,0.7339279891000022,1.0,0.1474328671279306,0.07171573186610536,14.707960636640948,3.0266421766408205,1.0,0.0
107,ahctf1,nfib,0,1,12.18120218134724,0.5164077529605052,14.487535886145679,4.746327793142216,20.665807400065194,2.419973900069281,2.4275388656597188,6.617321123033338,0.4657350628772644,1.4264542681704588,0.5098623621330594,0.5201657678433025,0.8050035953552283,1.0,0.30626181741636044,0.05607059695447447,3.5537437416338857,1.8366429444957277,0.0,1.0
108,ahctf1,nfic,0,1,1.3061286248616546,12.967666816108276,34.655807472425664,28.49185982681493,14.449361798003322,8.165535342547862,3.3176421388340613,1.2586903562415266,8.911653728889412,0.41693911790975124,0.28659186842071016,0.5129451594381502,1.2354193273733505,1.0,0.13066609304496615,0.0281596342260142,0.6579726206017478,1.5372591808479723,0.0,1.0
109,sp5,zfhx3,1,0,2.79889986661377,0.019409353744159558,17.97799663304121,8.219955390268568,142.86860339655414,1.922751283117266,7.432928450099078,2.4218541195042023,0.019363631407004905,7.9468589472299875,0.2339126177489443,0.9144233845898299,1.146676466295532,1.0,0.11632283341407439,0.05804612683456693,9.962768855805974,1.487823221117159,1.0,0.0
110,sp5,zfp110,1,0,5.1440628076196155,1.5154150501469539,14.889266925272826,0.8386036225652955,124.21598554999608,1.931592093411436,1.959381723258545,3.823194907897043,0.5398566143398424,8.342652876962912,2.303343369186362,0.9192947105839412,0.6779031399431062,1.0,0.16342212752661986,0.05711603202215487,9.745531153120366,3.659835763159319,1.0,0.0
111,ahctf1,nr1h2,1,0,1.4064792460126607,6.731568107483333,49.99102326181575,45.15173384001397,7.22660058762237,50.090142550088245,7.6688640344367744,1.3679913084097968,5.85818481295937,0.14455796493252035,1.1093736228950262,0.4779606305834255,0.45125275526982916,1.0,0.38938443074685436,0.07929078937433148,4.939649973949749,6.134817137796198,1.0,0.0
112,ahctf1,nr2c2,0,1,2.6487396186531265,22.400947184212797,50.10122571240645,19.612703670199526,13.779286451514592,5.843027569441688,1.9746851834125154,2.5157381745120486,10.457152142721148,0.275028929044793,0.29792055535514267,0.5093830288031839,0.9492399620165857,1.0,0.22274742791070476,0.040789936670206105,1.0562471982931576,1.2399820510629058,0.0,1.0
113,sp5,zfp410,1,0,3.527061555449898,0.3635417733952652,407.03052540501875,0.13257235341176257,2991.045973644411,1.5794535926021827,1.3712834427915368,3.496760901872814,0.0971461723387742,7.348456164726585,11.91389872741027,0.9796156113001394,0.8418318780241173,1.0,0.17602020885299605,0.06409410329429555,16.740713721466268,2.0578840013177944,1.0,0.0
114,sp5,zfp42,1,0,12.578987426282906,153.22889162860514,643.87380212552,118.87538949925359,224.38247713868418,1333.153596895323,1.1077155357235142,12.337948120503404,66.94177724579887,0.34848828512352165,11.21471485823139,0.916439628467869,0.25032160306677426,1.0,0.31580520371079823,0.31272675158026986,70.81523451002681,108.89347425708982,1.0,0.0
115,ahctf1,nrf1,1,0,1.949956510183364,16.52710610947983,41.78188999370651,22.23959613465574,12.778201303435612,33.715147339504234,2.4551146452097328,1.8630100239134952,9.481233735970795,0.30583109824281185,1.515996384797935,0.5076744858069071,0.4927242059703972,1.0,0.3566094571173166,0.08268274843908495,5.527721560651484,6.83815128324709,1.0,0.0
116,sp5,zfp57,1,0,13.921931485355255,1.322457140045928,9.689014789482917,22.05029150805201,88.14040428439128,36.70815019764283,1.738878917950485,5.713019651547171,1.2476309861523516,9.096941866583233,1.66474670796249,0.8783887221417561,0.34095708406718633,1.0,0.22755344215484785,0.14850309704756942,23.235823855270347,18.414829800887603,1.0,0.0
117,esrrb,foxj3,1,0,1.9558653228431564,15.840663335993256,41.93104949643627,24.039992543324004,3.9089181030009335,7.19394926712678,2.6350462831448653,1.8687001808674013,9.548725317631439,0.09322252006435358,0.2992492303881586,0.7441299456881222,0.8609000986089596,1.0,0.21315943573223348,0.03151105598685333,0.654590055602674,2.0035380934782423,1.0,0.0
118,sp5,zfx,1,0,4.982395130368969,0.3806401794330792,12.714632291146506,17.03758946478383,103.83283890722949,2.7315103947055466,3.6299399031774513,3.5796589168880613,0.3723220581797547,8.166405172372205,0.1603225855600931,0.8935096860790419,0.7917645921268918,1.0,0.2368476383766795,0.06977973384489881,9.712502954381858,1.9936903381350728,1.0,0.0
119,ahctf1,pou5f1,1,0,1.200101661895707,6.831681072115556,83.34655588606664,85.48934170641236,8.174983895643646,2198.7252316108447,12.946682544457165,1.1830667602135465,6.326142194117369,0.09808424365871474,25.719290705988946,0.483149447981936,0.2628696956177427,1.0,0.5082332818537935,0.28126119521414966,19.4641917037374,174.1361165162765,1.0,0.0
120,esrrb,gabpa,0,1,0.598114705776746,10.396103990664088,17.41807046157374,6.8014766065728764,3.0794695030910106,8.610458321217237,1.7110375185998012,0.5782580492235754,4.111558465576321,0.17679739612287557,1.26596896810557,0.7356960550084491,0.558558534908402,1.0,0.1975372223753088,0.03075394739750678,1.057115602063801,1.5011362105713641,0.0,1.0
121,ahctf1,rad21,0,1,7.937001310217371,1.4555603118370013,10.340046409344595,20.337537432739875,16.22076780574229,11.78148333801189,2.467574405809732,4.49027453218486,1.3583434844622768,1.5687325920590762,0.5792974383931933,0.5162297667102698,0.3702156225293836,1.0,0.40505881728760934,0.0943517328517179,7.022131495803565,5.393696549727476,0.0,1.0
122,sp5,zic3,1,0,3.5732995472422324,0.0001,48.906713186982074,23.287547153960094,371.5227583048702,5.879630749798772,14.676811580005412,3.329997974146487,9.999957058779129e-05,7.596559533339518,0.25247960684424975,0.9540401965094152,0.9961703843052943,1.0,0.08274082864860917,0.07102246874993672,10.302056290802621,3.000532232615762,-1.0,0.0
123,ahctf1,sin3a,1,0,8.84256639256255,2.5091632308397793,7.79071169682387,15.363096860953776,14.124790312467802,4.9509893672288365,2.1882665740033045,4.141690234135919,2.1568910455279044,1.8130295231212599,0.3222650623138405,0.5123893175002235,0.610314205240054,1.0,0.37267427045536605,0.07573616282260666,3.3003942702812785,3.195221807249441,1.0,0.0
124,ahctf1,smad2,0,1,3.9659490563801616,3.930646193310985,6.743881402203575,6.821904595860228,10.469865561268856,1.7570026785291541,4.256385709915697,2.4973215203395345,2.493779741812829,1.5524984703686824,0.2575531002874718,0.5005897379422777,0.739185167312649,1.0,0.23663377647071843,0.04431418947771455,2.03164895639779,1.126446206839391,0.0,1.0
125,ahctf1,smc3,0,1,2.0498296459538623,17.887164747388038,38.72441259294584,17.603724739911467,12.637488892460208,79.99740649162621,2.0891827771373745,1.9467792556409629,8.87215646435539,0.3263442372980576,4.544345453792214,0.5061225872877269,0.23980567278006618,1.0,0.44142425972330995,0.12502664216443582,10.242016464851197,18.30733715888946,0.0,1.0
126,ahctf1,tbx3,1,0,12.221900804977489,0.908711043511625,6.765988983963635,18.58921232656106,14.344658566328215,15.953844983854736,1.629541101109965,4.355051937247706,0.8663600841336926,2.1201126103407963,0.8582313604035391,0.5099844072229767,0.33504246114404745,1.0,0.3178832206535064,0.08047682270705782,6.022349325944343,6.819345248286467,1.0,0.0
127,ahctf1,tead1,1,0,7.418633247664724,1.207157156892158,20.4993918131133,0.8462436590694025,24.450082844190625,1.3271588850376528,2.1660521581135157,5.447286093145668,0.49749132345692015,1.192722353282213,1.5682940377917909,0.5198349557130476,1.0054389394068157,1.0,0.1760661131544752,0.03705877767148747,2.1308369896582784,0.6234116918331244,1.0,0.0
128,ahctf1,tead2,1,0,1.6105838783918431,13.014505805240073,31.177473096853557,17.680114645333248,10.99261859622516,22.58632450505965,2.4803293626118443,1.531470302637899,7.496360968513028,0.352582089063996,1.2774987582459723,0.5022949731792291,0.5247810143719126,1.0,0.3136162487260607,0.06685894109504366,3.9967326856342695,3.567731300981153,1.0,0.0
129,ahctf1,tfcp2l1,0,1,27.458163581783317,2.1847245360045844,9.60221526875952,38.07327330136032,19.04484350415084,29.085112874220265,1.4271523023191288,7.1143146879415795,2.0661637144380824,1.9833801858319702,0.7639246734580366,0.5151945661486239,0.2808281722533035,1.0,0.44997615197919705,0.10602152480691651,8.400720054988678,8.14127882003369,0.0,1.0
130,ahctf1,tgif1,1,0,1.8417592461994992,16.814142079592575,39.656727655424376,21.54909166833911,13.26661219059529,57.32795731261989,2.3875687298507406,1.7600194678552286,9.444706652685475,0.33453623067108107,2.6603421710275006,0.5091110001340222,0.3182618465602843,1.0,0.3703339292296571,0.08574939644833894,6.634241986101071,10.31496309776847,1.0,0.0
131,esrrb,irf9,1,0,10.32059852126151,3.961619267872906,1.3089134343232653,1.7453201265038607,2.343211344333647,1.1035863642348525,3.684552670690097,1.1615938920161457,1.2115590098217883,1.7901958088963574,0.6323117160434644,0.7250956194311032,1.055649251377126,1.0,0.12508112037362254,0.024756597968852285,0.39828292911490565,0.4305849841664742,1.0,0.0
132,ahctf1,trim28,0,1,1.6025633909647232,10.834164768255281,23.52820178491999,10.469420157993484,8.143758565537409,125.58685947024352,2.1002657174278165,1.5003695499063228,5.324335008050097,0.34612753834664134,11.995588826794478,0.4864005297145565,0.2275906826818063,1.0,0.49922572577473073,0.1702745210907092,13.371777602462853,47.44361418116202,0.0,1.0
133,ahctf1,ubp1,0,1,7.280390223964671,1.2143173772797553,3.712969493233501,18.13129077046563,10.200139025481064,2.8645803676093418,1.6111259103505704,2.458926797248997,1.1380950801308576,2.747164781199994,0.15799097835193873,0.5007125021843783,0.5976593741908071,1.0,0.3339858610353613,0.051412598193097465,3.327823087301218,1.967287410879929,0.0,1.0
134,esrrb,irf3,1,0,2.99068730185001,3.060940773079347,9.400503850197211,18.52525191034403,4.673286756031316,1.6782678222948697,4.0116366977564795,2.268867225983521,2.6268967267897683,0.4971315187465485,0.09059352231306327,0.7467501955907473,0.9046874356969422,1.0,0.16869151059184984,0.023494669759865135,0.36491067859792037,0.4325813010765861,1.0,0.0
135,ahctf1,xbp1,1,0,5.992421425869759,17.38515013789815,171.53108983055205,145.14556111397073,17.129276374107974,99.58902467168708,9.649430374500945,5.790143348498056,15.525541926076063,0.09986105953754054,0.6861320725715346,0.5187609040325772,0.7171779310249757,1.0,0.2636339566036102,0.05640514270701318,3.137816325677109,4.791718093709158,1.0,0.0
136,ahctf1,zbtb7a,0,1,7.495555624802822,0.3262249521327177,8.953478705242631,2.8533281342502286,15.469975847212789,3.117353040808587,2.445405796952178,4.079953651020694,0.2927539842002212,1.7278173497139697,1.0925322620238127,0.5179937360624663,0.7292469779965884,1.0,0.22139150580858655,0.05060954571965236,2.4150602304241833,2.2397479837204175,0.0,1.0
137,esrrb,klf13,0,1,1.358309399454989,9.207171776351021,1.805598653821841,235.64514946752178,2.1862407426198542,372.9154917152659,2.1608309894157856,0.7751684251978772,8.860954874307433,1.2108121248275872,1.5825298868146813,0.7178038490779804,0.6219180423204129,1.0,0.35561431013484246,0.06444934198375135,2.3492402402929997,9.934293894119083,0.0,1.0
138,esrrb,klf15,0,1,0.7132769768234718,8.327501783933384,25.431637546840943,17.286744010631622,3.045950679576264,51.44336104697992,3.162130136821347,0.6938175884515596,5.62013001442658,0.11977013568104367,2.9758849332957924,0.7357138334322212,0.580470671951562,1.0,0.3065525002593818,0.07268355370970976,3.0800582436976005,7.767693546732665,0.0,1.0
139,esrrb,klf2,0,1,1.2409607975164374,33.7154670870412,42.28440919535528,194.91558559667058,3.0491336049499727,4071.2781836034765,6.976039916281955,1.2055795083688703,28.743558382802696,0.07211011488567526,20.887391693899616,0.7347783613512607,0.3460620881346067,1.0,0.37859624536468556,0.17290973908772916,7.742268673316831,133.4234261992819,0.0,1.0
140,ahctf1,zfx,1,0,5.586272766143605,0.8866560980050845,5.775634821669948,14.859721518820573,11.228861730575789,2.084481167194353,2.1552573427498807,2.839687901184059,0.8367297558799244,1.944177926285359,0.14027726997132847,0.5024226266462941,0.7707509115423267,1.0,0.2167764274296542,0.03438645905246161,1.950527615032566,1.1494820104745513,1.0,0.0
141,esrrb,klf3,0,1,0.5368045276663624,9.766145020981764,14.594960012093066,2.9494110052011666,2.814942414689682,18.846606070774754,1.3498914673206936,0.517761203263187,2.265286358218418,0.19287085489492825,6.3899558378061005,0.7341553741267569,0.4163595288574881,1.0,0.2956887175773999,0.06041044864683032,3.315060621554049,4.707557474125961,0.0,1.0
142,esrrb,klf4,0,1,0.7865284663615327,17.07216063314279,24.297660555922302,8.535929351484869,5.270657157550057,75.15230675932894,1.54445155799033,0.761866436114214,5.690653115058042,0.2169203551683246,8.804232517020049,0.7450428296719303,0.31536655997118507,1.0,0.24633874035571995,0.07806674499214002,4.033335049258516,11.148621913107377,0.0,1.0
143,esrrb,klf5,0,1,1.8093054791432528,17.041269756795504,44.84020380855694,35.65444312011156,5.432634029652381,82.17043530246016,3.217013140109543,1.7391314008551255,11.53029250515009,0.12115542678723644,2.304633815921539,0.7471812723081498,0.2980119738724579,1.0,0.2750941946855591,0.0680509190353039,2.566343160020625,7.13775952729626,0.0,1.0
144,esrrb,klf6,0,1,1.0261350944561216,17.8004437329003,24.319021941545383,8.390736454914094,5.134276519657018,28.43537368766623,1.5323726277850866,0.9845905409708618,5.702638486400997,0.2111218342578934,3.388900824195575,0.7511357888497004,0.6653096202803974,1.0,0.2511330418093396,0.05099131417193319,1.54269221673616,6.535545962667192,0.0,1.0
145,esrrb,klf9,0,1,1.2770482192255215,9.319130661144971,1.224567614438661,66.92922374099085,2.0808311027501767,162.88928982026871,2.0821679740616617,0.6251287149272442,8.180139571298453,1.699237410997534,2.4337543559541848,0.7160810644118137,0.26202153776997855,1.0,0.3292893542837095,0.07968116418286281,2.586544805073518,11.255913601157445,0.0,1.0
146,esrrb,maz,0,1,0.5929949193960276,12.49123113845265,4.563582781074331,91.39977290414313,2.4689660755918768,153.61373765938026,3.6337889130366534,0.5248018279979427,10.989360434707447,0.5410148547827257,1.6806796426122956,0.7296005944905165,0.36637071550690337,1.0,0.3454283085218713,0.06431682817151273,2.7493327687021165,8.769843764630043,0.0,1.0
147,esrrb,mitf,1,0,0.7802880526881216,13.162121054731063,30.525206177693104,53.43835346876768,2.970968567942104,33.22726599981464,5.1837677994609255,0.7608394076455863,10.560916905678495,0.09732837022123697,0.6217868598671268,0.734761377542101,0.5385422215162748,1.0,0.19923031007753958,0.04114686917722415,1.1586535740800934,3.9203247598455757,1.0,0.0
148,esrrb,nanog,0,1,9.872120991724666,1.0314032570495146,6.7926410866584614,17.09062154206329,4.891943314707017,29.721664948414617,1.7899360842791041,4.023926315025951,0.9727016113755484,0.720182805523961,1.739062846559671,0.7478246905693245,0.22719096630222496,1.0,0.2740311995652998,0.07020891503662528,3.5784356811112783,10.507068531440133,0.0,1.0
149,esrrb,nfe2l1,1,0,3.3508750224401846,9.080593549080781,4.19715943311251,6.761942439218809,3.2054808326678907,1.8000570803067564,3.1164547679821606,1.8632872958429132,3.8757968382192276,0.7637262495627394,0.26620414126369174,0.7394240570846075,0.8454286883426196,1.0,0.1604493096068967,0.02833346809700254,0.8628991671015616,0.834360763778192,1.0,0.0
150,esrrb,nfic,1,0,11.575094919641888,0.9166311734441823,30.367056139649083,28.82143679699935,11.338079653584051,3.8450737016882046,3.7387227622057484,8.380627802079978,0.8883773975443915,0.3733677575278811,0.133410201884471,0.7639740871573287,1.232049911103095,1.0,0.07519487539888892,0.01855575475667195,0.1441142767808814,0.32364041749809563,1.0,0.0
151,esrrb,nfyb,1,0,30.88471574525262,3.0439254757599428,18.70902919729793,61.74333428015534,8.704110854930521,25.150324582540367,1.6836925904470448,11.651127562508725,2.9009115199777735,0.46523583683260383,0.40733667651349736,0.7526460269226817,0.40023961209578307,1.0,0.3214483869774627,0.06312003904096823,3.1810183262855474,6.164265134124929,1.0,0.0
152,esrrb,nfyc,1,0,0.5384784356501912,10.316897225666683,17.28534320469056,6.009690296362619,2.940117459019658,21.316073162015147,1.6318082982649047,0.5222103742034804,3.7975698878900244,0.1700930912509638,3.5469503603067127,0.7340889504061006,0.43713339884717806,1.0,0.29469724134814124,0.05433946361638854,2.263510702984699,6.8110994982874535,1.0,0.0
153,esrrb,patz1,0,1,0.9269104288963771,15.06511236403434,24.00925401563757,9.040639626541957,4.096003507466215,11.863237333540594,1.6618786010949935,0.892455934296459,5.650031240255033,0.17060103178542865,1.3122121690053783,0.74372464664577,0.4431646934191421,1.0,0.21012208088993853,0.03972426405491434,1.555559295841388,2.578619401882912,0.0,1.0
154,esrrb,plagl1,0,1,3.3832031694162006,23.945487866649906,78.58207733459761,53.22070586921359,6.595992125135184,28.86280753768119,3.361319642668202,3.2435578999171555,16.514949162945605,0.0839376146427112,0.5423228998241709,0.7564227858125383,1.019759391635882,1.0,0.2087792199706496,0.033923482921726145,1.8829107206490994,0.9209952273268704,0.0,1.0
155,esrrb,rad21,1,0,0.00022586907470729925,16.046283955261032,14.03124369908674,0.0001,3.926798187254164,14.07122322499865,1.000022329653281,0.00022586543882021978,9.999937680663582e-05,0.27986102098060983,140712.2322499865,0.7459775071382784,0.3847849913525117,1.0,0.26643502597666474,0.051918310750312405,2.483367077532612,4.727313674536584,1.0,0.0
156,esrrb,rara,1,0,0.00010000002104959549,12.20166711135208,9.776205797515908,115.06250623877347,2.7081515342245606,40.965015523095616,5.533167168565171,9.999899816790407e-05,11.031811712325876,0.2770145791031414,0.3560240156605535,0.7340831624758732,1.0867459138491042,1.0,0.14227127470303083,0.027998418318059545,0.6556039501212714,1.046786877509384,1.0,0.0
157,esrrb,rela,0,1,11.42244513573679,0.673127224056905,13.39634379760265,21.09712676679168,6.618019851483382,2.4770277962793164,2.242134643377845,6.165449992688058,0.6523144094725174,0.4940168714293308,0.11741067035622726,0.7533400980889563,1.0721644200015916,1.0,0.1177448589744534,0.02354377677818066,0.06591655466883121,0.7943717654726248,0.0,1.0
158,esrrb,relb,1,0,0.4287367648643188,11.081990871690568,15.243253490845756,4.860617039002951,3.6629901729708316,8.78132245207492,1.4768039038627432,0.417007864415357,3.3787015247915697,0.24030238525985403,1.8066270972617533,0.7460454633931273,0.6309313771009378,1.0,0.18014039247750643,0.027964117352841256,1.0219423059709232,1.0289974972623699,1.0,0.0
159,esrrb,sin3a,0,1,4.424394030168276,5.459415458388087,2.332833714226299,3.8668341681738596,3.125470592718623,4.8582536139008585,3.6820462792568174,1.5274571094869742,2.2635737920446264,1.3397742726618678,1.2563904741214191,0.7316795459068413,0.6102589075562048,1.0,0.26594566248590906,0.03783694241403955,1.7281161411571302,1.2025283688062998,0.0,1.0
160,esrrb,sp1,0,1,1.9336111773384803,21.530311755521005,43.059664792312766,26.707997384879768,6.921557252116305,8.344780696763104,2.3410933366690267,1.8505131564775361,11.920639846401624,0.16074340767631745,0.31244501699282573,0.7494076070418976,0.9782891880156317,1.0,0.11546321362584647,0.03644860042862736,0.7214927911301878,0.6228314890597618,0.0,1.0
161,esrrb,sp2,0,1,10.379919261275253,1.3321350329421318,36.6436387298201,37.40810184652898,13.282445588941446,6.802559686372079,4.6915690401503936,8.088669333079778,1.2863277821627204,0.36247616364944596,0.18184722962636166,0.768473744375091,0.5759061086603182,1.0,0.19498262382575457,0.03416358502800699,1.7226093199294674,1.7903909532278834,0.0,1.0
162,esrrb,sp3,0,1,1.2282072762601843,14.917335830117324,31.048243719635018,24.516322611030535,4.886829458736389,11.93613378208389,2.748049430391092,1.181470628738116,9.274265492106233,0.15739471458883006,0.4868647705228643,0.7473364020069956,0.5625484404536863,1.0,0.14805748457090023,0.026477681819755846,0.928719697331736,1.527219646836767,0.0,1.0
163,esrrb,sp5,0,1,0.9920721242615307,12.823993585697885,31.321160135583426,25.384242873011036,6.525164423550239,199.74074588600843,3.073804648445798,0.9616137940077715,8.519821848702266,0.2083308662675337,7.868690308599916,0.7542476079358593,0.9295259058572377,1.0,0.128902735568786,0.07563023001486291,2.574296389844383,15.808785984905978,0.0,1.0
164,esrrb,srebf2,1,0,8.159166127815425,1.9070466718668255,2.257162385400037,18.23931071987983,3.7172839566705087,2.8283283058750235,1.4101233849191601,1.7680474321225068,1.726526345638113,1.6468837070451599,0.15506771880322778,0.7451251861704108,0.6768016362923771,1.0,0.23258748058911868,0.03485134678791451,1.4165018872497976,1.3901298548475491,1.0,0.0
165,esrrb,stat3,0,1,13.294883304687435,3.9101909569581825,32.77840722304243,2.1384429309246293,11.87401531359036,2.588720957900196,2.0507352195999147,9.458519110580768,1.382414668413576,0.3622511378540448,1.2105634994808459,0.7625201929352949,0.49046986477943527,1.0,0.17110244609700395,0.03401175083980625,2.019669659549731,0.6722402054388157,0.0,1.0
166,esrrb,tbp,0,1,42.75244409234587,4.102452724914749,25.416970670206545,76.1132221378295,10.941766526476531,4.175702096992424,1.680458346005115,15.9402515242323,3.8926418819721675,0.43049058317962074,0.05486171757951412,0.7591793332082317,1.1405624777500891,1.0,0.20999574046245628,0.03806798874474762,1.4034109749755985,0.9599346045283589,0.0,1.0
167,esrrb,tcf4,1,0,0.546889500737913,11.49673834087346,11.17175557957719,9.69514095660552,2.620584001800162,15.15239920417724,1.933529499994216,0.5213670854785099,5.259679766543358,0.23457226423667793,1.5628859107874615,0.729736723248899,0.5423452551136287,1.0,0.23198707074814545,0.04217551991423561,2.139610081767667,2.2103798888494564,1.0,0.0
168,esrrb,tead2,0,1,3.874706584976985,32.02612910176692,90.95478872798988,59.37231510425237,8.051777283588176,60.42489729630887,2.975447028836242,3.7163871605182206,20.804133430471964,0.08852505070038573,1.0177285017471234,0.7517408087438013,0.5388489402768645,1.0,0.23787708617943146,0.04459869176359758,2.94923616193977,2.7324856976272693,0.0,1.0
169,esrrb,tfcp2l1,1,0,0.7779205615946178,10.283755703614107,24.090712970873533,15.191480659419916,2.9692107434439103,34.664912162857696,2.5572238192335437,0.7535862772294718,6.132444608221369,0.1232512606427956,2.281865273044515,0.7365204632715034,0.2879099547747975,1.0,0.29761363120588713,0.05978554196064543,2.2105289569189583,8.241414093858735,1.0,0.0
170,esrrb,tfdp2,1,0,0.7398057491725007,10.307059981375849,22.089170254195157,10.086113193437196,3.006411713676574,12.189626888095223,2.0448291775813265,0.715831281529802,5.09769483996237,0.13610342439664969,1.2085554320396419,0.7378807670569806,0.6360954685389755,1.0,0.2668571665921914,0.04569172153133393,1.1199987241671467,1.761532001471973,1.0,0.0
171,esrrb,thap1,0,1,0.00010000000000021103,18.051422503903673,14.978040442172306,126.56701987571398,2.8149284785872997,46.489842136617014,7.374180968904,9.999933236059058e-05,15.798225407788596,0.18793703284854016,0.3673140300077304,0.7369449340610333,1.026558140207318,1.0,0.19028056318852318,0.03477690471309073,0.6660105512787534,1.0360090941013615,0.0,1.0
172,esrrb,topors,1,0,9.235585709196926,9.999999999976694e-05,997.3684974426218,196.20211040928868,507.4987623591781,41.97253428991886,40.16736157769242,9.15084927228039,9.999994903194155e-05,0.5088377702528892,0.21392498889212652,0.7525934451008023,0.29036942561678064,1.0,0.25571016631115856,0.06057339235631481,3.866668152761508,4.196987063301897,1.0,0.0
173,esrrb,vezf1,0,1,3.6553462741223095,3.021246001779334,1.31931714749983,1.4657514657522221,2.8398319073268827,1.2835638141631487,4.1661098644644134,0.9694245842921038,0.9869396601068965,2.1525013244226394,0.8757035856037333,0.7341418945699566,1.122742419119807,1.0,0.07324011606267349,0.013510434635765707,0.1514395718354935,0.12457987010272745,0.0,1.0
174,esrrb,yy1,0,1,0.00010000000000021103,19.81577544455155,17.747250843043496,342.7973066510911,2.8658337712183366,480.55850841245774,7.922255642873438,9.999943653583327e-05,18.732899575320438,0.16148043415646407,1.4018736410364623,0.7372499484521161,0.47957844683837697,1.0,0.26188853575722654,0.048286554927419637,2.4804843216149237,5.084079983693939,0.0,1.0
175,esrrb,zfp148,0,1,0.00010000000000000042,12.183430609544729,11.015272116542922,0.5200701826975638,2.975009832810253,3.066729188805677,1.0426961551856402,9.999909217774129e-05,0.4987789654689831,0.2700804665862347,5.896760265891019,0.7347516711243727,0.825849718030788,1.0,0.16013166629274583,0.03397388214297559,1.346042779585594,1.366454982362061,0.0,1.0
176,esrrb,zfp219,0,1,0.45705125742713715,14.129927347036771,10.492541309940986,33.994062731848615,2.669265700687415,23.26357762700616,3.5541763425836255,0.43797330081546587,9.981168141799195,0.2543964919307454,0.6843423750351206,0.7334040042639975,0.5492791243210836,1.0,0.21990063355091533,0.03632923526648219,1.4490275444248852,2.1085125151534143,0.0,1.0
177,esrrb,zfp263,0,1,7.729578899779526,1.3293797608363338,37.940535628076006,0.4480144569786586,13.761586710924213,1.4810623302666912,1.5895110587416639,6.4213625621244965,0.33508680612322256,0.36271461335776806,3.3058360220220355,0.770026783540297,0.8091756267159972,1.0,0.08778030247758775,0.018560839311571084,0.9866016653653299,0.6138006494885115,0.0,1.0
178,esrrb,zfp281,0,1,8.253076854280422,0.7114357933784025,19.074539447248714,2.192621382940197,8.243931986832907,3.4495816342616927,3.724832631092685,5.760606350775588,0.5371482854645331,0.43219559820208403,1.5732682628662384,0.7601050354670744,0.556197207589127,1.0,0.14193487116174586,0.028316458569192432,1.0191425374064753,0.3644781516931225,0.0,1.0
179,esrrb,zfp42,1,0,1.272137561504755,10.185616442031685,2.6189517909215585,119.39150178064907,2.2883526715941183,1299.63433756966,2.612083805122552,0.8562298737560422,9.384959784998339,0.8737666266047956,10.885484462348092,0.7226039096149389,0.2532754547513879,1.0,0.4008498388493135,0.14815542549764463,7.12481943979051,67.94946485922696,1.0,0.0
180,esrrb,zfp57,1,0,0.5659563202327058,9.332730373786406,15.604734428840594,4.808658953231675,2.8020624241034615,26.743285771088924,1.5702020866243267,0.5461484739643143,3.1735154469061184,0.17956489018644903,5.561485235528298,0.7356693891377168,0.33257570305936124,1.0,0.29346199505777243,0.0657472793987946,2.9266848872863154,7.565376026106487,1.0,0.0
181,junb,klf2,0,1,9.767350976164355,1.2874019450383245,150.2064728067915,117.5935865357908,7.044164908065442,2482.781924028994,16.03089885845715,9.170996254900619,1.2734602392259122,0.046896546975883344,21.113242628018103,1.5391489361702126,0.3424934072919327,1.0,0.2128374915557943,0.15972585714472123,9.704992065075015,77.64866362837117,0.0,1.0
182,junb,klf3,0,1,0.024943913260539574,0.10772670097900994,4.096656756552797,11.012047996678541,5.775547587366745,27.55479512479607,9.524595834786,0.02479295278217341,0.10668306093958849,1.409819745852147,2.502240739697753,1.5126559556786698,0.4307578913635635,1.0,0.11471695680379324,0.0489599111923275,2.4810266029336714,3.4230938072084776,0.0,1.0
183,junb,klf4,1,0,0.8509867790218169,0.00010000000000121023,8.044096796451674,12.38676641820242,9.481405400730406,72.47734827713086,7.322433916406016,0.7695734351307362,9.99991926945305e-05,1.178678680857339,5.851191976190413,1.5617274678959792,0.31060577510855647,1.0,0.07050191600787378,0.06941544596355795,4.515015873896752,4.932097137529475,1.0,0.0
184,junb,klf5,0,1,6.2030654753912176,10.454162698502921,56.17901087960364,32.969430161361515,6.312057171652366,73.85591376508934,4.6123309548211395,5.586253346967897,7.937339226998241,0.11235614641168457,2.2401331598276966,1.523853598568452,0.29440681747283465,1.0,0.2260732644208281,0.06455099562784368,3.1573298775921432,8.202402579280268,0.0,1.0
185,junb,klf9,1,0,4.216055318242299,9.184777296511513,59.386281142124524,66.71039341282176,8.459758487350431,162.10170812445776,8.84977953489616,3.9365825278432296,8.073242356961806,0.14245307711901264,2.4299318266844723,1.5474911769218964,0.26122722646034197,1.0,0.12241683913193055,0.0630352540604415,4.949135906531295,7.235080467593449,1.0,0.0
186,junb,mecp2,0,1,1.9307502323183887,0.4921952906974706,9.068198582893572,0.6824574185627351,11.14034744993369,1.3167140833766973,2.513543599932615,1.5918272568389655,0.2859588411707504,1.2285072220351527,1.9293717784616007,1.574777007209232,1.1222616699539778,1.0,0.05140405011132056,0.024971559486577487,0.4144155166480802,0.0693369515104939,0.0,1.0
187,junb,mitf,1,0,3.9948619880944305,9.999999999998899e-05,8.208210816672551,13.700319008598145,10.05976961424006,9.909091709518183,3.054343490968267,2.6870829918331256,9.999927009530553e-05,1.2255739818239824,0.7232745239946139,1.5654636854741897,0.5135670805941076,1.0,0.06151387138315428,0.023821622162494085,1.3647926842980218,1.1465193349842797,1.0,0.0
188,junb,mybl2,0,1,5.718232627071525,4.7895715154710725,74.63584972291409,78.50140174596004,6.223661374897281,355.8500788674622,14.887499486996422,5.311306389834604,4.514151570145082,0.08338702376944392,4.533041078922842,1.51912947755648,0.25244389655594374,1.0,0.1949549265765376,0.09023159661290808,5.351847206586859,19.087617552582074,0.0,1.0
189,junb,nfic,1,0,0.037666354002318325,4.150668916713852,14.682773133092342,71.9566057983747,8.845258694404944,18.802813349744017,18.223390991382573,0.037569974120109526,3.9243035328439313,0.6024242569320447,0.26130767482877465,1.5574033339958537,1.2527754083797977,1.0,0.02221964215590935,0.020561181157442793,0.05803711209281551,0.36075520781802184,1.0,0.0
190,junb,nfyb,0,1,3.1649050915391754,4.656045440724341,30.387593167673174,29.230963157632928,5.377738654194793,49.206058140118586,8.035649699212556,2.866369222136354,4.016308856033864,0.17697152336222932,1.6833539789560326,1.5053991718977116,0.41230419608797986,1.0,0.16070442348781028,0.04810474887947576,2.002668897528938,6.568701317065101,0.0,1.0
191,junb,nfyc,0,1,3.655167624100359,9.016526697418977,30.454991094004544,15.297294210570117,6.816734714892815,34.06691860039569,3.0202224803888384,3.2634881109475766,5.672841885684752,0.2238298049029729,2.2269898278387132,1.5302350635198914,0.448836804405418,1.0,0.17322279390948717,0.051656861685862254,2.955826727644987,5.928104806621892,0.0,1.0
192,junb,nr2c2,0,1,4.840966266636614,0.6969404802212658,9.990578209381917,10.640711630832,12.270954641326636,2.7500608232753825,3.263160512147111,3.2608911481884877,0.6540986265276332,1.22825269810743,0.2584470774780647,1.5834092424632042,0.9312304687499998,1.0,0.05582730672640833,0.019804279197907525,0.675761105413683,0.8017792127441326,0.0,1.0
193,junb,nr5a2,1,0,1.1182804718059902,3.583062718889689,10.759561795019406,6.297078790539446,12.765011863013884,7.472381335065364,-0.6498261073767392,1.0129960956095327,2.2836543617072667,1.1863877085517367,1.1866425025984524,1.5843281698837557,0.5300322535953718,1.0,-0.0029185502394608303,0.020467493570826032,2.3235400250996516,0.7811920276459764,1.0,0.0
194,junb,nrf1,0,1,2.3633902814612546,5.087717777802365,27.006740374171095,27.62685677336521,6.740069383407638,38.50859109769662,6.992813946627737,2.173210207426264,4.296484129139726,0.2495698958862046,1.3938824605925635,1.5345029266409183,0.49560042626546547,1.0,0.11254165472094635,0.0433851795383878,1.062642912937613,2.8383178614150673,0.0,1.0
195,junb,patz1,0,1,12.57167430622377,0.0001,4.3575698314790605,20.700384348442498,7.635045406782912,14.201889790775942,1.275070253574503,3.2359358895402313,9.99995169195159e-05,1.7521338044034054,0.6860688937809262,1.5457525835366355,0.4439997152011391,1.0,0.11034086769306009,0.03475992562049848,1.59088008586133,2.6576000105770743,0.0,1.0
196,junb,plagl1,1,0,5.461297094987066,38.71995148055435,112.55412325899351,38.81502761296356,17.593729550247062,22.28179319357348,0.18306702473218195,5.2085693932150985,19.3837156269508,0.15631350536810523,0.5740506851045428,1.6064546487472886,1.0122740784780024,1.0,0.09135367486576104,0.026213593600478945,2.381267931268896,0.8018670271026898,-1.0,0.0
197,junb,pou5f1,1,0,9.902857558728892,11.513447399959471,141.40901893169004,93.93152698998237,8.34494154379321,2431.5621449007817,9.79978073876444,9.254748566209171,10.256303834810309,0.059012795696039524,25.886539086712638,1.5514308361931073,0.26718995021423414,1.0,0.22466724549292752,0.19056594561700574,10.526311326312502,69.87309989399654,1.0,0.0
198,junb,rad21,0,1,2.1480487534039363,0.15189643528650293,4.663246292064356,5.457527863319417,6.453246182929459,14.122247229283243,3.206893680031348,1.4706278787833194,0.14778326327017305,1.3838527452241205,2.5876637889840675,1.5214097985189712,0.38536009037638874,1.0,0.12038454445396606,0.04436782902028077,1.7362508623694177,3.295199533364177,0.0,1.0
199,junb,rara,1,0,5.206849107468384,0.0001,5.821815402166657,9.785720819811498,7.989010834582322,3.6164574919792583,2.0872440238548915,2.7485933862739533,9.999897811331475e-05,1.3722542338956878,0.36956475241533837,1.547031367430086,1.0448101678344466,1.0,0.09262833995760947,0.029811261801278365,0.48743462142896593,0.5209220926646141,-1.0,0.0
200,junb,rela,1,0,3.721649970038128,1.1266382445103358,8.85619635857364,1.809111213239944,11.082528638161318,1.4303660490585244,2.9142043379628237,2.6204536175292232,0.6942737828079294,1.2513869599822474,0.790645726249674,1.5741958827883007,1.0510034602076126,1.0,0.0771591197507484,0.020445850009712066,0.7447006614037642,0.04803211900691193,1.0,0.0
201,junb,relb,1,0,5.101089964707579,0.00010000000000005575,7.880782076511565,11.531893659316442,9.829172950154097,8.112590899328184,2.5223302692563703,3.0966703597831184,9.999913284730702e-05,1.2472331876108658,0.7034916501136954,1.5700454251651823,0.6233095971941757,1.0,0.09561064882521997,0.02515919852523648,0.6004736844151405,1.2797788632970084,1.0,0.0
202,spic,stat6,1,0,1.4101396451067651,0.7226501630119841,2.4606768782637345,2.7720789085400916,4.7577684900667085,2.265980781877249,3.383491257557326,0.8964253404643019,0.5732184767756265,1.9335202163657559,0.8174301153175405,1.9043960233873012,0.9902882852672619,1.0,0.11802021611402175,0.03187121374331029,0.343911664294447,0.6127312896580436,1.0,0.0
203,spic,taf1,0,1,3.1966537270737208,2.568724184720534,24.139747669342412,24.416834812680257,4.5022893094727445,25.83929361787674,9.444287403799107,2.8228446472818947,2.324210297207449,0.18650937744434967,1.058257297315939,1.8871964802851413,0.4873696269736739,1.0,0.15468805518557477,0.04615447410589527,1.4818557278409885,2.0684572813901836,0.0,1.0
204,spic,tbp,0,1,8.443228109043021,1.023950809974047,1.6639905620227307,7.194611391658417,5.393882328243954,1.9546551105468104,1.35139099655425,1.390041350017727,0.8963767604598575,3.2415342077945466,0.27168320902127924,1.9176347252419477,1.1194437352071815,1.0,0.12036635428963713,0.030004878655488367,0.19498251901666458,0.48460060896676693,0.0,1.0
205,junb,setdb1,0,1,17.069960993361825,1.005583348787543,4.872730807788125,23.799509143535385,8.564188142857816,20.11843098221497,1.2160542862903974,3.790661855613206,0.9648176120070115,1.757574649756889,0.8453296604093913,1.5499322265854836,0.45772109898389063,1.0,0.12910248009103856,0.04443485620885763,1.3965548499774587,2.6299217135722355,0.0,1.0
206,junb,sin3a,0,1,1.4766890393187366,0.23483187368606892,4.047872914368576,4.249486897836827,5.772660863403075,5.316089972624657,3.7581345831347432,1.0819771079250327,0.22253435165237506,1.4260973566912356,1.2509957320566814,1.5046681987934503,0.6200866706036635,1.0,0.15611238119287216,0.03724541059136109,1.609192552768536,2.502504122963292,0.0,1.0
207,spic,tcf7l1,1,0,0.9215385029019388,0.5422689246017676,2.24489798062256,1.5593626757429981,4.739436565030609,3.2880584819810847,4.2266045043749365,0.653340098560197,0.40235116425760514,2.111203540624264,2.1085912425179765,1.903967224144559,1.0243824838694888,1.0,0.10950282770782754,0.029755639979623074,1.416986394663709,0.24866379089516893,1.0,0.0
208,junb,smad1,0,1,2.5234147674879956,0.02752598562584937,5.1188167684729295,5.593710566142893,7.117763405472596,2.4558626584042367,3.034456580690933,1.6901997492288248,0.027391196798213915,1.390509511751092,0.4390399948951347,1.5392543423780347,0.965752224922109,1.0,0.10128807653795399,0.01810351545329871,1.2566218317926987,0.5493106582430508,0.0,1.0
209,junb,smad2,1,0,1.0043697976069368,0.007888599950828674,4.327034637664974,0.035857590189177675,6.290417801851205,1.7824074180869747,5.0573611292163045,0.8151591116437454,0.006466075863929866,1.4537479656612464,49.70795328641271,1.5214662208902725,0.7426562889255993,1.0,0.059513950929725265,0.01900757277954919,0.23397112805061676,0.8052646723640775,-1.0,0.0
210,junb,smc3,0,1,9.999999999998899e-05,9.999999999976694e-05,5.658027564848654,22.61017682317579,6.658328169387039,80.51233894950103,11.781439585621145,9.999823263085753e-05,9.999955772300588e-05,1.1767931656524444,3.560889398572708,1.5364621036476216,0.24994400600236208,1.0,0.17776053053953278,0.0710451885732857,3.266573201959747,14.981053899312517,0.0,1.0
211,spic,tead4,0,1,1.5142407266173683,1.3032176954617607,3.025897599240562,3.224706330705256,4.051117948457757,4.396333649211609,4.099761995499639,1.0092065594670951,0.92812828319475,1.3388152822734334,1.363328377331685,1.8690651380157506,0.7251735576758662,1.0,0.21815528134901285,0.05220096821332476,0.9244864085862273,2.808764314523738,0.0,1.0
212,spic,tfcp2l1,1,0,9.308184521079122,9.999999999998899e-05,53.429346051026336,41.82094561853102,3.878567352607241,69.42328475831137,6.315985146369853,7.9271563185285405,9.999976088592926e-05,0.07259245413378472,1.6600123151579251,1.858543105368679,0.29706227502799537,1.0,0.2447497706689979,0.05794257093150545,1.522505421554663,8.804120191789552,1.0,0.0
213,spic,tfeb,1,0,0.1456008870932568,0.3416111413163173,2.926272016073614,3.7908695847936476,4.819690097908256,6.066553998992841,6.740874957565608,0.13869968414944747,0.31337188755909806,1.64704103768698,1.6003067009552818,1.9080564942486844,0.881286055591166,1.0,0.14732787514151446,0.03142007141113662,1.5193550853022573,1.5387054001918408,1.0,0.0
214,spic,tgif1,0,1,19.55593549194232,0.0001,119.29746469158133,87.11586312021572,4.014953334512932,175.93480897593327,3.849834287542734,16.801702520624783,9.999988521047532e-05,0.03365497619662543,2.0195496282135394,1.869605142332415,0.3333993076360337,1.0,0.2514873194825218,0.07335979598996666,2.8045766140249846,8.150682164856995,0.0,1.0
215,junb,sp1,0,1,2.526083600701372,370.4046867838225,4.058447884823905,4.271211880530972,6.4382867946256,1.23566416946856,1.6054898644309787,1.5569792123694268,4.22252112942202,1.586391393296148,0.28930060227191295,1.5246478989062802,0.9966682992543385,1.0,0.06251881934156919,0.018977632373748693,0.323141595917381,1.6714796075561087,0.0,1.0
216,spic,thra,0,1,0.943109876321961,0.6657288068239452,3.1036552215180517,1.1557901241320494,5.81128781018857,1.3996971701341965,2.9397176696288425,0.7233154930772361,0.42241821767589277,1.8724012157981156,1.2110305676692914,1.940091181396977,1.2066863905325445,1.0,0.049537700077105375,0.020966200790914973,0.9540502130049869,0.0,0.0,1.0
217,junb,sp3,0,1,3.820814135553117,9.59690977049923,35.827228439533094,30.020100941567193,7.158797385827114,13.963083154810338,4.5683150159342745,3.452608804084474,7.272133733950571,0.1998144343738248,0.4651244571758391,1.5404764123790469,0.5722902189775864,1.0,0.09337419310763458,0.024076441380513645,0.9434313006472856,0.37047602401491764,0.0,1.0
218,spic,trim28,0,1,4.03757014588819,2.727537511253342,22.603554373251036,15.582637773626752,3.9383423186787887,147.4649637069853,7.753176894116976,3.4256600641175763,2.321235509249171,0.17423553188340188,9.463414721515651,1.8718759715498479,0.23498308375690521,1.0,0.3026743846223763,0.10610660534901625,5.5808609475761894,28.339427891730608,0.0,1.0
219,junb,sp5,0,1,0.11159330439005521,1.1616945809678432,6.606924418223912,29.09188913513023,8.509171361745704,224.97508705876749,13.228643857616193,0.10973976078135482,1.1170871614927098,1.2879171643427334,7.733258091757827,1.5537349471105861,0.9411001113833815,1.0,0.034445193105765,0.06688340076510622,2.312730796082334,7.484917265175934,0.0,1.0
220,spic,usf1,1,0,1.3857931104883094,2.0286969899405656,3.5789903709378006,5.257057460889472,3.8253828572626913,10.081146103094389,4.9621392342539545,0.9989841887576014,1.4638122542870005,1.0688441322238955,1.9176404629575232,1.856667449193891,0.42845508409211763,1.0,0.20261959364124263,0.04208878674940166,1.9225011002803267,3.420252069257548,1.0,0.0
221,spic,yy1,0,1,50.48918255918983,1.5932718922615783,288.0486880036627,178.04595548491403,4.181855357197025,250.7324230349932,1.479522783138819,42.9592788847295,1.5791407063300065,0.014517876773470502,1.4082455417317128,1.8784609484461736,0.48684008299392917,1.0,0.2527031458726704,0.055393320028526045,1.8117177611100308,7.261652767081775,0.0,1.0
222,spic,zfp148,0,1,2.929982967516873,0.5924752624133004,2.8888255770497615,4.378551537571182,5.644356234490209,2.539118156215943,2.254678481723348,1.454629357892594,0.5218606890674465,1.9538584396827992,0.5798991137659218,1.9276259726022704,0.8147206844995541,1.0,0.11983107216373647,0.022408208956211262,0.6843275725307396,0.5868635908080446,0.0,1.0
223,junb,spic,1,0,0.8366560202920489,0.038632935670466564,6.564996020507747,2.030764907559856,8.783679324652798,4.12266022217401,8.51548201069695,0.7420834448139816,0.03791170957882794,1.3379565345073057,2.0301021584658714,1.5586077160165799,1.8593514127905943,1.0,0.11420613325626713,0.026374722830231324,1.4933112636437733,0.44837869535888886,1.0,0.0
224,junb,srebf2,1,0,3.528472369892225,0.7484814857130108,20.793676797677787,2.265320624907078,20.503280610710974,2.703620870096359,3.0861802933128324,3.016588441407268,0.5625951820034782,0.9860343993131968,1.193482653347254,1.559543674093277,0.6744329153998436,1.0,0.08635751942500978,0.017562211652225976,3.082500534868905,0.5609022142217208,1.0,0.0
225,spic,zfp219,0,1,4.816689140169347,3.093079344100858,30.923990198334963,27.256088713290893,4.393683436914561,18.599069749160968,8.222643482333922,4.16755502457824,2.7778436904970603,0.14208009408666575,0.6823821988842992,1.8817539097900204,0.5438084641215083,1.0,0.1533012630833084,0.028475628134858138,1.1761055349202032,1.5377055339742465,0.0,1.0
226,spic,zfp263,1,0,2.756208963029754,1.524233573169347,2.8034152244293358,7.184895254422035,4.094651929178053,1.489829519661453,2.445016796169059,1.389805840850832,1.2574688907804277,1.4605941686756596,0.2073557744275421,1.8625074706155786,0.8191047832667563,1.0,0.12204646070961779,0.03107918864317257,0.4424598002427805,0.388127408972323,1.0,0.0
227,junb,stat6,0,1,2.589477068999183,0.0001,6.689053824137049,6.985721503689083,8.641069512151404,3.263423821863636,3.559499017775143,1.8667989243553045,9.999856852912792e-05,1.2918223921252694,0.46715630162757815,1.5553474203882987,1.016844185889805,1.0,0.09574218677899145,0.03017124690524838,1.1313648289895755,0.8759757225957415,0.0,-1.0
228,junb,taf1,0,1,1.8333897132136585,4.840308606562622,18.253970653396426,17.563294669454084,5.949738500122619,20.175130941222942,5.093430028012428,1.6660547434032418,3.7945577459479485,0.325942153249577,1.14870992720468,1.5155995310131831,0.47763674747502505,1.0,0.11233288382294696,0.03623869877477644,1.1390721534980635,1.1783913107404729,0.0,1.0
229,spic,zfp281,0,1,1.669510774668648,1.1459356497217768,1.9324689561731352,2.149045084135459,4.393174535449037,3.5548644970002683,3.3079373991823067,0.8956956965689928,0.747399628005491,2.273348051162919,1.6541600375174805,1.875533908500941,0.5565025721153651,1.0,0.11149141225323243,0.03048788924073476,1.747228905040318,0.08176178240270081,0.0,1.0
230,junb,tbp,1,0,9.50611512584101,0.00010000000000004734,4.306866679748313,11.422422149685971,7.5801924233511695,2.3429772582130735,1.4408449517232205,2.9639922114984163,9.999912453665414e-05,1.7600248596026067,0.20512087782340344,1.544206523127721,1.126092384519351,1.0,0.11489903002034572,0.02429977304297544,0.7673522550903487,0.6784308934885119,1.0,0.0
231,junb,tbx3,1,0,3.344851811059965,0.0001,6.380459395003447,13.923314142402717,7.962319013496124,24.231257191404445,2.907567089734248,2.19444814778431,9.999928178535108e-05,1.2479225272919119,1.7403368870066238,1.5500822814726636,0.34436487578938046,1.0,0.08305292538434711,0.044128543938773565,1.719714365686286,4.00900661926211,1.0,0.0
232,junb,tcf4,1,0,21.43889798678593,2.7254513126249864,3.857954141288867,25.327844042250256,8.145054461528517,20.72030659587825,1.0969883333303798,3.2695880441581626,2.460666560476488,2.111236723723059,0.8180841038547926,1.5485488312972246,0.5452647872685688,1.0,0.1419935794548071,0.04174212814174601,1.983065668514659,1.0197468682290707,1.0,0.0
233,junb,tead1,1,0,1.2248327346961896,1.6635125029449016,7.200852769974147,1.0831984452110408,8.953672453788178,1.4808902212387327,1.8973906821387532,1.0467801326673363,0.6560261311765603,1.243418347771652,1.3671458150498075,1.5549164804213753,1.010784024913728,1.0,0.014536791114622086,0.020982927053488254,0.3376604084042027,0.15082155200581088,-1.0,0.0
234,junb,tead2,0,1,9.477006420960532,9.474794319267751,122.42250469635826,80.84259079776288,7.752981244985858,76.40606706145701,10.270308508619328,8.796081602194207,8.480835877312142,0.06332970612074472,0.9451214552561242,1.5436034757491441,0.534745269254527,1.0,0.1715246965039173,0.040888932959156174,1.730976140694,2.7212974941057704,0.0,1.0
235,junb,tead4,1,0,1.5102115667330456,0.01532430291298846,5.886189978900526,3.6916119969599315,7.69017543589034,3.438752238000518,4.853506285834719,1.2018536494103034,0.015260952954755547,1.306477613440329,0.9315042428165135,1.5404702848179868,0.700386904761905,1.0,0.1096527493362067,0.03137911311477106,1.8337220113021004,1.5015138230456058,1.0,0.0
236,junb,tfap2a,0,1,1.2153570004494956,0.193442110196419,10.80519563081763,1.7173840379877814,13.389241767709066,2.1397126018756354,3.83090132377928,1.0924764071979447,0.17385903612513184,1.2391484823765195,1.2459138751415708,1.59974217280301,1.1558124226727737,1.0,0.039554148737209714,0.01898318679706816,0.7497208606927193,0.5858887447401695,0.0,1.0
237,junb,tfap2c,0,1,1.378347173873741,0.0001,10.928758715279589,5.254588705879087,12.406036662637147,3.022795311295815,8.774384531073945,1.2239777430069663,9.999809693769514e-05,1.1351734433748788,0.5752677289306708,1.5695828727386818,0.9962006564400901,1.0,0.13044058606163592,0.028446331155858547,0.9851995080918193,0.5846843975451771,0.0,1.0
238,junb,tfap4,0,1,1.3848961123105248,0.34532799455160335,7.262069817724678,2.1125911293385666,9.439853954471607,3.866492544404427,3.745627646276813,1.163091463441624,0.296810766030149,1.299884769963457,1.830213376695845,1.560909429934545,0.6122991069606943,1.0,0.06385903637322113,0.02055253283690973,1.3321055559931902,1.1721395205910063,0.0,1.0
239,junb,tfcp2l1,1,0,10.45500877159347,0.0001,5.441449788925266,21.84529718912166,7.960362906593508,38.17309566763046,1.4043100075035664,3.5788100259447115,9.99995422376662e-05,1.4629121310270785,1.7474285351741328,1.5506739460490075,0.29007508594643444,1.0,0.11638370602870636,0.05541384588794378,1.8121093219380824,3.3026402763708056,-1.0,0.0
240,junb,tgif1,1,0,4.993742667792428,13.740832813245053,79.71200854392751,63.79598053500073,10.971274509633794,133.56576479968908,5.4820891789825765,4.699341573706148,11.305725175360376,0.13763640773883862,2.093639186663338,1.5633492903334172,0.3268102905071464,1.0,0.11908642057834858,0.05095971329467875,3.2925472176544894,6.363032310728526,1.0,0.0
241,junb,tgif2,1,0,1.76429694790252,0.2575076205994451,6.449396323433077,3.0752211821177866,8.575816910491904,3.0302329651319018,4.227263718077624,1.3853269014751597,0.23761095975721755,1.3297084688892111,0.9853707378033527,1.5507213914389877,0.7191234454534119,1.0,0.07215128703524651,0.027061548135857257,0.7413415896440367,0.7674832913675899,1.0,0.0
242,junb,thap1,0,1,12.17344073213149,7.265995625315066,184.26024841379834,124.77406004336471,8.894764314853719,49.30099752335145,17.06959476360849,11.419025031326592,6.8661571659950225,0.04827283362214133,0.39512217127676286,1.5684966885505016,1.040493144861303,1.0,0.11823578119124306,0.023649725463330697,1.3392849171814531,1.0713751619007739,0.0,1.0
243,junb,topors,1,0,14.09925184272845,0.0001,2.623683816119833,22.32849880195765,6.212944145159087,30.23564192740371,1.1239865422128226,2.2120505414724545,9.999955214386319e-05,2.3680231996656564,1.3541278433260726,1.5191124790303738,0.2859027757485575,1.0,0.15229094649361843,0.043939742302796396,2.082516195467007,2.238207754912084,1.0,0.0
244,junb,usf1,0,1,3.697111034681151,9.999999999998899e-05,4.3655319409245505,6.549710136702757,6.218021884787144,9.181830917925723,2.1679956877443383,2.001807144366662,9.999847323817585e-05,1.4243446088428495,1.401868285204454,1.5252499634769907,0.4234016961311307,1.0,0.12895758612112856,0.041283265542848856,1.7575234272335325,2.3641649978729813,0.0,1.0
245,junb,usf2,0,1,8.376654577836554,15.274251196752463,141.171078042102,96.17317757930527,11.083465946740885,51.51821694090314,7.2557062209863545,7.907450928358856,13.180862841510171,0.07851088268544226,0.535681759068642,1.5802069291504,0.712738479723561,1.0,0.10542083723337224,0.03526006800419997,1.3653786309212728,1.7227164429262398,0.0,1.0
246,junb,vezf1,0,1,2.3662899727081776,0.45701538036814754,12.743056300791881,0.44542852388285226,15.088138173392261,1.3425889408048122,2.1576440635952245,1.995702911323543,0.2255737839329737,1.1840282124826405,3.0141512472109064,1.60767593116221,1.1261954465204815,1.0,0.06662579798194275,0.015255927168552078,0.7858102591797477,0.18820701974295795,0.0,1.0
247,srebf1,stat6,1,0,1.4643393788265808,3.463978470454989,4.642248667786954,1.8581564443142111,3.2585038519530514,2.9838923270984,2.0210679658704063,1.1131956959689575,1.2094045004345315,0.7019235902988455,1.6058348242037626,0.5281075939165852,1.0141931972789113,1.0,0.11604458746640056,0.02705359682401958,0.4509370209048115,1.4463529992071817,1.0,0.0
248,srebf1,taf1,1,0,1.0515993051670023,7.896048326189712,0.9308150842211687,23.100710037155874,3.0171407772730823,25.246174993820944,2.320047289265574,0.493763817013074,5.884625762620908,3.241396522702018,1.0928744161202941,0.519690792265077,0.4819193324879594,1.0,0.2769566953983438,0.05326563895422932,2.573837587923587,3.084442433982337,1.0,0.0
249,srebf1,tbp,0,1,6.4410131979463205,8.733008698720965,9.999999999998899e-05,9.999999999998899e-05,3.2943391690099917,1.4999240067923498,11.661188897599477,9.999844747332277e-05,9.999885493236817e-05,32943.39169010355,14999.24006792515,0.5301602727590002,1.1189742683265573,1.0,0.2068622613158548,0.03618366671092513,1.3036310092295507,0.9146693898494187,0.0,1.0
250,srebf1,tbx3,1,0,0.8114785507327168,4.498123960981043,10.796450882040542,6.739554294864328,3.221678178519084,17.596812240161736,2.6860793303608936,0.7547503080161387,2.6976524838921376,0.2984015963874031,2.6109756625257625,0.5248702719819662,0.3371142131113182,1.0,0.19815954473330505,0.04525339092475138,1.5499043775980368,3.714930087613111,1.0,0.0
251,srebf1,tcf3,0,1,1.4286430253766897,4.320629276420391,17.720595838874555,6.671667459530701,3.0963799835904693,18.325311676136742,2.7186958098240908,1.3220580635186108,2.6223638644972853,0.17473340127750028,2.7467363724728844,0.525342184453138,0.40620511347313987,1.0,0.3335905850408054,0.05931380846164954,3.0837762262159174,4.915259852548665,0.0,1.0
252,junb,zfp148,0,1,4.536585790636278,0.0001000000000002989,10.019028652379497,12.03753813434908,11.368643005587764,4.766017470645607,3.205285408295193,3.1226564291260064,9.999916927255245e-05,1.134705109650299,0.39592958439282444,1.5608698099573917,0.8314179639591252,1.0,0.06106905868249881,0.028946853274864237,0.3905916420842704,0.7459187892996906,0.0,1.0
253,srebf1,tcf4,1,0,1.1075687686202706,3.316724658547332,15.356556815899138,9.656219039470521,3.1427288415849364,12.862627454322935,3.8982434979586813,1.033060798492999,2.4687550136704552,0.20465061792570377,1.3320563050347116,0.5232658246439731,0.5356809435826496,1.0,0.21555154791045555,0.03959132226620859,2.0783688905073237,3.3143669341992035,1.0,0.0
254,junb,zfp219,1,0,5.277501283058912,9.250589114154655,49.92011107631118,34.17315170025403,7.016971773057805,23.305349666552644,5.190384634074217,4.772913881499678,7.279929807655617,0.14056402563550385,0.6819783516303356,1.5389995659722224,0.5515818181818182,1.0,0.13859883898547642,0.03132220393568498,1.7274392329515957,1.388236932275965,1.0,0.0
255,srebf1,tcf7,1,0,1.1785394162815257,7.76774490737823,16.733284830896615,1.2029976382836196,3.211523982084035,5.120628812046034,1.2362095150296304,1.1009953796405891,1.0416728304040515,0.19192430025180854,4.256557659873636,0.5223998650699949,0.5891011676947088,1.0,0.2823193918315257,0.04309693869224872,1.2951155374118721,1.7169437284403415,1.0,0.0
256,junb,zfp281,0,1,1.1525565630637502,1.2760929926681848,4.1871463145143855,1.1044894785546542,6.27825555338155,3.555793605783616,2.301323831710676,0.9037811795795244,0.5920531219132039,1.4994115518768745,3.2194001616355483,1.5260349222883145,0.5614110632301902,1.0,0.04004142970243047,0.023205369166970226,1.1968347561611414,0.05369618406195676,0.0,-1.0
257,junb,zfp410,1,0,1.066509043528048,0.03889959811122437,5.96971816534993,0.20564786505686408,7.765813978559061,1.4813770541114666,5.363325296053111,0.9048540107724341,0.03271192920797063,1.300867773563285,7.203464299042678,1.5472785609053206,0.8261537031746412,1.0,0.04196841759890529,0.024378866356128393,0.4983182709106577,0.08276923196748202,1.0,0.0
258,junb,zfp57,1,0,7.671293786884579,0.0001,3.45566501909318,11.27351053790377,5.93949339394941,28.294547769149133,1.3765737079868448,2.3824498726716037,9.99991129727281e-05,1.718770008415927,2.5098258145958416,1.5152018907226403,0.33211562380563514,1.0,0.18569818739939584,0.053932068983305846,2.1436331078202513,2.9947118577973986,1.0,0.0
259,srebf1,tead2,0,1,1.1103149923872784,7.103494366902716,1.2557042526154982,49.83764724358557,3.152745332708072,48.62219677366014,2.2139818413701704,0.5892713090259812,6.217322597362287,2.5107387556753427,0.9756118007741253,0.5274859720325076,0.5308203441894267,1.0,0.24141996546967467,0.046983753924363575,1.2747460119655263,4.726322213368242,0.0,1.0
260,srebf1,tfap2a,0,1,3.414509372801607,2.457975100875464,0.00010000000000020676,0.4543212857742988,3.310730508695951,2.0004786645356156,5.9452029425553015,9.999707140753091e-05,0.3834466894750332,33107.30508689106,4.403224605966247,0.525094058879796,1.1446756850502946,1.0,0.16084271050889787,0.026494058773194364,0.7533787242130827,1.6132825985770995,0.0,1.0
261,srebf1,tfap2c,0,1,1.8585521708792236,1.936499672050171,1.4280775820995195,1.1638367535483378,3.5052460451948146,4.029878946936858,3.5998119722442707,0.8075618155618215,0.7269435255340748,2.4545207411221317,3.46258092868304,0.5343316567596404,1.045198938019221,1.0,0.10973732166944412,0.027913373031321895,0.3671480822277106,1.3126715417500305,0.0,1.0
262,jund,klf13,0,1,77.50837671963801,9.789795326422242,125.74578484711834,395.4303615843417,463.5910604603958,38.289912320115434,2.6653716382607797,47.951547893084225,9.553281690812689,3.686732410347031,0.09683098729875486,0.7302841638060374,0.5816369344023603,1.0,0.4243951962786683,0.12851987147930294,24.99749681059945,12.813512430928096,0.0,1.0
263,jund,klf15,0,1,27.533296815330527,10.231558139752961,325.5345910590446,475.7130745439888,1364.6988740916497,51.76078964565744,13.005156573623793,25.386167440056326,10.01613281158543,4.192177764126222,0.10880674174296036,0.8787449693196736,0.5796148148148148,1.0,0.24092489329075664,0.13384064333111828,38.73455906332015,12.418360851021472,0.0,1.0
264,jund,klf16,0,1,4.216815405676501,0.786388591977699,215.61363506745116,0.5430568942137011,937.8257614099015,1.4713817845389294,1.6757823703296708,4.135927921129749,0.3212269708236925,4.349566116802021,2.70944315451397,0.8890977999098596,0.9635887590620039,1.0,0.1603702991039995,0.05900869261885114,13.639140742099006,1.7630976824580373,0.0,1.0
265,jund,klf2,0,1,113.69285806500858,2.542906176712572,366.9448461015551,429.2434083979665,1373.1217714817083,2773.4782487456173,4.146855710255608,86.79928341837476,2.5279303157246376,3.7420385817373907,6.461318204272176,0.7485815209372861,0.3267702919168543,1.0,0.4616464644995083,0.34032447308116226,75.14429995215926,230.32890966795753,0.0,1.0
266,jund,klf3,0,1,6.916565561300901,0.7102100493824506,250.1028383629156,213.7586323890876,1095.9460015605569,21.598586114611372,35.02485376863319,6.730436115689552,0.7078582004681332,4.381981463042284,0.1010419362867985,0.8698208914885864,0.41763511824427313,1.0,0.25584783424895463,0.1232950135335674,31.995809794860808,9.55353860857112,0.0,1.0
267,srebf1,tfdp2,1,0,1.1571042827455928,4.411798142688207,16.67947914771862,7.72739788250568,3.2472414392788487,9.375464362131934,2.913324788185639,1.0820400011600613,2.8084001242830934,0.1946848226206751,1.2132757371478655,0.527646967609333,0.6277720836691674,1.0,0.24939340710790575,0.04338512052952253,2.0136499364389717,1.790794090034668,1.0,0.0
268,srebf1,thap1,0,1,1.0933679944053254,7.925231760112393,1.2964028195202335,39.78497043320304,3.1644205386921005,15.00493786114856,2.3392848379989317,0.593130245988685,6.608756550114347,2.440923832503831,0.3771509114564027,0.5273260111655961,1.0091995500462203,1.0,0.21117889716055516,0.02915313034472054,1.1818412400454255,1.5813863144801268,0.0,1.0
269,srebf1,thap11,1,0,1.080564810650208,8.143387554321576,1.2148997853980243,20.77684481626322,3.105170056740609,24.3974157535562,2.590704083821649,0.5719007641536329,5.850364455125137,2.5559063340547845,1.174259901795048,0.5243463470590563,0.4885718506195202,1.0,0.287030495765678,0.0467802350889615,2.8470700868075274,4.453021101094825,1.0,0.0
270,srebf1,thra,0,1,4.373172731639055,4.201064104574183,2.9676786192588387,2.5205670734143464,3.3664299843549865,1.8404990766364564,3.9577187843681565,1.7679381578028515,1.5753711524620462,1.1343647396683856,0.730192461866657,0.5328540919634388,1.231368440233236,1.0,0.17636964772012734,0.029941896880190846,0.22384564297040976,0.4759231865046285,0.0,1.0
271,srebf1,ubp1,1,0,1.0957795650743833,7.586663267996687,14.165451715003263,0.0010861735911394585,3.160332994644973,4.053098389860114,1.0775101764577732,1.0171009294388649,0.0010860181072138003,0.2231014625038553,3731.538331371306,0.5238264011652785,0.6265148325263805,1.0,0.260711735596956,0.047228893387302684,1.396520435138085,1.515949258536983,1.0,0.0
272,srebf1,usf1,0,1,1.3061008773128915,5.334539307364434,15.70813383799139,4.8266339091944594,3.1728427479284855,10.947476996143665,2.0631688882746744,1.2058378017022646,2.533946401867902,0.20198724945000845,2.268139080382573,0.5248702719819662,0.4320878452234767,1.0,0.2899810796344708,0.05572884791673894,1.9344795252038414,4.2106442062594125,0.0,1.0
273,srebf1,ybx1,1,0,1.1606106510915493,7.883712215022378,1.2356758635175025,134.65735596231102,3.145883522260704,5250.8392467431995,2.026966010617741,0.5984837621677878,7.447677049269519,2.5458808536613815,38.99407655243763,0.5224270945567633,0.2720662612274225,1.0,0.43752996519816817,0.2662338027637687,12.028457554839289,207.06300387398954,1.0,0.0
274,srebf1,yy1,0,1,1.083419724219209,7.145282297337739,0.8005403912301918,154.56727921826882,2.962727835413085,213.3209110801154,1.7568271762149834,0.46037134373519406,6.829567434929101,3.7009098702193604,1.3801168795814729,0.5170317874970903,0.4771137738750395,1.0,0.32167695667192026,0.06781454216064303,3.0732742219414426,10.308342940297825,0.0,1.0
275,jund,max,0,1,80.31279226886281,5.076569421348022,212.15791486629098,309.2198845767483,833.9342398526491,76.34391481035323,3.6870586793817495,58.258807221256546,4.994571814432859,3.9307241512918445,0.24689199698412242,0.7832123406737473,0.4482518043969977,1.0,0.29311429085355273,0.12360830825974646,19.083677232936054,12.687177003004868,0.0,1.0
276,jund,maz,0,1,66.68364529302444,4.649047072346335,267.9240491256941,296.592454440737,1098.7653797871233,120.32182466083405,5.080873556481208,53.39432581909323,4.577298529823706,4.101033047883087,0.4056806667172846,0.7969789112351654,0.354451145965487,1.0,0.3180101908912474,0.14295300751162063,33.56406095423584,12.267921425052439,0.0,1.0
277,jund,mitf,1,0,51.40928443987762,5.280170798414242,259.8947703027619,263.74779918204035,1195.3874134440036,37.32218462865363,6.173144780617662,42.91946721341975,5.1765376941594985,4.599505453886004,0.1415070940663798,0.8785782800893294,0.5452763898532039,1.0,0.08936977384216199,0.07506559235414319,14.86086332915812,4.651488885948382,1.0,0.0
278,jund,mlx,0,1,19.442708741766996,1.7067357915674384,648.5628718662882,257.53135121909327,2721.197003073728,34.40976061406742,34.52982308575301,18.876816877700396,1.6954992209855178,4.195733553546289,0.133613870510055,0.8448610398744375,0.5674011505861127,1.0,0.24975087175292562,0.09316339387632322,19.90073395786149,4.729831710930573,0.0,1.0
279,srebf1,zbtb7a,0,1,3.000543930648051,1.5409192717300386,0.00010000000003078498,0.23946702520666616,3.437061990272397,3.162637854359862,7.31328203346816,9.999666741277455e-05,0.20725802861980425,34370.61989214298,13.206986856041766,0.5353449645787847,0.7322954567956239,1.0,0.18844137654979506,0.028819142123809247,1.6744018598952652,2.038419112714749,0.0,1.0
280,srebf1,zfp148,1,0,1.1392534405907924,5.803766429469678,11.555387900551915,1.200530931571732,3.0099116687886323,2.9967802194973734,1.3258392716445448,1.0370135767758508,0.9947608959251873,0.26047690434043075,2.496212417929121,0.517515768023751,0.8269566715562147,1.0,0.20245482825427505,0.030293291098370645,0.7372847980907092,1.9148933698953294,1.0,0.0
281,srebf1,zfp219,1,0,1.5485613155592113,3.811830908506778,17.461521497608963,9.68293571530911,3.028349144630003,9.18770398666121,3.598705860873828,1.4224155132702616,2.7351131496828045,0.17342985518442253,0.9488552084607028,0.5188748357338263,0.535457873916337,1.0,0.20432476468775754,0.03658881694099781,1.6716130630279462,1.1812438508175713,1.0,0.0
282,jund,nanog,0,1,3.512359338136042,0.00010000000954279997,166.04590400238368,58.07435098933689,726.2770159284495,31.07873805925242,23.26754575629883,3.4396016448385107,9.999983735000712e-05,4.373953216684125,0.5351542897992752,0.8838675481249331,0.22836011194473282,1.0,0.1745559294776808,0.17466603543499543,36.603717132565194,19.408585785367052,0.0,1.0
283,srebf1,zfx,1,0,3.0980669985002978,2.9845102342198344,0.00010000000000021103,0.0001000000000005441,3.121904421063302,2.210731700468179,9.603914842634138,9.999677228524123e-05,9.999664947929833e-05,31219.044210567135,22107.317004561504,0.523671788834229,0.7746358855609418,1.0,0.13111254499389455,0.019003799986591283,1.0114602058709425,0.7405293214252634,1.0,0.0
284,srebf1,zic3,1,0,1.0989299990749863,5.353556991558497,1.961812688665975,5.701538054691773,3.2426590477299126,6.42752584920112,3.2217314150413427,0.7043698331048518,2.76103541286921,1.652889221516305,1.1273319212369257,0.528004936009094,0.994156586121824,1.0,0.13345018622955457,0.03227865809658845,0.6872102160269734,0.9536287785976633,1.0,0.0
285,jund,nfib,1,0,10.771934619341511,9.999999999998899e-05,196.98620842429446,12.46050425376935,894.5046009684445,2.7942423944901176,8.598806233206062,10.213426665123817,9.999919747068975e-05,4.540950395074077,0.22424793873368715,0.9324304316107132,0.8136657524804713,1.0,0.14308067263617694,0.05541605997970512,15.042165381455984,1.4078975926986619,1.0,0.0
286,jund,nfic,1,0,11.11944991650964,0.00010000036714652438,486.0390711701062,10.10002148907929,2151.429773004489,1.6861461487529747,6.864855838330527,10.87075224524067,9.999937705215376e-05,4.426454375005424,0.16694480804581757,0.9006650942859883,1.1915555562993594,1.0,0.13461055297207933,0.047198407460951664,28.7366445447987,1.038502916180356,1.0,0.0
287,srebf2,stat6,1,0,0.9032628525018362,4.243811379498327,7.025734337584651,1.6340209988667898,2.5760435193415536,2.8970075650515033,1.5631032423011324,0.8003641174978887,1.179767720980653,0.3666582588471686,1.7729316618700786,0.6658981443160592,1.0151077127355146,1.0,0.16892590372574554,0.03167414744497651,0.5102954439297054,1.2410580092827574,1.0,0.0
288,srebf2,taf1,0,1,0.8935680791574375,6.916173458143225,1.3837416957947122,18.365113174008965,2.530152443834729,21.691662526481228,2.898846287174539,0.5429509075845057,5.024123579546806,1.828486090665649,1.1811341602392154,0.6603072008784299,0.4857382487018476,1.0,0.1898676814889013,0.03284234637409913,0.6619699975911617,2.236906617537245,0.0,1.0
289,srebf2,tbp,0,1,2.317900927315573,10.429658339928874,19.57555042429733,0.003099857020553576,2.8111227000120573,1.7952728788128745,1.118740953381309,2.0725003907549184,0.003098935968482161,0.14360376281031,579.1469951385927,0.6767941061385165,1.118567094427799,1.0,0.21583130175171003,0.03423654156591137,0.6719641284624137,0.8851722891891363,0.0,1.0
290,jund,nr1h2,0,1,69.99620513883258,6.00757550703006,188.257608968878,287.0873983112197,736.6605126320345,54.914472478306166,3.760330598681037,51.02467997175761,5.884438071397854,3.9130450910688888,0.1912813756414889,0.8033754094734635,0.4508324535701633,1.0,0.29629416400853054,0.11005961108812898,24.317962132942146,9.923161553001062,0.0,1.0
291,srebf2,tcf7,1,0,1.686094473552597,5.03983107044577,14.97823913664809,4.699628320401376,2.596662240888483,6.109490678411754,2.150037280380803,1.5154957181361557,2.4318939972134896,0.1733623169718986,1.299994438260166,0.663436509732911,0.600768738564789,1.0,0.24107671955138385,0.04084215590849989,0.974466046079129,1.4996485724776574,1.0,0.0
292,jund,nr5a2,1,0,12.999068708391754,0.956453586743243,187.65782385669885,100.42133270190274,808.7284674971168,18.398528093325737,15.551749688371638,12.156955660963412,0.9474298795083133,4.309590993204131,0.18321334320408925,0.8707344139617689,0.5413480440814161,1.0,0.07028461372705795,0.06741186881147128,10.39283710380111,3.213610255424127,1.0,0.0
293,srebf2,tead2,0,1,0.8307044011975515,7.709669677716699,1.7373160222747748,16.878888769344623,2.5923735052313726,22.284356448626244,3.2861574728431506,0.5619877680035247,5.292325583817282,1.492171528952469,1.3202502103751648,0.6637439999999999,0.5400481739881261,1.0,0.24471577192497412,0.04940134936725864,0.892965198247278,3.9065606966299677,0.0,1.0
294,jund,nrf1,0,1,54.455218008657425,8.914477853616784,160.3374781684125,319.33820774334293,655.7485610175395,36.624291360811654,4.047749033599473,40.649484288895245,8.672384128600935,4.089802138017698,0.11468809704802742,0.8218448618430602,0.49533351920765534,1.0,0.27043052850943783,0.12433319756900407,26.112881388750147,9.96902713376744,0.0,1.0
295,srebf2,tfap2a,0,1,3.401437145621992,1.5138267130461918,0.0001,0.30529916849076777,3.001914772576407,1.9454583530074265,5.841883318874137,9.999706015263927e-05,0.254061602565751,30019.14772576407,6.372301512069979,0.6845658016292935,1.1417244371935977,1.0,0.1747607926506791,0.02933774350497001,0.8924163576503792,0.4772626246727423,0.0,1.0
296,srebf2,tfap2c,0,1,1.1703598092828589,1.5879718851422722,1.434340323380434,1.6570216609588595,2.7870516638233958,4.651753537471599,3.7107476107789163,0.6444865749677612,0.8108810613309039,1.9430895293070405,2.8072979654229715,0.6786198827827508,1.0632722841182125,1.0,0.0838859848112972,0.023885043432070086,1.5302745047001358,1.1649506826136258,0.0,1.0
297,srebf2,thap1,0,1,0.7659891885982786,7.090894202799339,2.238694595379457,106.58151475578637,2.713894935116291,38.889978864469164,2.874208845331367,0.5707142514557427,6.648563640300113,1.2122667114655217,0.3648848391166049,0.6767298694017783,1.0297782353887355,1.0,0.14209860982672318,0.034056178091759134,1.151076355167883,1.0181706133618396,0.0,1.0
298,srebf2,thap11,1,0,0.9042836194066269,8.38258933278772,1.217364160615786,72.48494153874698,2.5005242382357964,68.21148662326178,2.308971187763575,0.5188620277423823,7.513664522485387,2.0540478511959335,0.9410435488424749,0.6622727616025731,0.4994111051219153,1.0,0.31864346591003045,0.05179771262819877,1.409221043704128,5.347707709297778,1.0,0.0
299,srebf2,usf1,0,1,1.716176519221551,7.274597325019544,18.014624954333435,3.513560346566566,2.8079190226877606,10.946552389089279,1.624269014911568,1.5669042329905578,2.3692401869271165,0.15586885820858085,3.1155156904551804,0.6728684707012622,0.43565200283544786,1.0,0.35460457609336427,0.05944741927017998,3.105783164864195,3.905552055179284,0.0,1.0
300,jund,patz1,0,1,9.614403646288883,0.3629247186531299,201.8767464788372,147.4637717151961,876.7629582081843,10.086035266514669,21.718727687359653,9.17733213091302,0.3620337134789164,4.343060671923874,0.06839669940081498,0.8732964306872529,0.4396595839295466,1.0,0.22794029562105567,0.08800003768208527,19.156579384286587,5.650048747953614,0.0,1.0
301,srebf2,xbp1,0,1,0.5188880330420019,9.139445827427972,3.307564979110567,13.307857154728872,2.811721954062548,12.96107659999932,2.841399585070936,0.44852396742324385,5.41830970257202,0.8500881983635721,0.9739416683920201,0.6772834889431432,0.6872127642197954,1.0,0.2241376387159596,0.03175279873172789,1.5545545528139533,1.9743199392864343,0.0,1.0
302,srebf2,yy1,0,1,0.5746267182096902,8.784698301970677,2.7123563858133153,60.63957476134047,2.796519659577075,87.59323894491716,3.3812648530580987,0.47417111657416455,7.6731141131629546,1.0310295778991163,1.44448966355154,0.6779284922436617,0.4619151770862916,1.0,0.28725159955461294,0.05530765872759744,2.2491412973991567,4.959450961507007,0.0,1.0
303,srebf2,zbtb7a,0,1,1.5657076957717562,1.213047191167976,9.999999999998899e-05,0.2040393240310253,2.5512051549214134,3.1864201558889444,6.486189071271572,9.999361351969069e-05,0.1746607043740657,25512.051549216943,15.616696296270968,0.6620968479003025,0.7292334400678987,1.0,0.14632377745102348,0.020452474587724236,0.2662731968218694,0.9414093566051678,0.0,1.0
304,jund,plagl1,1,0,44.333218032114246,8.920314864771914,198.52106135638712,368.5750738166446,918.5609351319254,13.482778242871776,5.561997297658323,36.24015816908908,8.709525489133142,4.627020069588057,0.03658081948748131,0.9863069084727031,1.018922087166299,1.0,0.15609149556469498,0.07511647532657494,32.48332098612417,1.5313696270111326,1.0,0.0
305,srebf2,zfp42,0,1,0.9560101314493918,7.878457457825565,1.0617010214471239,128.26168674886802,2.456040274830379,1399.4675560265232,2.0661199554143366,0.5030437243787568,7.422529544156471,2.313306877564022,10.911033462133027,0.6523386498273087,0.25490766661386194,1.0,0.3934751747937013,0.14419474687235417,4.822022517560003,63.29128587442989,0.0,1.0
306,srebf2,zfp57,1,0,1.263636512604827,3.6897876325581143,12.081083701255668,6.505858855979509,2.5760357861212144,25.150016325563023,3.0334207363344046,1.1439804081381633,2.3544595796793835,0.21322886669955524,3.865748839977944,0.6658981443160592,0.33050092969086897,1.0,0.25781795605644536,0.05572392875710213,1.8430772164309503,4.237108471670939,1.0,0.0
307,srebf2,zic3,1,0,1.046858675689853,3.6907355525260104,9.600983323206895,3.3601124915104075,2.5400838627646904,4.463455273795964,2.1187227153518204,0.9439351831191836,1.7588361790597908,0.2645649697802265,1.3283648345325463,0.6639638697938,0.9799994048649584,1.0,0.20404129374430224,0.028527586593256646,0.2540820562586804,1.4028281659238702,1.0,0.0
308,jund,pten,1,0,9.41148059838627,9.09191904177052,244.37641423128366,342.0777752544594,1060.7258360590247,10.323821313142497,22.37227421409419,9.062464869668203,8.856525745581418,4.3405409617604445,0.030179748758781468,0.8673597156156035,0.6439256198347107,1.0,0.35123326330145527,0.09824359733996868,24.652093815918057,4.22433600577756,1.0,0.0
309,jund,pura,0,1,107.93439362848484,3.115579573008284,303.7921046585322,410.30317412289475,1231.5135756203915,84.69586394290727,3.765436802988063,79.63931576388856,3.0921001444894545,4.053803758345317,0.20642263887907192,0.8306603831063755,0.6799422523786981,1.0,0.3743867923154367,0.10966572074821883,28.150671465491296,7.7163148575000235,0.0,1.0
310,jund,rara,1,0,106.69690144329253,4.284460996114497,212.28960385370004,345.1486497317483,835.5882780648539,27.420712909830048,3.0028998377448914,71.00815414973418,4.231928464240256,3.9360772402246402,0.0794460964316146,0.775090517956346,1.0684696909927682,1.0,0.18631227802348135,0.06708202687594371,9.741505817989793,2.4736147454665973,1.0,0.0
311,jund,rbpj,1,0,58.54872327171709,6.903368265637987,149.8391829265309,228.30740515064554,612.9430255237572,20.872005106310663,3.6668428161534585,42.09885792546733,6.700756400888605,4.090672503361789,0.09142062252662612,0.8024219855650664,0.580201085004998,1.0,0.19745918754336994,0.07404075684450884,14.007892768280946,3.3618903428682243,1.0,0.0
312,jund,rela,1,0,6.604389095944222,1.2301336584901241,448.97628906797195,2.065339267853113,1918.1247513504375,1.4767314207090578,2.311423607445249,6.50864764460257,0.7709495439268087,4.272218373340527,0.7150067031089263,0.8393392112746866,1.0506574394463668,1.0,0.18967864202334486,0.05537352982509524,11.662594514663661,1.5963975015431484,1.0,0.0
313,jund,relb,1,0,8.904158122228223,1.8131191091703505,181.1113639138373,157.5573273376179,796.1880775694559,10.017805599856604,20.591883404518246,8.48690783121992,1.7924916906160808,4.3961243533466945,0.06358197215664996,0.9437509954983586,0.63415393262802,1.0,0.18360473545106284,0.08936319890638672,43.61106221038354,6.42272040416586,1.0,0.0
314,jund,rfx7,1,0,3.7736371586562756,0.5858743250704953,331.5259616522801,0.5165863961355807,1457.9364648323058,1.7472459685539925,1.8182429301032812,3.731166671200605,0.2745265208591132,4.397653980298103,3.382291871455746,0.856313325755838,0.8837586989352579,1.0,0.16752288853513614,0.061166479388179464,16.601297365256197,1.7092576256523595,1.0,0.0
315,jund,rxrb,1,0,103.87171113925267,4.774263927860957,194.80817975182558,372.74242272638776,795.9208187251949,22.67018480614959,2.880520868549354,67.74831380303571,4.713886209845675,4.08566426594177,0.06081997493156468,0.8160575610022736,1.177066968846309,1.0,0.2584518201775326,0.07205368285151667,21.35751238793154,3.3436274192235054,1.0,0.0
316,jund,sin3a,0,1,14.879702367066358,9.999999999998899e-05,251.92472046232325,11.93666095996523,995.2985112080333,5.08930253659023,12.028558191378067,14.049860267057168,9.999916225178967e-05,3.950777475832848,0.42635897540019047,0.7909341355595586,0.6225256744848331,1.0,0.25110782166903406,0.09029568781782903,21.284459651406088,4.005609630453899,0.0,1.0
317,jund,smad2,1,0,3.878276702293471,0.4826823696281508,349.7592847871447,0.26951849246625326,1591.5483151627034,1.9672856591822163,1.5505339416831703,3.8357443702747704,0.17294825246543127,4.550410480543161,7.299260400206277,0.8738092521143581,0.758275421676135,1.0,0.20167912463694054,0.0755768031774487,21.780608547373266,2.0342422025717743,1.0,0.0
318,jund,smad4,1,0,65.1350370040374,5.35588460991561,225.7314453032113,284.07532341389305,987.6846226043222,18.595822009262072,4.541189180015934,50.54905579415775,5.256774703452548,4.375485308560469,0.06546088476037135,0.8480262343395666,0.9920026850499037,1.0,0.1106171697065639,0.05348845299833362,9.921031773792153,2.1388515447247793,-1.0,0.0
319,jund,smarca5,1,0,18.35627495494939,1.0055694522839302,465.6779901065978,201.04057773959488,1897.3371703038663,255.85625540710217,26.42437639692825,17.660140704662673,1.0005648039032495,4.074354405003228,1.2726597699023194,0.8095387423130332,0.17493257306989973,1.0,0.34349612175185174,0.23220315645116243,53.779687023521035,59.9462378670053,1.0,0.0
320,jund,smarcb1,1,0,14.419236241965168,0.6971053627487873,757.6357118531153,279.0327463998112,3024.6219677947124,122.15069844845237,53.528288294547075,14.149936272688892,0.6953681299017702,3.9921850573763655,0.437764742756856,0.8091792562667455,0.3183130860035597,1.0,0.32627905912481436,0.16338461608387495,39.13562533247144,28.54635091881964,1.0,0.0
321,jund,sp1,0,1,21.40099641197657,4.286761419616088,268.3188197915873,205.0844761416956,1274.4906364782642,7.957210999464959,13.72667724634896,19.820149601333732,4.198992327343671,4.749911457825456,0.038799674890883575,0.901595682878946,0.9692342909700472,1.0,0.09021003520561797,0.04771258492507243,13.991017796555234,1.3140524052162932,0.0,1.0
322,jund,sp5,0,1,82.88861067331607,17.31402688031755,315.4066908246911,918.8574579540623,1368.5831007608317,215.5698145892961,2.2756229197132143,65.63879187426869,16.99381254814806,4.339106114656,0.2346063719929815,0.9601803913325171,0.9362331412804865,1.0,0.16667376030378936,0.18065422479473733,68.15589070241043,22.140870689740268,0.0,1.0
323,jund,spic,1,0,0.5482548419881508,0.00010000000000009655,245.83692806160482,154.8216161108948,1076.818031469561,5.117896433661599,149.08184787897,0.5470348685781382,9.99999354096744e-05,4.380212687980379,0.03305673046324345,0.8906594671346572,1.9091553777885912,1.0,0.1426827131704383,0.06291146255867328,14.564785786938216,3.3858477138589484,1.0,0.0
324,jund,srebf1,0,1,4.269817410234306,1.149407263674147,128.85404849008845,1.341666886466316,543.3463794746912,3.1815225402114975,2.052737605106728,4.1328672052996716,0.619058916671953,4.216758307881074,2.371320759500144,0.8031950064177555,0.5260813500169009,1.0,0.1725999666545585,0.0673980996059953,16.65724549959191,3.02372329777546,0.0,1.0
325,jund,stat6,1,0,3.0831637491341395,0.00010000000000009997,619.8057174662548,506.2228628580533,2728.3106897915786,2.7556121319077076,191.5533079645533,3.0679027627999043,9.999998024595854e-05,4.401880481104341,0.005443476251447756,0.8585855015024116,1.008600218793318,1.0,0.2178103188600793,0.062322072952631556,16.678791021777656,2.9364576347224793,1.0,0.0
326,jund,tbx3,1,0,7.831756022966475,0.00010000018672329247,913.3504886937455,239.5830749780564,3952.6921610090358,36.58968053267791,61.706465869466115,7.765171584593877,0.00010000014498397858,4.327683851860738,0.15272230952052512,0.9025419711747474,0.3523158518642174,1.0,0.2470488974633098,0.13012606965007525,24.628374399378608,11.010414294759372,1.0,0.0
327,jund,tcf4,1,0,22.557913458202886,10.820729068272213,221.10354894879686,312.94747447045114,939.1182704133168,17.975634801858988,11.125721873738641,20.46952633879129,10.45908707783214,4.24741382432897,0.057439782290226685,0.8819517828341502,0.5454732517986149,1.0,0.2703828181166808,0.08919921512266141,23.601509131510724,5.659394043105523,1.0,0.0
328,jund,tead1,1,0,9.787956950287303,0.00010000000000021103,417.2823338943142,6.651151652105544,1835.3831437965205,1.8118509688193287,4.631545931111873,9.563628301550795,9.99984965237944e-05,4.398420433157784,0.2724116158508811,0.9622845478301746,1.0346524058721316,1.0,0.15147892378000719,0.048828650395388314,29.63453110171249,1.2574202426697187,1.0,0.0
329,jund,tead4,1,0,4.389434410258071,0.00010000000000001913,609.0683803788162,442.8599311240829,2629.030058117293,6.049224755294346,136.10484254768807,4.3580269785203525,9.999997741952124e-05,4.316477661313072,0.013659453768915123,0.8626201528867776,0.742062917952675,1.0,0.21299150050612092,0.08091266093934013,18.921497489884835,4.556368933772682,1.0,0.0
330,jund,tfdp2,1,0,6.269469274567696,0.1637274799754033,145.27605339225406,112.30415194234965,669.6537155041572,7.280237694488297,23.826884914814155,6.010100048126315,0.16348913025424927,4.609525794977731,0.06482607783036858,0.8829125049113882,0.6086901347422317,1.0,0.2130904024769576,0.08160746007509521,22.00610073099361,3.630923198740022,1.0,0.0
331,jund,tfeb,1,0,0.00010000000028664857,3.201064400400587,201.91199142885296,266.6196396106703,848.3966958479532,6.578388008526041,61.27880862040145,9.999995076014431e-05,3.1630880214823427,4.201814314465319,0.024673306205544695,0.8679887154396648,0.8904191457871354,1.0,0.29436977516065543,0.09145236414770788,25.267457222584973,3.9375933242209236,1.0,0.0
332,jund,tgif1,1,0,67.952787252735,4.978061385683827,241.59280979639055,291.88371501524017,1001.7828340210875,138.56371119077738,4.620905768057497,53.035497717899055,4.894584504759392,4.146575532878522,0.47472230913445285,0.82223688054896,0.3256740327565287,1.0,0.32619315962986545,0.1420635924077055,37.829878335406924,15.673266273169697,1.0,0.0
333,jund,tgif2,1,0,5.2212771074949735,0.1447859758773653,667.885745974119,3.2005933811437357,2769.774965342224,2.9026504848914976,3.6809201627910397,5.180775770117091,0.13851972724796396,4.14707902068261,0.9069101067297191,0.8161326430747099,0.7134176418929701,1.0,0.140979505111222,0.06154723110948042,7.514954312920084,2.3882375160027376,1.0,0.0
334,jund,thap1,0,1,128.77730688324465,2.5377393437558187,334.12623748112367,430.66002093042107,1314.971365140932,56.07586648798936,3.526745553849821,92.95214423327407,2.5228728749800564,3.9355525476062647,0.13020912962118017,0.8014343510469008,1.051912730935647,1.0,0.1832790487885584,0.07257537381808767,12.253170424004118,2.176803528826532,0.0,1.0
335,jund,thra,0,1,5.857181266656587,0.7522048847879466,279.84193261764955,286.2493000605958,1228.3590256297075,3.187322627127608,42.480955357094864,5.7371018869061645,0.7502334240849563,4.389474494188922,0.011134778762613175,0.9178418106939235,1.2429105325623087,1.0,0.18628908146439913,0.055428446448040014,10.432363621793616,1.7409265256969753,0.0,1.0
336,jund,topors,1,0,8.511073428182804,0.00010000085367511957,999.9926926474186,201.75576003471085,4198.087220948187,48.39516126718328,42.21071455016852,8.439245862102611,0.00010000080410941805,4.1981178980758465,0.23987003522901745,0.8541333144093752,0.29483149917561374,1.0,0.1944825628030183,0.11580683490525899,23.461222765601626,9.999239131962245,1.0,0.0
337,jund,trim28,1,0,39.756531959043315,7.854916023127112,203.26045531166258,268.8116436937575,860.0884080882238,239.20482417182643,6.2912469499005725,33.2525346411531,7.6319049523510945,4.231459615543201,0.8898603530892415,0.9020027432473969,0.2406938500049838,1.0,0.31509181129088,0.24563288004725442,68.42418428822651,62.192548894934895,1.0,0.0
338,jund,ubp1,0,1,20.88230024543958,0.00010000000000021103,324.8744708322529,21.868007138958934,1398.845823994661,3.7827371325886454,10.270826527477197,19.62109439202565,9.999954271326176e-05,4.30580408614793,0.17298042334408756,0.8817124991863159,0.6181518165947966,1.0,0.22314356036821173,0.07197105993280639,17.38975134956153,3.6517475686636285,0.0,1.0
339,jund,usf1,0,1,10.715275877777405,3.185071618697862,276.435281592458,248.96089940002773,1089.5521916755793,18.225571217490486,24.971594196295456,10.31542592398172,3.144838252385294,3.941436799959132,0.07320656079493765,0.7992561739306948,0.4457351445607727,1.0,0.23591336575199068,0.09880058917276649,14.025304846749435,7.921010099885885,0.0,1.0
340,jund,usf2,0,1,31.601871978867134,6.760101192513032,259.60062518980004,259.33814757818203,1131.5822814467658,17.142345474921473,9.454920848776641,28.172374216043128,6.588363992647443,4.3589351166602155,0.06610036215267409,0.9644816265671217,0.6786414478945134,1.0,0.2217070001093355,0.07705396275616432,31.760198082871113,3.597139287746153,0.0,1.0
341,jund,zfp148,0,1,3.363079205339844,0.00010000000000021103,929.3705773247868,349.61789277048285,4325.368491587182,3.0907385005635035,143.7518114856531,3.350953233834254,9.999997139756413e-05,4.654083739166618,0.008840332730317414,0.8770439496248583,0.8285707283599647,1.0,0.1561047146904028,0.06358479542006842,17.220006763080765,2.702577205099116,0.0,1.0
342,jund,zfp219,1,0,11.000528444814087,0.39630022398478404,396.1821168990784,233.8845557249083,1607.2850997753983,12.25532808010407,36.61466617600762,10.703335950367372,0.3956298582099354,4.05693500846438,0.05239904807788426,0.7949061306542827,0.5350327268820836,1.0,0.2264727029024825,0.08274522899217791,19.6658634049072,3.753806038237593,1.0,0.0
343,jund,zfp410,1,0,3.3372392396306885,0.30415960405197506,254.55588196703053,0.10708307709124115,1132.0249196117531,1.568225218456794,1.3620810583508955,3.294054040698585,0.07919982001429549,4.447058582438768,14.644939808001341,0.9226116660628333,0.8436435181037887,1.0,0.1387150847232924,0.06060473835259038,19.2966958013779,1.6999574590798572,1.0,0.0
344,jund,zfx,0,1,25.96120657639899,0.00010000000000021103,432.018450562733,34.19918952342709,1933.9549203456013,2.902458150668162,15.308677460804915,24.489559885555447,9.999970759647577e-05,4.476556308709721,0.08486920863080465,0.8776661818181819,0.7906327535432808,1.0,0.18142177846994992,0.07018811966494791,14.22426184352123,1.4287469426874204,0.0,1.0
345,nr2c2,patz1,0,1,16.630448183448507,1.1727368804447016,14.821443288800719,28.278664429697884,4.744737907227682,9.729920661527213,1.9696537370212261,7.836960929227506,1.126039211417947,0.32012657706640957,0.34407284989417597,0.9397958655539232,0.4401287993300532,1.0,0.14862253603706999,0.02961691926474825,1.1328975213905936,0.814934803525583,0.0,1.0
346,stat3,stat6,1,0,6.4796686296109485,25.035207938783554,10.770453023700862,3.5882955649632686,3.7511733506931986,2.685841900971907,1.8311746964495723,4.045708661479163,3.1384601679843622,0.3482837112272413,0.7485007442522088,0.49816340607154624,1.008796846787334,1.0,0.1486860733891023,0.028252939575459057,0.8402556346658281,0.7958197427258559,1.0,0.0
347,stat3,tbp,0,1,0.0002383456032408667,38.09847084035574,33.07036907459256,0.3702374643857706,5.924403467658709,2.7187158172758052,1.0097251860479706,0.00023834388544276695,0.366674158361848,0.17914536890398158,7.3431677741910715,0.5166118410786179,1.1234381033763488,1.0,0.16536742096747295,0.030854835894431647,0.4441597890813413,0.2641154805226402,0.0,1.0
348,stat3,tbx3,1,0,8.175051893839855,0.038437833105559004,32.06311273910612,22.8573197592281,2.2380542199357887,28.13838932260519,4.930345562496514,6.5141542342022,0.038373302940619386,0.06980152669974933,1.2310450052327322,0.4863317479191438,0.3488149364358547,1.0,0.1007480989414895,0.037547182267393606,1.5285578268023756,4.258170235687517,1.0,0.0
349,stat3,tcf4,1,0,4.13039606624483,11.789991083983024,5.712766669966284,10.840800379997345,2.8446554976034513,15.973565395203607,3.3072462134816494,2.3971958620777634,5.647745021504801,0.49794708272589755,1.4734673488386398,0.4923579545454545,0.5391443844509881,1.0,0.17818350062464894,0.0364433339080973,1.2701761792692043,1.8460704143738167,1.0,0.0
350,stat3,tead1,1,0,3.419925515665818,9.069807667233716,9.305565100495262,3.1102097787902236,2.7914671188231726,3.0359334595484215,1.8345634131461965,2.500833994129619,2.3160069042089453,0.2999782483574915,0.9761185500256856,0.4932458143074582,1.0564712213010206,1.0,0.06950909810060574,0.020977873954329606,0.2019515640649144,0.3966679345492556,1.0,0.0
351,stat3,tead2,0,1,3.777445999510874,8.125407448082314,1.62039220647566,70.08934400097108,2.546659959396265,67.62349215840065,1.5669851313658683,1.1339621204654813,7.28129243174353,1.571631824208307,0.9648184488281661,0.48766938809864485,0.535906815619006,1.0,0.13877198176481684,0.031263383159204614,1.5392745276009927,1.910569176083786,0.0,1.0
352,stat3,tfcp2l1,1,0,0.29087882651898295,10.297602355143475,25.93427788618962,14.276026631740084,2.620371330492763,33.51289304161143,2.4108301459481805,0.2876525162763426,5.9823823963308485,0.10103891621706378,2.3474944328768452,0.4917255592971616,0.28784794760738347,1.0,0.23494706808457413,0.05731372795545933,1.9018960674107466,4.862422981181456,1.0,0.0
353,stat3,tfdp2,0,1,0.8598127856180795,7.687285256942738,23.533147071097684,5.681448091081234,2.342160291285699,8.526949624119306,1.8026099176642068,0.8295057613514534,3.2669446694521596,0.09952601257322831,1.5008408925719052,0.4846802830752023,0.6207859511162815,1.0,0.12185001724107031,0.02843870509726587,0.6389410700667721,0.6179744115739025,0.0,1.0
354,stat3,tfe3,1,0,4.542887788652457,8.413754780597301,7.811970729492685,59.64511713968391,3.0327178653166045,24.78970849582286,2.561061349279896,2.8724656280119634,7.373607221423189,0.38821418696144444,0.4156200823240471,0.4937002840909091,0.9085647603411949,1.0,0.0813164642315268,0.01640986895226589,0.28675341595551607,1.1918684308741232,1.0,0.0
355,stat3,tfeb,1,0,3.3122069592390004,10.5421073298452,8.048146938584788,0.1567611501527856,2.6096783455419077,5.698422042478732,1.4325387525247872,2.346505094710569,0.15446426630538,0.3242582877097423,36.35098388168768,0.4890113054998455,0.8762172103299742,1.0,0.1317431637133661,0.028179542114394968,1.0204500478182639,1.890082518489672,-1.0,0.0
356,stat3,tgif2,0,1,8.050016811848902,20.298866279858366,0.42174076793017,7.617489033871874,3.03942895746158,2.765989563640512,3.799718781397517,0.40074568235797775,5.5389175825112815,7.206865422042469,0.3631104096561586,0.4942712003145841,0.7088863948123207,1.0,0.12885493961639538,0.017023689496751544,0.7172346599839021,1.0082751559187508,0.0,1.0
357,stat3,thap1,0,1,0.00010000013190669677,10.758534097391678,46.572967994844774,106.62915910658627,5.142137713206971,39.09016934507419,7.374270108012695,9.999991718976246e-05,9.772518845148719,0.11041035035122007,0.3665992461405397,0.5138256994667252,1.0284734693877549,1.0,0.09114974478269097,0.026932773705703465,1.3288543289717962,1.3919911889388756,0.0,1.0
358,stat3,thap11,1,0,0.07069386419425706,14.604694378680682,54.877356411323525,83.92113057524887,4.333144647870221,80.95818738718805,6.754057745711513,0.07060291242418229,12.43980920269353,0.07896052090031272,0.964693716972699,0.499730227024335,0.5052829521397957,1.0,0.21747092440885601,0.04667089069076148,4.05164386681435,2.9536320929286264,1.0,0.0
359,stat3,thra,1,0,7.949580392233715,7.664891269767805,4.354976041712572,4.910900518620653,3.643973125860794,1.6752977656371315,3.9628125783292414,2.8136107413294655,2.9931728471068504,0.8367378123228022,0.3411386077329215,0.5021660442401609,1.224216803927137,1.0,0.07915213309229795,0.01869520339064641,0.10752627849425413,0.8943235571021755,1.0,0.0
360,stat3,topors,1,0,4.382222571166037,12.19271233637733,4.878808333049859,22.821620065791425,2.8322566066805464,35.40707662733724,2.7881825593760254,2.3086008694508533,7.946958557320845,0.5805222122571139,1.5514707775023757,0.49412188509698485,0.2881744398568622,1.0,0.18582172802377864,0.04394882525478788,2.8167291118861124,4.021749073489657,1.0,0.0
361,stat3,ubp1,1,0,1.5223854612891394,19.152606007946105,17.41310199263513,2.8164053990558084,2.557110187487642,3.733734598817069,1.2473347993923227,1.3999878996533959,2.455345029752955,0.14684977946888333,1.3257092178806333,0.490078451285806,0.6200024492911295,1.0,0.14978087399447182,0.028683849962156616,0.48884651828854503,0.8216372053508529,1.0,0.0
362,stat3,usf1,0,1,0.5875089196093124,8.47876121732069,48.458150737562015,9.294909762704297,2.301496611555479,15.22373370907538,2.113287386899323,0.5804712585189485,4.434048571231167,0.04749452004513843,1.6378570742193121,0.4794576878881786,0.4449866368040555,1.0,0.18683721648523172,0.0423895401825634,2.0762801516454137,3.4378687244314134,0.0,1.0
363,stat3,vezf1,1,0,10.336963726268186,3.207172107633605,12.496652790559859,16.53938821800237,4.848140320728171,1.538861888832159,2.6372647244553566,5.657336256855476,2.6862736443893893,0.38795511101905,0.09304224972222239,0.5079841154772613,1.15336333284947,1.0,0.08767246230247105,0.02776263205100625,1.0383915550719305,1.6422478255260833,1.0,0.0
364,stat3,zbtb7a,0,1,14.620176807206889,0.635331708601097,12.169442746107201,4.894761316056874,5.879045093914247,3.319307455754255,2.0702120834516946,6.641356150623593,0.5623408243331142,0.4830989566711963,0.6781346916478913,0.5172308914315591,0.7407171860103214,1.0,0.1320353400058217,0.036302288910327045,0.9876776906733786,1.9303387962875966,0.0,1.0
365,stat3,zfhx3,1,0,5.5910373037053525,13.613896586253958,1.920185990616706,2.7877695219619554,2.6589993260835003,1.7490535671437712,4.694477888854072,1.4293053318899374,2.3139360189322224,1.384761340347822,0.627402499871236,0.4917822923084501,1.1387921424723586,1.0,0.09136022121460263,0.017574130671698936,0.41748219601818487,0.45304108014125133,1.0,0.0
366,stat3,zfp110,1,0,7.462935587245021,3.9908803644433823,15.745363427279274,42.53372478064337,5.158314163864153,1.7851674301420455,3.138501593922875,5.0631299166737875,3.6485426695047343,0.32760845360528373,0.041970634816221306,0.5115540734219202,0.6694744513031549,1.0,0.12787796200377313,0.03340739634948043,1.501883586613616,0.7074163793949129,1.0,0.0
367,stat3,zfp42,1,0,3.0961700025722663,9.08107521137396,0.9408110488649781,153.58828809617182,2.459622038512726,1757.9047039763707,1.3714183770912314,0.7215567550279292,8.574120949564263,2.6143634701995535,11.44556480032924,0.48509574852462967,0.2610624775301881,1.0,0.25070610206282357,0.13408113419346196,5.369711364117806,48.15096999878316,1.0,0.0
368,klf10,klf13,1,0,0.011290522881834988,7.144418545856949,3.315429535249414,29.2605184738827,3.1668451794012733,49.14099938891734,5.112930031374193,0.011252204085928592,5.742336286225292,0.955183980154486,1.6794302340465883,0.7359326537826767,0.5965709058725299,1.0,0.21929892317989977,0.051031868132308304,1.974284172598023,4.529350478619995,1.0,0.0
369,klf10,klf16,1,0,2.4478248228102384,4.484116813205226,0.009209418342385645,0.5320381197602202,3.63492334255511,1.4446814313347125,6.693419801158189,0.009174899740737959,0.47560753405049044,394.6962997462775,2.715372033841868,0.7522251754488308,0.9567911357340718,1.0,0.15980774307587794,0.025259572350083533,0.6090189995278192,0.49286875463415786,1.0,0.0
370,klf10,klf3,0,1,0.9486324047867314,3.1668100622851356,7.066853310783594,4.782121212498083,3.4904860295714477,16.90860291293167,2.846954469969329,0.8363617986944059,1.905170525608693,0.4939236568339654,3.535795552137199,0.7482308607631314,0.40816583966113407,1.0,0.21822551501469062,0.04756277560580707,2.8974402340961447,3.6244472968082135,0.0,1.0
371,klf10,klf5,0,1,0.26005775339064313,8.811845414865894,7.503231052213305,32.9470066008115,3.4357115069212485,75.36807965467763,4.903194738943298,0.25134623475568396,6.952392487703488,0.45789760211472913,2.2875546955704706,0.7432125081164251,0.2972817292597512,1.0,0.2128422374872984,0.06279984154434869,2.5119684137639693,7.623608218359228,0.0,1.0
372,klf10,klf6,0,1,0.3016351904134373,2.2132256622941973,6.558303916171962,7.455563635786549,3.580093774658265,21.38370006178303,4.44136372608184,0.2883721298115716,1.706609199650843,0.5458871410076314,2.8681533826821246,0.7505925018881047,0.6498504476794952,1.0,0.17010178419497468,0.04306921648321488,1.7705864418336277,3.058179004538127,0.0,1.0
373,stat3,zfp57,1,0,5.424100829056069,14.599824989674689,16.190501415956316,0.3416184041941943,4.650506285842652,23.84290031169919,1.3604537549902167,4.062943706187631,0.33380770404911486,0.2872367054215759,69.7939572896828,0.5057107937062224,0.3271405832015618,1.0,0.1430908847700173,0.05866171829165805,3.026350741903996,4.655157703869836,1.0,0.0
374,stat3,zfx,0,1,1.064099577099227,32.12937529318367,23.995616934715567,8.334146189230514,2.5198263392233833,2.360580454694289,1.3152418766553025,1.0189151908573113,6.617587912570076,0.10501194222590853,0.28324202636913903,0.4870205166498527,0.7757934194085798,1.0,0.1568469889693637,0.027454556692326385,1.083045152029623,0.592496489398414,0.0,1.0
375,stat3,zic3,0,1,5.868247121633183,12.167928735611945,14.974936134371552,4.165279513923282,4.501751022362628,6.682611991605129,1.8675712038237826,4.216084692430563,3.103053822311062,0.3006190465166582,1.6043609964870686,0.50344956576735,0.9970804498269895,1.0,0.09982028299303072,0.032181179946403765,0.695155480383804,1.054890414860444,0.0,1.0
376,klf10,max,0,1,1.3647222243920705,4.198874387644434,22.958811292160362,27.253766559643847,3.654116102198046,37.314617847873144,7.409998867814341,1.2881516575177219,3.638331756176266,0.1591596383496475,1.3691545264472529,0.7576567186819533,0.442849659413795,1.0,0.23550057103817024,0.056120976074898896,3.0247012872692864,3.0630276157930507,0.0,1.0
377,klf10,maz,0,1,9.999999999998899e-05,8.490208880190316,4.243879428456288,60.770160785087455,3.271255733557782,99.6345230543733,5.927380348544887,9.999764372089562e-05,7.4494456388500065,0.7708173120148473,1.6395303511986572,0.7425923759271372,0.3510065165056766,1.0,0.21043985931139392,0.05299368087616556,2.7891883606240464,5.774351013558039,0.0,1.0
378,klf10,mecp2,0,1,1.67769900185264,1.8127474925212765,0.20368776249593096,9.999999999998899e-05,3.2825603616788266,1.3675647502725992,7.824128430348406,0.18163556920064955,9.999448381617251e-05,16.115648389747527,13675.647502727497,0.7391674631644088,1.1432348403939714,1.0,0.15432209500000021,0.025652180849710233,0.8790079268885598,0.8011537077608303,0.0,1.0
379,klf10,mlx,0,1,0.957107909425728,10.842573577158065,17.117681228875995,42.58482122883117,3.62421643117505,25.747065978357774,5.2030730688688225,0.9064265131850325,8.642178027216191,0.21172356131164083,0.6046066470493073,0.7556797962466962,0.5580483879080529,1.0,0.18121396171372106,0.040354518606614626,2.5734282214180215,1.3523561348722697,0.0,1.0
380,klf10,mybl2,1,0,9.999999999998899e-05,7.687935067647556,2.3904104733628353,98.4323972666808,3.0899490683743913,453.1985680178427,4.14827629691996,9.999581679304998e-05,7.130979163870711,1.2926437123693837,4.604160628029829,0.7298835086552827,0.2613819855028995,1.0,0.24559404908824795,0.08805078740464578,3.885416488211656,19.241533062305095,1.0,0.0
381,klf10,mycn,0,1,0.0350198468733904,2.7193797512349906,2.959822963813158,9.942654209919862,3.122007352032185,38.82412964438019,4.711312610014046,0.034610346357817574,2.135348287244792,1.0547953003277208,3.9048053793970894,0.7335677714590807,0.5650059063059598,1.0,0.11718344911553005,0.053250524566133856,2.006926506678142,5.365791904452686,0.0,1.0
382,klf10,nanog,0,1,3.111600733237564,2.9693747679324813,2.3196109631744806,3.0211259312513565,3.1054104749312286,30.10190250936607,3.444174801054378,1.3289305549639594,1.4975134068887617,1.3387634927718008,9.963802633310886,0.7303997323302345,0.22381156379194372,1.0,0.25405085175368486,0.06985845782648478,4.438890922569286,12.64556148838831,0.0,1.0
383,klf10,nfe2l1,1,0,1.731470959309707,3.1151718615520703,2.0599113213133573,2.345718018730356,3.8051389132597704,1.5688203241437066,3.2157321426100203,0.9407325264550291,1.3381179491402888,1.8472343318321547,0.6688017535001273,0.760573592844695,0.8196882370448121,1.0,0.15798736892452211,0.023840025673564223,0.8904922527813303,0.10593518684879824,1.0,0.0
384,klf10,nfe2l2,1,0,0.3202481021121572,9.775214043318321,2.2693172057432536,11.604358139601034,2.9468167235982503,18.03888696214718,2.495769534593523,0.28064344468361974,5.305769623423488,1.2985477376809031,1.5544924368188597,0.7226528854435831,0.3193584472237915,1.0,0.23144422579826238,0.0444486685620733,2.3965299619859515,3.4149447926590106,1.0,0.0
385,klf10,nr2f6,1,0,0.9485012983912237,3.067968536217775,11.058769535366414,8.846346153667028,3.7240557916008425,7.024457355119098,4.152994546242066,0.8735754700738912,2.277958268383122,0.3367513700046966,0.7940518303375781,0.7586872194966614,1.0092824431105383,1.0,0.17158157591160425,0.03759690777716422,0.8604692170381891,1.6356266407383917,1.0,0.0
386,klf10,nrf1,0,1,0.5683221443798623,3.4761098038896865,17.247939387846944,25.471326452842867,3.926949588185886,36.13568779379956,8.173772737760341,0.5501931974507724,3.0586863311672046,0.22767644875612505,1.4186810357403448,0.764441066138294,0.4960515812642562,1.0,0.18315490249201113,0.04274599741917537,1.5008892375679763,2.7659018168896186,0.0,1.0
387,klf10,pknox1,1,0,1.2188255908393255,0.4388488443938071,1.5198358774372447,0.40619576425299586,3.663776898411914,1.38848605943222,3.4688147530467157,0.6763942468807481,0.21094571803201925,2.410639828156836,3.4182681889499276,0.7547520624147916,0.9770578695462998,1.0,0.14444887966195788,0.026123904213801764,0.6775215803081198,0.4835468824630107,1.0,0.0
388,klf10,plagl1,0,1,9.999999999998899e-05,3.5364593776786597,26.52243630501006,96.10521576047009,3.913983994410995,50.83623413005808,21.084840785650016,9.999962296214144e-05,3.4109441762066695,0.14757256646410147,0.528964361900616,0.7627840909090909,1.0368085369988298,1.0,0.07895621032687267,0.030400683285592124,0.6901156955856032,1.533802722376109,0.0,1.0
389,klf10,polr2a,1,0,0.1471520316468654,10.586250015719788,6.698155429346067,44.57210204176272,3.4153937658962583,17.153848018147386,5.324843846088253,0.1439887375886816,8.5544871871542,0.5099006438298938,0.38485615962367553,0.7463041407438464,0.796777561182916,1.0,0.16159749870908707,0.031175750785717122,1.4490435931715937,0.3724934526230175,1.0,0.0
390,klf10,pou2f1,1,0,1.420715418730345,1.822826389148424,1.6141242885740161,2.3639534270361873,4.057581413511318,3.326128212245863,3.7826291340530074,0.7556284633435072,1.0292102471837778,2.5137973836549805,1.4070193491146756,0.7669401260738963,0.8427942554495543,1.0,0.10775190116062108,0.025373883415224768,0.6257375406455497,0.7170730979042312,1.0,0.0
391,klf10,pten,1,0,1.1236690691756641,4.255651048649999,11.916127565905441,9.368957416987987,4.098631861651129,10.399197917894513,3.5034283319910324,1.0268399381426516,2.9263970085392916,0.343956695577696,1.1099631960156497,0.76376803848001,0.6415315555134544,1.0,0.18533103524726297,0.03692685974678845,2.1039672172150548,1.1183566854449343,1.0,0.0
392,klf10,rad21,0,1,1.9705985947233609,2.1779501909263916,1.7389117993224399,2.8686123166613102,3.56983668004503,12.399103069817157,3.309075989866264,0.9237599532253424,1.2380099787474441,2.0529141739310774,4.322334878715187,0.7503763646629047,0.37348196967732955,1.0,0.19049137274612857,0.051064290141323326,2.597850492723242,3.4348179129208867,0.0,1.0
393,klf10,rara,1,0,0.9402117073099061,3.2590345816050688,13.387696339044476,16.04077323068028,3.5957014239187566,6.9911383487626,5.987112730230606,0.8785140713603556,2.7087023447557104,0.26858253525157216,0.43583549547293926,0.7494567251870135,1.0534941639600142,1.0,0.13017715525544207,0.020606640839847378,0.9642584772125928,0.8480788823375676,1.0,0.0
394,klf10,rarg,1,0,1.5577604615878269,1.3799352033237446,0.158072470897057,9.999999999998899e-05,3.2995123404409608,1.8661520683847905,5.654135143974258,0.1435099190410819,9.999275380802525e-05,20.87341535003734,18661.52068384996,0.7435225554527973,0.8062478052291412,1.0,0.11691270444563072,0.02811950203219167,0.6445858527274393,0.7933737029204003,1.0,0.0
395,klf10,rela,1,0,2.8854014601241387,3.1242828346291107,1.865273188759706,2.4449183282295723,4.0890912456418995,1.3959402332480864,3.749982181675609,1.1329047725131338,1.3715820530779383,2.1922211021329794,0.5709557726858395,0.765290638739809,1.0457168086261648,1.0,0.12262233329376682,0.023696931043645512,0.5036063448873427,0.2680160481357633,1.0,0.0
396,klf10,relb,1,0,0.00010000000242493812,6.955677433210804,3.0663065482315615,54.1530677205459,3.1657830924177093,38.40259530254927,4.8784890158786,9.999674127860033e-05,6.163950350071644,1.0324418131786333,0.709149027359334,0.7346577634452198,0.6546430085555623,1.0,0.15011917426583465,0.0304233158079666,0.9226698475707311,2.371118446219605,1.0,0.0
397,klf10,rfx7,1,0,1.508740104531794,0.9169475371296317,0.8293683993888945,0.5267729025219345,3.5640354220222377,1.7232386885333106,4.240884296897018,0.5351767736574697,0.334568315532535,4.297288665264236,3.2713123250707756,0.7532488710284178,0.8859395386467567,1.0,0.09822527160166138,0.022162670361624795,0.391126862537655,0.43803867877491753,1.0,0.0
398,klf10,setdb1,0,1,1.499741264429703,4.990198634715666,9.496584021382894,6.33667292436855,3.3476277274858846,10.742578613233627,2.628284090221631,1.2951980373268142,2.7917025818539662,0.35250861993620336,1.6953026835141767,0.7428698933019596,0.4409930946448948,1.0,0.20429829467714816,0.04586786373957398,2.0537497423104325,2.4653307469554115,0.0,1.0
399,klf10,smad1,0,1,1.4623355539614553,2.0779680430860528,0.7075120491423084,0.8401558252035591,3.5236998730652402,2.2540524934817174,4.288599340311556,0.4768169077113964,0.5982669121612223,4.980409700918727,2.682898131350323,0.7487601509395364,0.9646899900824184,1.0,0.10255299206601534,0.03013171743579139,0.7013822427627325,0.597210341828761,0.0,-1.0
400,klf10,smad2,1,0,2.9993063718317403,0.4398836252703436,0.15685383965211652,0.0001000000000002943,3.304995282150302,1.8189117403785562,5.108054022424545,0.14905856775048995,9.997727188173327e-05,21.070541145058325,18189.11740373203,0.7407197046533327,0.7515395583106382,1.0,0.15763157440946424,0.02675624245449092,0.9741359884414749,0.5489178206839285,1.0,0.0
401,klf10,smad4,0,1,1.6786842086837652,4.577464037461855,31.338364303677977,38.875860349290676,4.114589846055989,11.031082115078602,9.106701802274298,1.5933349482424761,4.095264405788921,0.13129561601187612,0.28375145954242204,0.7657240386018564,0.9686690714700116,1.0,0.14916551992361005,0.028814517804021507,0.5692270687297103,1.3761719622504123,0.0,1.0
402,klf10,smarca5,1,0,0.00010000000015342181,8.822568921098231,3.2095874011017553,49.34046983853435,3.197571561456399,260.3120170574912,5.287177587829849,9.999688458521187e-05,7.4843011134411315,0.9962562665714504,5.27583174439475,0.7363368124366936,0.17615915757405523,1.0,0.20249008568498497,0.10722232252362247,5.101791936513948,20.407809080934534,1.0,0.0
403,klf10,smarcc1,1,0,1.8890801637482453,5.317415182896856,13.232403227450668,9.397641284194126,3.7143259597158127,40.4805365728427,3.162395204294652,1.6530832200129415,3.3959204002885457,0.28069927252597854,4.307520935165597,0.7580643365895469,0.21752029171773507,1.0,0.2810000088211849,0.0783139074924588,4.752872420633594,9.61974807325391,1.0,0.0
404,klf10,smc3,0,1,1.689028590987775,5.4302608564907615,18.147591949114144,16.458092982137057,4.283112682140388,72.16144818546904,4.405963712198491,1.5452128853131686,4.083072612599308,0.23601548316439105,4.384557084699311,0.7717074222814854,0.24874524305250298,1.0,0.2861022371234181,0.08229342413011519,5.134991259753429,8.27685992705273,0.0,1.0
405,klf10,sox2,1,0,9.999999999998899e-05,6.095736529641204,2.468392889152032,295.1617068589414,3.102523879190453,1484.151108341723,4.008572188950097,9.999594894517577e-05,5.972393506408834,1.2569003471146216,5.028264418632744,0.7307912857112648,0.37355721939195485,1.0,0.1868417362739593,0.0845946191917843,4.619780628833057,11.992914962397936,1.0,0.0
406,klf10,sp1,0,1,0.9813609096402669,5.014638748486004,9.375188482252208,11.51119057738852,3.8672113905634813,4.267402187826564,3.640473278793171,0.8883695861282194,3.4929842958138355,0.4124942552231716,0.37071770805437276,0.7615667975354476,0.9646853588275125,1.0,0.09016944855401605,0.021848278095604197,0.22641241431398015,0.710419472766634,0.0,1.0
407,klf10,sp2,0,1,0.9936222155946098,3.751720801222458,20.67931571755217,27.52402191634828,3.925340466548615,20.748655691399712,8.111523196967863,0.948068395878586,3.3016784441973854,0.18981964974870363,0.7538380747719052,0.7559165737638964,0.601728124775861,1.0,0.1766334818998725,0.03193237906204574,1.6311849642299552,1.4258079775258286,0.0,1.0
408,klf10,sp3,0,1,2.722129776474443,7.099331715709407,16.96000968167493,9.851466709103677,3.706769873731688,6.217720864899867,2.770887536476199,2.345646796271765,4.125990310392493,0.21855941967632275,0.6311467163721024,0.7591840050373251,0.544267366277704,1.0,0.17811435223973002,0.04194876013570429,1.4430644262233314,1.0501095385313968,0.0,1.0
409,klf10,sp5,0,1,0.07269908959989937,2.2403510345867397,10.708985089066623,13.084736445222857,4.0668523791935,107.79091512489397,6.720653389835623,0.07220889182179047,1.9128375528668797,0.3797607658773909,8.237912591984049,0.7676210828009393,0.9055882555881332,1.0,0.1827005345286977,0.08792180503316983,3.884019769923288,11.025891370685429,0.0,1.0
410,klf10,srebf1,1,0,2.036098226046507,2.477097999426541,0.1362641967914905,0.00010000000000087717,3.191882084094858,2.995245579127832,8.819668240471007,0.1277168516836826,9.999596318185725e-05,23.424216773383474,29952.45579101559,0.7367126335881758,0.5200997698027795,1.0,0.1957959180937989,0.035103915273186265,0.9865186809357,0.8039797496310582,1.0,0.0
411,klf10,srebf2,1,0,2.730527112326154,3.3342026398984967,0.5091032577181009,0.0001000000000000445,3.7103413134386054,2.6057359668927926,5.614226741335095,0.4290984122839465,9.99970008721668e-05,7.287993657846684,26057.35966891633,0.7561362287884182,0.6670379763960942,1.0,0.1954856269798181,0.030537244271497135,1.0925900246295153,0.45184775728676757,1.0,0.0
412,klf10,taf1,0,1,0.003199264557779865,6.678039156392754,3.4623616231248917,29.84863759614335,3.2083128294157146,30.79934417611148,5.474724989348808,0.0031963111271398077,5.457117601539876,0.9266255748641616,1.0318509203948043,0.7335616049332631,0.4894378568786682,1.0,0.1442128149424424,0.036549218759563254,1.2688705317683775,2.4349617363359695,0.0,1.0
413,klf10,tbp,0,1,12.301207608125063,0.0001,0.669745710572504,10.076170066348826,4.748786376697823,1.6938043610816822,1.0544560193456423,0.6351638794758127,9.999900756927571e-05,7.090431938173254,0.16810001716212047,0.7803108202131656,1.1195643490533382,1.0,0.19102477312981134,0.034515722469959195,1.4872533230853966,0.9589269466553718,0.0,1.0
414,stat6,taf1,0,1,0.6092803007001963,6.716394593005413,8.634151535720603,15.070653794677764,2.19003481118718,18.23242053311108,3.4727679999060506,0.5691196232169008,4.645900438576755,0.2536479470074995,1.2097962557901702,0.9905232046705762,0.47696026417705695,1.0,0.1394722092773053,0.032723656665012445,1.4034916445374446,1.1029789984021707,0.0,1.0
415,stat6,tbp,0,1,3.874796147275848,8.502176979030265,23.54818462802635,5.449192413609385,2.44777800654338,2.60802750465085,1.9109262393426654,3.327297488907325,3.32082084485115,0.10394763100464685,0.478608077434977,0.9987413679195132,1.125141776937618,1.0,0.18962383206129374,0.030356846943319787,0.03099268802430026,0.561800811208131,0.0,1.0
416,klf10,tcf7,1,0,1.5755004107699129,8.367961963571236,12.51398641179667,12.132117524682002,3.4637062577104394,10.445483283985228,2.7582609039985546,1.3993263899843924,4.952229480002147,0.2767868002833435,0.8609777528724539,0.7483959906207324,0.6133680495123258,1.0,0.206677071908574,0.04720443161854791,1.8448832611730188,2.345975998785783,1.0,0.0
417,klf10,tead2,0,1,0.04213558431781994,6.658291352722676,2.24495236423706,37.728684404777255,3.0543363891851865,40.13264606626889,4.283486662931871,0.041359310074878856,5.65951090009743,1.360535055372185,1.0637170815632055,0.7288653104528455,0.5413167698567752,1.0,0.17907117888629348,0.03696086221992678,2.007076823314614,2.804884587899841,0.0,1.0
418,klf10,tfap2a,0,1,1.4608667119266643,1.048229550606382,1.546153568076446,1.0783781208966092,4.109015015893923,2.3771837108930014,3.1086033781064453,0.7511503311601148,0.531545065034163,2.657572378794111,2.2044064737853826,0.7649751069962443,1.1745304069130595,1.0,0.06817167265516312,0.021697041573459402,0.10914995793130297,0.9221739568461529,0.0,1.0
419,stat6,tead2,0,1,0.8385425297682368,5.151266453029301,47.16704173431836,60.67882927735981,3.3305573597843994,60.35828576725081,12.40587811369545,0.82389520102494,4.7481750436109875,0.07061196202519338,0.9947173748418281,1.0233414965986396,0.5394818231033184,1.0,0.18732819378213805,0.040752899645271276,1.060328132365506,2.7271159178437987,0.0,1.0
420,klf10,tfap2c,0,1,1.584845193700778,1.0848144909674897,1.94163845913438,1.9709196946269383,4.444543919161741,4.6366389203261615,3.1817036571410298,0.8725962411281161,0.6996951028476333,2.289068749257884,2.352525540724174,0.7721570450432523,1.059323081289295,1.0,0.06795345583039997,0.031799350183919405,0.9402198268403013,0.8570444195295299,0.0,1.0
421,stat6,tfap2a,0,1,1.7863995307733944,0.9874810894344846,3.1446554488979865,1.6332233428450607,3.394251692011368,2.046459383233851,4.161558883590318,1.139231065464562,0.6153983432918618,1.0793715709620428,1.2530186959420606,1.026573527099571,1.1484371059521572,1.0,0.08922978575197625,0.021760345876474352,0.49526216136528034,0.5546404221297587,0.0,0.0
422,stat6,tfap2c,0,1,1.404341660458655,0.8633965561020257,3.6471253130306467,1.588866268211866,3.5286480559239988,3.674612616119988,3.9171922736497007,1.01392527059607,0.5594105372716804,0.9675148927064979,2.3127261806970405,1.0300580781985318,1.0335679690707258,1.0,0.10163503332007602,0.03179107857552791,0.34716734077527356,1.2711024855739188,0.0,1.0
423,klf10,tfcp2l1,1,0,1.0287034781140791,7.179189281661529,11.876647395598866,20.91098986510738,3.510570360633573,41.569865968246326,4.2516260461322455,0.9467040922593694,5.344357311647116,0.2955859716719793,1.9879434802658904,0.750847992632882,0.29154191018234615,1.0,0.20244809512227394,0.05210919661063948,2.8000915204152306,3.5171023272340154,1.0,0.0
424,stat6,tfap4,0,1,5.065651210038937,0.5301772098807901,6.13723446313005,2.919336236916664,5.349085353596738,3.655655154302379,2.613174096425366,2.7750965323966534,0.4486909718323654,0.871579110384623,1.2522213467823762,1.0452465563665543,0.604252949542295,1.0,0.127757170655892,0.03127029382864055,0.9848014712866804,0.1589206360082318,0.0,1.0
425,klf10,tfe3,1,0,1.099627834137018,3.9764314856375904,15.822601000738198,17.287356036693353,3.9866460641649883,8.75542562506424,5.561161683720121,1.028172626586766,3.232819495376476,0.25195895820029796,0.5064641236335026,0.7615942154471993,0.8992605470217789,1.0,0.14862869913616933,0.030609936062671345,0.6295828703825397,0.7869325855968449,1.0,0.0
426,klf10,tgif1,1,0,9.999999999998899e-05,8.492385169662182,3.23962012066802,80.71189386932565,3.1919755248838872,166.37693065495395,4.962748611194769,9.999691331360019e-05,7.683896982247125,0.9852931535150768,2.061368190967268,0.7364318688926637,0.3311345155648409,1.0,0.2495348652407619,0.05825089925129153,2.4367360038408536,5.46571645786557,1.0,0.0
427,klf10,tgif2,1,0,1.6782207201491464,1.651883780181163,0.2603439902463642,0.0001,3.3198045086849364,2.538755558489676,7.427661629887865,0.2253804974653723,9.999394667180151e-05,12.751607999644612,25387.55558489676,0.7422765893066512,0.6997531825968809,1.0,0.18277031954751743,0.029679456430698227,1.1000563588846084,0.9273759023306027,1.0,0.0
428,klf10,thap1,0,1,0.2641709957585613,2.3234048262541322,105.74401328041226,125.29928033561923,3.9587294852541963,47.819161681782646,37.370514298111445,0.26351268512456094,2.2811066252735306,0.037436913565559754,0.3816395557396425,0.7609649122807017,1.0387702302378852,1.0,0.1996035021681661,0.03002802580528737,0.34575247053056724,1.289810794791655,0.0,1.0
429,klf10,trim28,1,0,1.3844616827195309,3.990669716333942,14.479497834612406,14.81163619625939,3.745399409283778,142.7266641850482,5.041572664045733,1.2636384954928808,3.14367547749442,0.2586691508272211,9.63611732653096,0.760641604907293,0.23234528633216958,1.0,0.2846787417223781,0.11373326369815329,7.3502417919416185,19.865667646517096,1.0,0.0
430,stat6,tfdp2,1,0,1.3831002388384193,12.79541040400465,9.951856136476462,8.239601702075873,2.186061555029288,11.44278367059499,1.872425439691327,1.2143332663566437,5.0120762855715215,0.21966370142919706,1.3887544670650902,0.9893299013427411,0.6300181350362702,1.0,0.2626240050689351,0.03986620451264331,1.1682080248665756,1.9916747727259296,1.0,0.0
431,stat6,tfe3,1,0,9.999999999998899e-05,8.23351296377089,7.773557388995037,156.26585556251914,2.278983179433196,69.69417258175339,7.783193103038599,9.999871360421676e-05,7.821409644883381,0.29317120404353536,0.44599744666466834,0.9921597633136092,0.9558662578683657,1.0,0.09247633404758433,0.01971613005464783,0.1959118690018894,0.844540269016052,1.0,0.0
432,klf10,usf2,1,0,0.8636078476912933,4.028073022416255,11.573712803196441,15.548119971913689,3.7672963178477556,10.49074579565237,5.158942753517095,0.803641675271291,3.199241171472757,0.3255045620975923,0.6747276078781859,0.7570617400415516,0.676161488912366,1.0,0.132847008664741,0.03167641945737524,0.6281134296042118,0.9037155208393394,1.0,0.0
433,stat6,tgif1,1,0,0.491408880685284,3.545768177899607,57.529893114501874,82.65170512921398,2.5172296974013677,173.90613278493774,20.740403862947925,0.487246914653629,3.3999115594972213,0.043755160337101966,2.104084029640534,1.0066325712978252,0.33574253022844014,1.0,0.23471528462008215,0.05902892479580792,2.8160551399396514,5.289138768501845,1.0,0.0
434,stat6,thap1,0,1,0.8704755182678111,16.248550972541956,48.28713114023192,160.43072330660573,2.5133046191033013,63.743349770201405,11.069558439509635,0.855061268482064,14.754230771236633,0.05204916009204083,0.39732632538456414,1.0008360614454794,1.0513066029735996,1.0,0.11500336962633706,0.02879706525948381,0.24663236159455482,0.8132885228751152,0.0,1.0
435,stat6,trim28,0,1,2.110933356589642,5.632241823991161,22.487201154790725,15.870123963583657,2.748098093130501,155.0271296416193,4.176107355690471,1.9297797965950327,4.1569554170300265,0.12220720907924282,9.768488891287298,1.0111047078441826,0.23844342551156072,1.0,0.33459435420632827,0.10533803234395216,5.459167316932674,16.51829345100321,0.0,1.0
436,stat6,trp53,0,1,0.13507742960537075,12.764289481529927,9.047549578842284,74.64261955976238,2.3062152928730817,621.1140837221841,6.9500045687129655,0.13309042610713345,10.900282531103086,0.2548994368890966,8.321172104964658,0.9927453166753843,0.28155590747607423,1.0,0.29591293340229924,0.10355275572149719,5.000276189621338,25.819619213863128,0.0,1.0
437,stat6,usf2,0,1,1.1852515695356833,16.177218863405784,11.098424892315867,22.032614115899392,2.2443372006365223,14.159170207937386,2.6141974246933524,1.0708866815113491,9.328133438293548,0.2022212361134612,0.6426459490215328,0.9963117192147529,0.677702319911076,1.0,0.2531443186196656,0.03770163535207772,1.0658192609575672,1.7437580743527183,0.0,1.0
438,klf10,zfp148,0,1,1.1766202877972856,1.7145792094911074,0.5641825623176843,0.8166734117862953,3.183081276410049,2.202527388398947,4.551571427667284,0.38133476677189587,0.5531851072558343,5.641934878904845,2.696950037324465,0.7314358106652339,0.8052347653484012,1.0,0.07695593326274376,0.02028606216465727,0.7334609557450544,0.8139032148502094,0.0,1.0
439,klf10,zfp263,1,0,2.1914041530324333,2.9192453402825493,0.33799142724665043,0.09831295345995855,3.563504356645372,1.4738499705803214,5.144330856124164,0.2928271967945583,0.09510988797550275,10.543179706285544,14.991411799876394,0.7482095479422921,0.8245396283392253,1.0,0.0726701286895374,0.026422080701160294,0.6475812555851838,0.5209950892039209,-1.0,0.0
440,klf10,zfp281,0,1,2.5405789988800405,3.04589529116937,0.5408073904806998,0.08834679869423728,3.8108450158079705,3.3838123495183288,4.836612207599273,0.44589146737271856,0.08585651344640573,7.046584575001238,38.30147101571264,0.7571282781535542,0.5526882486773936,1.0,0.18641446229982886,0.032446701688860304,1.9337015684484367,0.7261689954788928,0.0,1.0
441,stat6,zbtb7a,0,1,1.7853936499056784,1.9512424367292525,2.0799701665911474,1.4549063549573937,2.8038026452390143,3.4274930331890316,3.2440357716821433,0.9607285895252908,0.8334559629892723,1.348001375343836,2.3558169372965616,1.0107087875368976,0.7462157121159246,1.0,0.13449476664408536,0.027151613190897827,0.7682658635937437,1.6855676846537548,0.0,1.0
442,stat6,zfp148,0,1,2.6572849874178903,2.8226158317263117,2.2347731820893597,1.8857410638116703,2.625606264538934,2.801587913526442,3.651537485913933,1.2138917856833882,1.1304840944184749,1.174887136458373,1.4856694629450131,1.006986462130158,0.8196753136450776,1.0,0.151351831247252,0.02489922345244321,0.4699912930587599,1.2336434069972673,0.0,1.0
443,stat6,zfp281,0,1,2.919134921926646,0.6684803879940657,3.674879315144954,6.184864357851832,3.7179123148950657,3.295259996925442,2.503027704872304,1.6268494663532267,0.603276309444893,1.0117100443469704,0.5327942225187253,1.030902270838481,0.5487557753100429,1.0,0.13082139529074466,0.031102705581780257,1.2828115283667074,0.4057558795770221,0.0,-1.0
444,taf1,tbp,0,1,0.0001,4.774452344048568,21.082623880883567,30.921697934213153,19.833597568209274,1.139847491904255,7.476526525371066,9.999952567798845e-05,4.135857005114419,0.9407556516811537,0.0368623836352491,0.48064504338826686,1.1092434396942696,1.0,0.16743830163523557,0.032003048533307536,2.422469612339543,0.6402256922622915,0.0,1.0
445,taf1,tbx3,1,0,11.198736033034162,0.9395696481134923,25.39964412225483,28.36817857465647,27.842184763806276,18.51029644056759,3.3763219862544065,7.772035501331698,0.9094482236715337,1.0961643647365644,0.6525021122471465,0.4886447489892814,0.3382297736854002,1.0,0.2676762107999049,0.06558654388508828,5.485494705974965,5.82272602086843,1.0,0.0
446,taf1,tead1,1,0,10.788582967047084,1.3195677924771168,11.491694645461788,3.4033218356278914,16.574676228835834,1.529172259268922,2.8658995769756705,5.564522277089103,0.9508826661974271,1.4423178425978607,0.44931755888046937,0.47886911496207973,1.0155900529820796,1.0,0.20213257108905716,0.03800666869020177,2.1735469064958597,1.0312162523574755,1.0,0.0
447,taf1,tead2,1,0,5.004988403672018,94.89077135753182,155.67321246768833,44.72596273585244,38.40791445469915,50.37342765583224,1.5148030210622778,4.849087299570495,30.398083233164297,0.2467214098422433,1.1262681577886478,0.49177777224487834,0.5328429328719341,1.0,0.2977202379656257,0.07205726292017943,3.099611129433974,4.56429945027314,1.0,0.0
448,taf1,tfap2a,1,0,6.678405648901787,0.10731841524482272,13.66151180297178,1.9162010604795983,17.717784951483228,1.7916156351227939,3.2161974540886784,4.485618873005853,0.10162672688262546,1.2969124652535957,0.9349831142846657,0.4818592781170744,1.1297683972630945,1.0,0.153216122445663,0.02558060477634246,1.4727254860155883,1.016253845773564,1.0,0.0
449,taf1,tfap2c,1,0,3.3730426238325264,0.48518648501223327,14.305006354056642,5.342553059378186,17.70907582787329,3.7988331145233345,5.716906189270954,2.729452567236274,0.44479244827716335,1.2379635065909156,0.7110520143276737,0.48000552846878397,1.0399431952662725,1.0,0.10299393652719374,0.04142248393790852,1.658521336229573,2.668167256898444,1.0,0.0
450,taf1,tfap4,1,0,7.838482874398913,0.21916924450950548,24.331434305589628,2.2323877827426815,26.329855621220368,3.6685891839269003,4.260008862688661,5.928567675410921,0.19957550991353432,1.0821333132495048,1.6433476353376748,0.48515196880144956,0.6072534233945711,1.0,0.2390592962876002,0.04690158501714183,2.901829948271108,1.911478764882737,1.0,0.0
451,taf1,tfcp2l1,1,0,21.1555797053201,1.6100057328458213,3.1190187726063563,25.92913572436772,13.042798754337008,26.60535862886427,1.213507787142845,2.71825918382399,1.5158808501284833,4.181699343681093,1.0260796546280966,0.46825590525134225,0.2816418922671624,1.0,0.33851194471768353,0.09128762456472464,6.745175868124906,6.176339789817716,1.0,0.0
452,taf1,tfeb,1,0,6.342683233130884,2.078919897432509,11.825640041013534,17.475782644295048,15.886964117528615,5.722645401050069,3.2052093868073332,4.128410072707161,1.8579036006763543,1.3434337644668406,0.32746146581985675,0.4794354104611358,0.8782893706918287,1.0,0.20340917339793543,0.04845958347527108,3.605257056898883,1.7583398362803528,1.0,0.0
453,taf1,tgif1,1,0,0.5364159892472413,7.599060756729709,42.65181493269466,59.81212807054214,8.6792982781603,125.26380965326454,8.913056212956132,0.5297534770910903,6.742441471577629,0.20349188637942817,2.094287792360924,0.45915476544756845,0.32672484929136636,1.0,0.30600033734395177,0.0863349313378947,5.64774609426428,9.564223860620551,1.0,0.0
454,taf1,tgif2,1,0,6.3405913950514785,0.726000966169926,7.86018815152257,1.517405964492414,13.141034006289162,2.538740653193971,3.3112249751012075,3.5095426412033217,0.4910558941565965,1.6718472577203711,1.673079395099915,0.4737984696789441,0.7033043947564817,1.0,0.16029436104567235,0.04077250779470147,2.0020419202843924,1.3220429702288177,1.0,0.0
455,taf1,thap1,1,0,1.670108426010994,17.390067988651293,39.354950657871086,24.565789526636745,14.762598296970458,9.872258327461624,2.51501838934003,1.6021191965761297,10.182147985116162,0.37511413558380113,0.401870182790466,0.4758110177314989,0.9890815555464958,1.0,0.18017002495901582,0.032883438737309575,1.6682972958681241,1.3239340168553229,1.0,0.0
456,taf1,thap11,1,0,0.9287997622209575,10.248118313343225,21.46369725192933,14.311672017776477,9.628590483547084,18.62571570716832,2.5002216839791336,0.8902748492665618,5.971863200887928,0.4485988770029632,1.3014353378161116,0.46284647696371645,0.4792516762734646,1.0,0.25719924216666523,0.06172593391355432,3.6306045658357875,3.477971641400117,1.0,0.0
457,taf1,thra,1,0,0.0001,6.987872403893554,12.635844983162324,10.310729854522762,14.668678918167618,1.1351560551340885,2.475537848819229,9.9999208606874e-05,4.165080134111204,1.1608783534234641,0.11009463647582199,0.4780754577913761,1.1819680107453194,1.0,0.13936364444460575,0.02758006002085118,0.16384872086858981,0.8109927293970977,1.0,0.0
458,taf1,topors,1,0,20.3305931670499,1.492231588942349,13.393428784333997,32.060140439287885,20.197145367963103,23.393430047528184,1.735989610352041,8.074254966346809,1.4258650407542248,1.5079891559648464,0.7296733491179864,0.48735816693096856,0.2816042547213603,1.0,0.3373614445181548,0.06980097232358051,5.281174225265913,4.706744481275704,1.0,0.0
459,taf1,ubp1,1,0,10.325449734327279,0.4714775062683692,27.681580916952324,3.9706411964029056,29.50704929621815,3.127588372153845,4.117982339050817,7.520313148038084,0.4214358361114315,1.0659452357414998,0.7876784170242324,0.48977690893594095,0.6077253592683988,1.0,0.26570686022957435,0.05242242361520586,3.9562245348654734,2.2995907712400454,1.0,0.0
460,taf1,vezf1,1,0,3.3392752503136958,4.446862895692887,7.541013712149407,41.28913291440546,11.654760485641145,10.555172685911655,-0.9440286444677727,2.314416513948548,4.014499081090561,1.5455164160309158,0.25564045405828895,0.4694340123435327,1.1745538370017843,1.0,-0.0014308678639411675,0.028340716530242054,1.4962366349083729,1.8411261414386808,1.0,0.0
461,taf1,ybx1,1,0,0.661026562308996,7.1933669056157585,37.28360027756724,41.54255777095662,7.823863780881822,1811.9805503909536,6.840542932390198,0.6495109367127299,6.131634153396493,0.20984732489982402,43.61745274282923,0.45005714285714277,0.2692644092828783,1.0,0.4145104214186505,0.31370721425956194,20.924570578434704,278.34543880020175,1.0,0.0
462,taf1,zfhx3,1,0,7.3168396434413605,0.25510213594317876,18.219369810387835,1.9505420706865269,21.509444334628693,1.6220815789144334,3.9465083897195368,5.22036003613585,0.22559733205542393,1.1805811374642063,0.831605533298502,0.48413274366505016,1.1335770944095318,1.0,0.16691404096790227,0.034895740318878044,0.9638206236152025,0.6524179532435741,1.0,0.0
463,taf1,zfp219,1,0,22.157752594115735,1.9456306846823714,23.141875357421068,43.06376983262641,26.8035891898104,12.44519445360212,2.136781471924629,11.31956203442072,1.8615265038297106,1.1582289151520775,0.2889945423257688,0.48220900336455824,0.5392929420786382,1.0,0.22312936497161748,0.05622151548042123,2.907277612780223,2.1043272221584255,1.0,0.0
464,taf1,zfp263,1,0,0.27689249922201264,9.781866590300403,29.21938749764469,34.74497388699164,24.858205435115,1.4106423745289158,4.550136306980047,0.27429320683213987,7.632939943703212,0.8507435495394544,0.040599897387088094,0.49167730448804087,0.81126334854294,1.0,0.1267274934360982,0.02951466602223385,2.231969329349342,1.273501289371535,1.0,0.0
465,taf1,zfp281,0,1,7.145798020627733,0.8680418523067428,25.2573735435718,1.7083546551955275,27.629353888991727,3.3070689750902025,2.964362812911503,5.5699513708502995,0.5755804026960186,1.0939123912202509,1.9358210925539323,0.4904470492025114,0.5498708977057674,1.0,0.21390973815982087,0.045803749783011896,2.3909757265842244,1.6396130079469797,0.0,1.0
466,taf1,zfp410,1,0,1.8433433659422804,3.326529726585126,25.933659128395067,16.51274716242873,22.883086565798326,1.4885412553551085,6.353956401019239,1.7210150202017307,2.7687573801553893,0.8823701450114059,0.09014497955506579,0.48786755826591,0.8316221127616082,1.0,0.15935855135210006,0.03435167845271389,1.5468152084444795,1.0033786993642904,1.0,0.0
467,taf1,zfp57,1,0,0.37786165390730386,9.54942423918926,11.327590280448206,0.7397658107585352,8.024967010034683,20.246788847525146,1.0883051761130744,0.36566396770994264,0.6865785868749594,0.7084443214622654,27.369187049567287,0.45405833259457196,0.31675012929253676,1.0,0.3036314336152232,0.07913247520579435,5.93449790760419,8.19638994789793,1.0,0.0
468,taf1,zfx,1,0,11.0233640678018,0.4740788268469175,10.646453877257128,5.576097322095295,16.15637879028529,2.363140774785859,2.1329409003189688,5.415815555885891,0.43693102676115564,1.5175361652388708,0.4237983374898981,0.478222769623066,0.7811620067420185,1.0,0.22589623621295946,0.046012023548302944,2.8340013209043753,0.6787663890414922,1.0,0.0
469,taf1,zic3,1,0,0.06909450910732153,5.642083886186678,12.893094217817055,13.000691300805178,10.645838102294224,10.348911778359305,3.32194323952216,0.06872620316074436,3.9345532069035225,0.8257007916363993,0.7960278064381362,0.4662577773231649,1.0050640581717454,1.0,0.10512254988759497,0.04347228142801825,1.0428775600981197,1.6139033141542654,1.0,0.0
470,tbp,tcf3,1,0,0.8983524175415128,24.179364832327988,24.118639159208602,0.0001,2.206009714691518,18.447836024177352,1.037251516658567,0.866092860526963,9.999958642591682e-05,0.09146493299765023,184478.3602417735,1.1184371540120037,0.4078038697387618,1.0,0.32033044980924713,0.05769081286667665,1.8847439799113435,3.19814022817157,1.0,0.0
471,tbp,tcf4,1,0,2.906760200109094,2.15097348043283,17.005800380253778,40.23180936894465,1.053862625688322,14.666944462913907,6.797643920208298,2.482442351742036,2.0418091782687195,0.06197077480175591,0.36456089579295614,1.0998014627164685,0.5380588023144013,1.0,0.2463127528578771,0.04670920390173532,0.7485953403190134,2.1274417529956886,1.0,0.0
472,tbp,tcf7,1,0,23.055900487232762,1.5299414184972875,14.47283281673946,17.39929438708144,1.0874863082306079,9.155758597061881,1.7708560611913915,8.891432345673731,1.4062850401799099,0.07513983765312396,0.5262143621099837,1.1040768911585823,0.6073665246361062,1.0,0.16753918712239146,0.03737634500016815,0.8422546559945121,2.422402644449181,1.0,0.0
473,tbp,tead1,1,0,9.813310924862131,10.118671271939348,7.185049822753139,0.0001,1.0358591931081296,2.0603170931308927,2.3658191880345725,4.147995737247426,9.999901173771683e-05,0.14416868618333578,20603.170931308927,1.0941870922709336,1.0364618840005284,1.0,0.12400945902659406,0.02200309036511542,0.05175000504633061,0.26343106684490136,1.0,0.0
474,tbp,tfap2a,1,0,17.655344922118434,1.0687481528146403,27.371784859850518,8.601777074937338,6.361928443208435,2.0647991903090026,2.867212865160656,10.732602881301135,0.9506343392167177,0.2324265105758682,0.240043327363729,1.1423880011763552,1.156841253324084,1.0,0.18479148071024146,0.035983397711973425,1.2155949075290868,0.8989317781742917,1.0,0.0
475,tbp,tfap2c,1,0,80.26202566393455,6.675933970455624,42.70063135730988,0.7670315836463627,1.036523532264975,4.204069027068007,3.210501810267248,27.87219512729369,0.6879854768177746,0.02427419687525378,5.480959476378327,1.1304236383054467,1.051338048790831,1.0,0.05449806417662577,0.02692418898956092,0.7721912968979444,0.7268753424424647,1.0,0.0
476,tbp,tfap4,0,1,5.31390306830083,6.061838772492885,0.6264921148637549,2.549001870336225,1.8385226695669106,3.8397246767933915,3.776392351779287,0.5604203539986181,1.794440172531673,2.9346301828024437,1.5063640091746635,1.163111770015722,0.612551804316643,1.0,0.2148282252601193,0.040448221666250714,2.233225823234613,0.2355722400125541,0.0,0.0
477,tbp,tfcp2l1,1,0,26.550852486154916,2.790811727519687,26.29256865503869,54.151807767833894,6.1006993603122,31.205220809292122,2.0928443948351627,13.210539680555298,2.654031400806811,0.23203131806382357,0.5762544612190765,1.1553923069074583,0.28433064928694773,1.0,0.24346806774737564,0.05304591321032613,1.9898750986084273,0.907322779962678,1.0,0.0
478,tbp,tfeb,1,0,11.183028770061826,6.181431862083555,23.772625153373514,48.14740842432624,5.017833522018627,5.9796906122658875,3.5270816022608176,7.605349097813259,5.478120330599605,0.21107612178483193,0.12419548233139541,1.1364517310168938,0.8835532211327762,1.0,0.1956828635910745,0.03431482012994056,1.1920219569512427,0.33296962299739225,1.0,0.0
479,tbp,thap11,1,0,0.0001000000034704771,0.00010000000891336164,0.0005695155778201034,0.08102408304887224,1.0363517885702136,19.521831042057077,6.702381198958724,8.506383025279171e-05,9.987674093416552e-05,1819.7075355462405,240.93862352359938,1.091976903516964,0.47815629034139867,1.0,0.27783379941257313,0.04150432306752361,1.3607060903279837,2.342298667754694,1.0,0.0
480,tbp,thra,1,0,9.485672122169174,0.4675323019201031,25.149808248796365,0.39937271450617123,5.434851295781035,1.213649428472714,2.366330255610201,6.887816551939382,0.21538650832461748,0.21609911463405054,3.0388891989614386,1.1375,1.196199486986838,1.0,0.15200785680999526,0.025970784419393027,0.033235307105777316,0.04310762480085564,1.0,0.0
481,tbp,trim28,1,0,0.00010000000000000286,0.00010000000000021103,2.4604210412246688,17.276853731406078,1.049046828971112,138.9588816607231,57.1427635037745,9.999593582016758e-05,9.999942119447043e-05,0.42636882525153147,8.043066395134314,1.1067796274145691,0.23258210460820627,1.0,0.39217914174866386,0.09956269338986107,3.370644392948374,25.769072032471,1.0,0.0
482,tbp,ubp1,1,0,37.91831017057374,851.956789684465,59.288099360651174,147.90299286601024,1.1436556579310801,3.1842509130711925,1.9241942206368936,23.127122499662157,126.02462983902373,0.01928980133051982,0.021529320342799967,1.1556425780776043,0.60924760078306,1.0,0.30324874802100893,0.047133068824669055,1.1376167951733154,1.6386058402915422,1.0,0.0
483,tbp,usf1,1,0,3.1512563711244788,1.1015750796424415,29.6949754683208,10.074997428025988,1.178233368441638,13.273828527101434,4.381382538112966,2.848925900917327,0.9930026478654659,0.039677869735861584,1.3175019271148538,1.1081467888157572,0.4406211408661988,1.0,0.2835590760091317,0.04130726830125116,0.744797500991479,3.7590526021199224,1.0,0.0
484,tbp,usf2,1,0,5.3754771397238885,59.91709848650997,99.48691781053186,29.654554719655028,5.168802000258097,20.443921465802116,1.5757002784883107,5.099918351529117,19.83679894376311,0.051954589749195326,0.6894024091433041,1.1387466665419788,0.6863699786314362,1.0,0.258804979134455,0.038657744161282225,0.39610567353808024,0.8726580875641368,1.0,0.0
485,tbp,vezf1,1,0,4.769804507821628,1.0843206869966118,9.999999999998899e-05,9.999999999998899e-05,1.5663747997182327,1.3329317987756817,6.9881632691341915,9.999790352196022e-05,9.999077848649343e-05,15663.747997184051,13329.317987758284,1.1226500000000001,1.1287282083595884,1.0,0.12786900169263504,0.018578998916270763,0.34043906027311166,0.1171632803570697,1.0,0.0
486,tbp,yy1,1,0,0.14439169712310987,8.042153532713769,0.02640226892519252,168.16567404983985,1.046947198330476,232.7344541232616,1.2362556839634635,0.0223208612471189,7.675108354692721,39.6536828443369,1.383959333188801,1.0729026817338503,0.4795865877712033,1.0,0.3279118306613996,0.06540225541017637,1.2790942805133148,6.699864861016619,1.0,0.0
487,tbp,zfp148,1,0,10.013763445695492,1.7425114616670438,23.908761895754335,33.86791416615457,5.008911018138748,2.9619572388889677,3.5618822938474435,7.057749489275185,1.6572458086873505,0.20950106241294825,0.08745614578913037,1.1364517310168938,0.8256641704311215,1.0,0.15439666220236337,0.032514545469058444,0.5027434876546565,0.3730778005956754,1.0,0.0
488,tbp,zfp219,1,0,55.0447981434122,6.528667421332762,20.843564317717696,24.023804384332287,1.057303896011703,12.541614641530078,1.7533292421747553,15.118652626687835,5.133575771482405,0.050725676275672336,0.5220494822922135,1.0959960552268246,0.5400629498395236,1.0,0.2591765417669263,0.03631927781109071,0.8143338668950042,1.6233239247794615,1.0,0.0
489,tbp,zfp263,1,0,2.6235291743130698,1.9980382200532405,12.914554460435527,17.98494254225158,3.503517489410751,1.484495340650889,4.918227458746202,2.180559147232045,1.7982603802865034,0.2712844256566478,0.08254101102427215,1.136282031105563,0.8207319745781285,1.0,0.062012216145121216,0.011687290183496948,0.09315962833166071,0.08774059632088099,1.0,0.0
490,tbp,zfp281,1,0,7.06656529672516,1.5445575583563473,1.3190364852790575,14.061342252838697,2.0450461909350452,3.453949449805027,1.3170068980243512,1.1115549836853231,1.391688574194066,1.5504091158648974,0.24563440585536886,1.128911305293813,0.5562889806093941,1.0,0.18528834049961204,0.030131732515847456,0.4613420183446516,0.35384706612812467,1.0,0.0
491,tbp,zfp42,1,0,0.4509096533500846,8.668875796700458,0.10174940668742777,143.9084759894366,1.0544407047916133,1607.3961876238984,1.2941671852979653,0.08301644361876687,8.176342621239701,10.36311403791115,11.169572720246771,1.0729224791782914,0.25300538108029846,1.0,0.39499911816995725,0.11517011492423082,4.0128218624697,47.081090154753014,1.0,0.0
492,etv4,etv6,1,0,1.6428304399697515,9.999999999998899e-05,16.351726601003385,4.734715125718646,30.96308686965079,2.6727762334379763,5.342946100381366,1.4928466505190914,9.99978879851089e-05,1.8935668156138823,0.5645062400733764,1.3619019258426228,1.1139965442925088,1.0,0.042377147048363865,0.023996621805669676,2.584912660673728,0.14349525711206915,1.0,0.0
493,etv4,gtf3c2,1,0,10.90578069568039,0.41259470265489173,13.240295437521938,19.202764364879403,26.90020067513534,8.18216732886808,2.2616339516921986,5.980092069248424,0.4039160754590921,2.0316918759155724,0.4260932006140078,1.3439369089138156,0.4031346137444891,1.0,0.2013696150980873,0.0527330042923395,4.462961015759948,1.1828027059978727,1.0,0.0
494,etv4,hbp1,0,1,3.36690537725018,0.14889975654363777,6.317291904846035,7.923728769741783,13.57990778420969,3.251781906604746,2.930340522955751,2.1963332080613256,0.14615329825851256,2.1496406986975627,0.4103853124077485,1.284726544816659,1.0155919172347607,1.0,0.12063135893388167,0.035611996792762474,1.4483535954225695,1.5372918119584114,0.0,1.0
495,etv4,hes1,0,1,5.499180511108072,1.1067472326090508,13.817555795053647,17.38265687311531,26.205834212037217,17.858465970980692,3.7256492104986894,3.9336476066647648,1.0404990490611254,1.8965607666602133,1.027372633616285,1.3282012797994507,0.6771621873359414,1.0,0.11833121378322628,0.046039829008635826,3.8541796063148785,7.228024421945409,0.0,1.0
496,etv4,id3,0,1,27.696456470172848,6.2451310534344175,9.133302476909206,48.65632225736266,22.064584430527912,34.88145671558693,0.8979961402269723,6.868361936446482,5.534737074357351,2.415838573868712,0.7168946417915645,1.3282121454541347,0.8471374657780201,1.0,0.3064997774735234,0.09197258698102309,7.360463595994645,11.545426424659647,0.0,1.0
497,etv4,irf3,0,1,5.515758700208317,0.6500633805552272,9.114258341877443,1.7400648208345184,19.553157321182837,1.8000703325113205,3.6252323567816163,3.4362263284137358,0.47326014527555527,2.145337183535999,1.0344846415825038,1.317396649423956,0.9177950220514467,1.0,0.17408536815191894,0.027635366347918366,3.453350559251082,0.4907044293069055,0.0,1.0
498,etv4,jund,0,1,9.999999999998899e-05,3.6346852366772855,66.09104351783495,476.54690827563377,38.819598974486325,2080.6253155742506,81.91658330213792,9.999984869378566e-05,3.607172860217605,0.5873655023166746,4.366045145698062,1.3846448530737334,0.9489986031026467,1.0,0.00997298784381203,0.08085408201968952,4.342009527285027,32.99432729181339,0.0,1.0
499,etv4,klf13,0,1,695.5205778276165,10.922266765520735,99.23365995917456,565.8143652489642,172.5689802490846,302.79879313236347,1.0551005911988227,86.84326453792382,10.715420339136287,1.7390165828820656,0.5351557184291863,1.3616979945033718,0.614059145683941,1.0,0.16068473653729415,0.06936916591881924,6.328658918600684,4.715381925141261,0.0,1.0
500,etv4,klf15,0,1,6.644497934415197,25.950021185905573,75.60563089160044,20.614316641752232,16.25848545920302,63.33331440801838,0.575819583093498,6.107728528329071,11.48823280954501,0.21504331446573893,3.0722975448889294,1.3009572342837166,0.5777608787912909,1.0,0.24322646331805997,0.07516691310737078,4.759313670392469,8.295845492548981,0.0,1.0
501,etv4,klf16,0,1,3.377766366921306,0.9935817688167761,10.166792240523137,1.5886067555107093,20.530407543044806,1.6087853813604356,2.7822732469272893,2.535412920037189,0.6112685790460235,2.0193594063242513,1.0127020899160404,1.319682671829539,0.9657757912178225,1.0,0.08675581296815185,0.02038569468863607,0.7188731624430975,0.6232152938324325,0.0,1.0
502,etv4,klf2,0,1,20.802920169938265,41.423306908890595,637.7048033680494,265.8428708192502,29.071306875072544,5687.549907086974,4.854168827922479,20.145735034323284,35.83892932475471,0.04558740458207609,21.394404482465916,1.3339541951166751,0.3435255246356869,1.0,0.19146544866662477,0.20725308352401386,19.804495827185175,64.50024363775182,0.0,1.0
503,etv4,klf3,0,1,9.19404988795336,1.1837835681284823,13.017161176490436,21.261151667934303,25.2961453816491,17.9954679474597,2.550333373881376,5.3882892251548515,1.1213488352396375,1.9432920157226792,0.846401372254926,1.3296398891966759,0.41114108945585437,1.0,0.2621439540893899,0.07939314527799127,7.1708286185030925,3.8923597966376926,0.0,1.0
504,etv4,klf4,0,1,10.23786983930452,0.9990648190630121,7.973017298492708,17.304167949779337,18.040750862834056,67.70966970726764,1.7633604583853941,4.4823029603578775,0.9445318015739635,2.262725664253186,3.9129110341379385,1.3416324841642882,0.31552910134969686,1.0,0.18395513656896573,0.09459447640009282,9.659965235617271,14.797192576773257,0.0,1.0
505,etv4,klf5,0,1,9.414048338970304,10.235541411270477,120.86433551223791,84.28473551449503,13.51810369725755,173.03065092710992,9.953787371026735,8.733779644282718,9.127141061744265,0.11184526551994155,2.0529298676787406,1.2801541690742895,0.306471615928976,1.0,0.21607794202450992,0.07155348088067617,5.141136482827548,5.279159774822806,0.0,1.0
506,etv4,klf6,0,1,24.943442914882418,3.695987765122098,13.680521153928526,41.440856705557145,29.499449013677424,28.90399518691967,1.4445453878292334,8.834911347807774,3.3933453070564714,2.1563103248596858,0.6974758121504687,1.3540093504125315,0.6682160706424632,1.0,0.2008533268498558,0.06262426492848641,4.997799427979018,4.871610228105,0.0,1.0
507,etv4,max,0,1,16.66418105414599,17.216352003550014,238.99149166592917,108.12195847635849,15.730212647307168,133.0529027930206,7.571132420453978,15.577974253996423,14.85153014521123,0.06581913246223602,1.2305816937464502,1.3051646802511854,0.4642656026770456,1.0,0.24579666662948085,0.0674231339483322,3.6536128271211945,8.889619307159371,0.0,1.0
508,etv4,maz,0,1,7.52352609992104,8.101163348329884,92.4450195943684,70.84787451535222,12.342580719619729,121.69287789229656,10.538512327680207,6.957313551933294,7.269882190608342,0.13351266270240067,1.7176644849934999,1.2678824583033803,0.366262610449421,1.0,0.19425849417832813,0.06479869184595916,5.0109964597269,3.8826331882165217,0.0,1.0
509,etv4,mecp2,0,1,2.325470005924871,0.011018055083598282,10.842994520695916,0.0037032389138283986,21.783047794145027,1.159993203472264,1.622538800519675,1.914806276867924,0.002771664661232793,2.0089512867103214,313.23747413127774,1.329578608834903,1.1593709754804173,1.0,0.09375869612709684,0.024749948301993587,2.3795545091302177,0.4352571456105002,0.0,1.0
510,etv4,mga,0,1,16.111883425963104,1.394221843111137,10.218089629673832,24.106188315303935,22.167969656452925,23.983000929673455,1.7145411357049358,6.2526713795516535,1.317993479107088,2.1694827956955924,0.9948898024018059,1.3261237506458337,0.36286812605090896,1.0,0.25017894147482916,0.07269308539862891,5.1890888282565015,4.714301384308863,0.0,1.0
511,etv4,mlx,0,1,57.35589592177626,8.035747633606015,3.66275441051945,46.85362460336877,19.16106336678642,19.03250618742099,1.239419167633109,3.4428909786224806,6.859322446008285,5.231326269584372,0.40621203478999474,1.3250983281519655,0.550213939453898,1.0,0.20026287430399184,0.0423266775605716,5.045235831941973,2.027517297034449,0.0,1.0
512,etv4,mycn,0,1,19.63093755090374,2.989020350366647,27.37824414435047,53.13976834472456,49.373148845273434,41.99205974416808,2.343220637837444,11.433098421821693,2.82984637097722,1.8033716327809735,0.790219096774381,1.3625915614082238,0.5667394168346536,1.0,0.18233605128028751,0.06492663710915438,8.511630210123421,3.6507671720825914,0.0,1.0
513,etv4,nanog,0,1,3.125419279901886,0.00010000000000002727,11.973394705643772,8.129470619733928,23.42520324523267,30.730385258674765,4.829973242838051,2.4784647784070186,9.999876992276148e-05,1.9564379042971816,3.7801213259911566,1.3281916286054791,0.22808136583830274,1.0,0.16249449214934725,0.0901183746517755,7.115996598315651,7.032898542641671,0.0,1.0
514,etv4,nfe2l2,0,1,12.180950746905411,0.05652413274032936,6.469617531353724,16.961483567677956,16.06227897464248,16.465697451063686,1.519173041734037,4.22539899723052,0.056336391752177854,2.4827246582660902,0.9707698849197929,1.3050448830031278,0.32230915156108814,1.0,0.19333187857196496,0.045107685817967244,3.1222659760228186,2.3714005219963177,0.0,1.0
515,etv4,nfyb,0,1,20.414835906345342,1.7923838652834472,13.468459691371866,32.38184756504441,28.119979012529424,23.926824657748522,1.7394369646750043,8.114806711101256,1.6983761938284754,2.087839267213576,0.7388962167673556,1.3445747593613082,0.398019707229114,1.0,0.26722271248048757,0.0687242550262993,5.920676402406633,4.414801504282988,0.0,1.0
516,etv4,nr0b1,0,1,8.457759802003354,1.9381800029973326,9.008178579402701,18.022570492349654,18.222944753610186,30.305996495830975,1.9049864293651844,4.362148143110901,1.7499835859891437,2.0229333369652718,1.6815579391794013,1.3234001358153622,0.6402946948512056,1.0,0.17061358895042594,0.06914607077211593,5.800633155363004,4.917188855019217,0.0,1.0
517,etv4,nr1h2,1,0,8.802451282346135,11.98814857385671,119.99889604460071,78.43011663915145,14.585177990003633,86.46700937659357,8.095559582141702,8.200880334633956,10.398694209848554,0.12154426807878858,1.1024720232716088,1.2900398882824655,0.46350235958749075,1.0,0.1727731378486718,0.053860549960302866,3.3561282683698614,3.827657208490216,1.0,0.0
518,etv4,nr2c2,0,1,32.036550548363515,2.4856616801576994,19.927204031838635,47.352830266364634,38.26285367985601,6.116087199543036,1.707158030771864,12.285464828532183,2.361690954983389,1.9201315758458457,0.12915990797465335,1.3501030009272672,0.9526284712943199,1.0,0.12438910664373601,0.036843508771667074,3.561828934832059,0.4064807107264715,0.0,1.0
519,etv4,nrf1,0,1,13.163408387449984,1.7039401674207753,29.85685691465557,42.58428521414341,52.299630648075386,16.396719978235957,3.3989411540962666,9.1356480015486,1.638382966400963,1.7516790463768988,0.3850415686392725,1.3699938461973744,0.4758783806670117,1.0,0.22348289131436164,0.0614116467916572,7.018323185565635,2.6489029207955452,0.0,1.0
520,etv4,patz1,0,1,33.13801067584109,2.4533148224786725,9.145394246448646,37.637082607388805,23.028016949738532,17.36028034863674,1.3499501793316782,7.167354964212743,2.3031852651770137,2.5179906222939277,0.4612546761323264,1.3277592445337385,0.4437692196701206,1.0,0.18862490529711115,0.048010746326463544,3.1287669877543056,3.385870201817584,0.0,1.0
521,etv4,plagl1,0,1,19.373739574627336,2.654563575388461,11.26374709524028,29.30749756660892,25.094870481480886,8.96608896378915,1.5236111887782897,7.122676386907205,2.434092569326841,2.227932700307629,0.3059315775224882,1.3638282323023192,1.0127519681373507,1.0,0.11665090003394059,0.03536351800604782,2.558964910247183,0.8300224033036752,0.0,1.0
522,etv4,pou5f1,0,1,15.286411841977667,5.546970851604107,216.50659260882387,134.38841045319265,12.589579948381244,3934.2237531278224,15.740571058430014,14.278295192572259,5.32709160918773,0.05814871407231295,29.27502259949796,1.273774184906056,0.2821516874649089,1.0,0.29405713847482334,0.2356831372730216,20.595366645541382,118.80064420027585,0.0,1.0
523,etv4,pura,0,1,5.730130783406368,18.9920302294271,67.04078917908589,26.47380367501057,16.54406194145933,27.115358659303546,1.0552837403319302,5.278928588740356,11.058661779755552,0.24677606191754722,1.0242335779236196,1.3096022955105275,0.6752472478897709,1.0,0.15660446404127518,0.03973783610097638,3.31603312867869,1.5128395193912212,0.0,1.0
524,etv4,rara,1,0,5.410839514294018,21.35810499870508,83.85673605851984,40.80916542837983,21.48002843047233,15.031670704548418,0.9362853147394148,5.0828684221972615,14.020342764624937,0.25615149646991253,0.3683405565087831,1.3484591103252705,1.0669804823972053,1.0,0.08562323480487016,0.025174944215279542,1.5840101598430865,0.8141974016262787,1.0,0.0
525,etv4,sall4,1,0,19.461205792185247,6.17783954542593,311.61492129306794,183.9989535404019,15.079470524880227,206.20198261960834,17.5303964488373,18.31724372454798,5.977154168257939,0.048391362205336345,1.120669322580311,1.2955717426190276,0.5437090319537269,1.0,0.19536239474401648,0.05700704638457245,5.722583679209892,2.8136314079572116,1.0,0.0
526,etv4,smc3,0,1,9.046322714624834,14.710533159500129,91.88033129971305,41.903109471116174,11.989565375602902,148.0756278275239,4.227425904801872,8.235476903314064,10.888136723208548,0.13049109864975364,3.5337622839086076,1.2688269768876554,0.2552456986688088,1.0,0.31724962343230334,0.10316339799420057,8.65625553185248,16.86955289195023,0.0,1.0
527,etv4,sox2,1,0,32.94750373279949,0.00010000000000066668,483.4456411886263,339.14572677660254,11.882587721330712,1774.7265141888076,12.123945032478602,30.845349564219248,9.999997051482545e-05,0.024578953058953062,5.232931964252144,1.267649967333239,0.37874140802397005,1.0,0.23828937501001804,0.10717058502291019,8.02869696143058,12.17462516353035,1.0,0.0
528,etv4,sp1,0,1,7.319613555052261,0.48234779614018997,16.181845786003723,21.486276881556368,31.527928717769466,2.3911795021954787,3.282829894068985,5.039893737751015,0.47175726533297446,1.9483518218322866,0.11128868511640778,1.353015608740895,0.9516704357846861,1.0,0.1824587129798863,0.03177633680264906,2.16747206821538,0.3490452776790396,0.0,1.0
529,etv4,sp5,0,1,74.00656775324862,7.032678772623897,21.670277808966667,121.02206268499263,46.21430423668966,134.9807774440209,0.09502037764534066,16.762079408838307,6.646448866913731,2.1326124493691183,1.1153402482930843,1.3898305931321537,0.9079397522557695,1.0,0.17546778099883922,0.09564298251207573,8.8986820897789,14.227109279334776,0.0,1.0
530,etv4,srebf1,0,1,4.49409673846398,1.0316205735483743,11.185778296499707,2.0587600111962128,22.318936377233808,3.3207416277009068,3.071230341860872,3.2060185203891156,0.6872484230689752,1.9952957930712723,1.6129814109666127,1.3232217446785732,0.5278158517765913,1.0,0.1507360136584884,0.03385272848286085,4.032535435112742,0.5987730825998223,0.0,1.0
531,etv4,tcf3,1,0,27.98555614652978,4.491397728520419,3.8451181541895267,27.70849571852066,15.001522318809569,34.63182392084593,1.2123443325960785,3.3806311791415693,3.8649157313381552,3.9014463840244686,1.249863012148207,1.294361383208264,0.42988937745578665,1.0,0.22109575162904602,0.06174649059829349,4.519483832323969,6.917454423826542,1.0,0.0
532,etv4,tcf7,1,0,32.034889591801495,2.160214623582076,16.806948131867706,45.42603606125204,33.94294364235183,13.369927182321273,1.5850625769787356,11.023514938681322,2.0621500113720392,2.0195780564106407,0.2943229993542335,1.3476810441770848,0.615650488136431,1.0,0.1842870397763326,0.044304824020167784,5.260343898142116,1.2889828040055287,1.0,0.0
533,etv4,tead2,0,1,31.04310898085345,2.809156501962434,14.703271890521313,42.56392760700878,31.294479609889205,23.676859135936397,1.517404606944094,9.977516537448782,2.635234882846454,2.1284024292622696,0.5562658445090873,1.3475711113854314,0.5267673644297022,1.0,0.16056124134335129,0.05487444661293646,4.982513036499517,0.8385089763874919,0.0,1.0
534,etv4,tfap2a,0,1,5.013388537280469,0.005858711471641748,18.979812697481012,1.965671190852363,36.69619879676815,1.8254799045227958,4.800089428509179,3.9658390927602927,0.005841301388199703,1.933433136652526,0.9286801948454173,1.3839109979272821,1.1319706994328922,1.0,0.15405467527449188,0.04136896221195363,5.4476984797443935,0.3748307664664756,0.0,1.0
535,etv4,tfap4,0,1,3.200000739882831,0.10741935634361946,9.40111491364293,3.6647708151610696,19.30751756603355,3.864426716175843,4.053271338886381,2.3873739045449986,0.10436041244295319,2.053747639869226,1.0544797781593331,1.308793837169571,0.6151167385888279,1.0,0.13291219671562904,0.036309256193075005,2.5155214387512608,0.6507835783898115,0.0,1.0
536,etv4,tfcp2l1,0,1,32.409007059056975,3.595822436496055,9.446744624293784,44.311735640291886,23.59208442980921,59.342463841609735,1.3019534382388116,7.314636600723836,3.3259289267061414,2.497377177862781,1.339204230755761,1.352514295604336,0.2956205162722695,1.0,0.13477438649001136,0.060697243694546946,6.812071897446877,5.359314007860795,0.0,1.0
537,etv4,thap1,0,1,18.19386197600606,7.479401730847517,263.77916105122824,146.92264060397264,14.020151706983373,55.597868638043046,16.273081338451437,17.019931895574256,7.11709143102586,0.05315109673982372,0.37841593650570243,1.290084009636076,1.0376212062838233,1.0,0.15647762188070516,0.031331019060220296,1.6673093727428572,1.2208709399793543,0.0,1.0
538,etv4,thra,0,1,4.173398885953377,0.52183549599985,14.301222391877028,1.12216204777664,27.615033798829476,1.360969111089662,2.9760901317200883,3.2306321575129053,0.3561951725600288,1.9309561827745982,1.2128097842786385,1.3365823919425284,1.2032822914554457,1.0,0.13109218097951805,0.034312844767033605,1.8151784417523447,0.21581197685816186,0.0,1.0
539,klf13,klf15,0,1,41.48770907328073,12.633176363163548,178.9704024057659,448.0553719596937,251.76367843768756,41.958978689803686,5.375643098108668,33.6801941100004,12.286744602261722,1.4067335998210644,0.09364685999921064,0.5859658381070119,0.5606827142111079,1.0,0.43386295087021787,0.10911399465120243,12.434044233497016,11.233548031294152,0.0,1.0
540,etv4,trim28,1,0,26.10833299914715,1.9555759910062624,17.74225558872545,41.600150882425424,33.551175931192084,150.96075148103978,1.7486077438883854,10.56361458269075,1.8677740478148865,1.891032161238429,3.6288510565190113,1.3356623575514615,0.23470041706167474,1.0,0.30594135860945854,0.13945499934757147,15.799230847844083,24.362285806665692,1.0,0.0
541,etv4,usf2,0,1,9.524014389052713,25.96393352267758,144.07389439165166,53.903339162784704,17.698524482821554,28.83420715693318,2.214674152448552,8.93346696036091,17.523356784507236,0.1228433822626446,0.534924322032364,1.3031975364510324,0.6852759801626034,1.0,0.18103092647533878,0.048769476836859116,2.84701044043234,1.9582548654700564,0.0,1.0
542,etv4,vezf1,1,0,2.6530548687649818,0.5059887091048951,7.089695377534025,0.936513385180572,15.54753973192353,1.4389729765122954,3.011135300224228,1.9305997140358153,0.3285022605542203,2.192977117351318,1.5365215268491252,1.3023275717859242,1.1349603174603176,1.0,0.08939087396100359,0.020856372460426105,0.7273154048189835,0.3249125559079661,1.0,0.0
543,klf13,klf6,0,1,14.577332377801177,19.843341418074125,250.579979896775,485.23309746253716,369.8218052164754,23.596764193563217,18.304626814810888,13.775926535246686,19.06374021650762,1.4758633366034326,0.04862974994277884,0.6186914422480086,0.6561391057813638,1.0,0.392099564436631,0.09758840457971502,15.234372197540845,7.8654532427559,0.0,1.0
544,etv4,yy1,0,1,91.02049211200693,12.078303369521672,7.4809625968344635,71.23521598208904,26.498257993037026,59.48958263867219,1.1744508989187779,6.912800415467077,10.327262080886227,3.542092030275575,0.8351147928523147,1.3564053333333332,0.46521704986739415,1.0,0.1749388927202712,0.06681965963793972,4.5573034905406065,4.651473249729721,0.0,1.0
545,etv4,zbtb7a,0,1,1.6517702960477147,0.0001,8.174864280881627,4.019741565017987,16.848132819023103,3.626736005866744,5.94657293672687,1.374122329234023,9.999751233976805e-05,2.0609678937943294,0.902231137799655,1.3047057076694575,0.7563894911242603,1.0,0.1158795354057801,0.04059226624792815,2.6023521304080783,1.605914420148195,0.0,1.0
546,etv4,zfp110,1,0,4.246714828410783,0.6869082781578992,11.727591582009838,0.1677994769689584,23.64425504048621,1.7682596538066757,1.645086178037161,3.1177401881046847,0.13485644550333548,2.0161219697279167,10.537933048109501,1.3294760738874594,0.6667867205318943,1.0,0.11470727155034526,0.028544915067275807,3.0838357903832216,0.5892353615250954,1.0,0.0
547,etv4,zfp148,0,1,1.393194709159577,2.3147467395647423,10.935357851071554,5.460541006617114,21.45423704304334,3.947297907343532,3.5518413219497837,1.2357559921530568,1.6256336619224725,1.9619144919835467,0.7228767081064266,1.3358695930845712,0.8342237815962604,1.0,0.022227721703341797,0.0297865419778292,2.3509425029993722,0.5269240281881434,0.0,1.0
548,klf13,mecp2,0,1,4.759983329053499,0.21010688326515378,43.46819988530121,0.11887370742841342,69.47176503156663,1.1684472022081587,1.694749190369322,4.290186629638883,0.07591993228932482,1.598220428149327,9.829315729147304,0.603189709314139,1.1301225547211935,1.0,0.19818083840795947,0.03360877427983717,4.0166783987635215,0.5360192498677577,0.0,1.0
549,etv4,zfp263,1,0,3.718595787535304,0.4872083947017922,27.835754558703087,0.08707496032574644,50.692875464532925,1.403161070736376,1.3255460752274004,3.2803692203791295,0.07387233369665541,1.821142493465598,16.114403790563514,1.363157166799891,0.8111206245278266,1.0,0.09201093573131763,0.028816490193356706,2.070364933558491,0.36047670779699237,1.0,0.0
550,etv4,zfp281,0,1,3.268631174539295,0.6437930740042349,12.87706630988641,2.4366418485710075,25.255774603781557,3.4875912989889706,3.415890290930756,2.6069100091653015,0.5092440468203313,1.9612987924424488,1.4313105970146178,1.3504288786106498,0.5594516731341859,1.0,0.10689453932144631,0.030767351885269523,5.17085105317349,0.5210720977963603,0.0,-1.0
551,klf13,mga,1,0,41.98564962988945,7.699588088251363,114.82066283544059,206.79016232295035,167.77646156133022,38.89253375842121,3.873819084120092,30.74378859043933,7.423194197097642,1.4612044332280607,0.18807729207969565,0.5979287125284491,0.36642291383686476,1.0,0.4089401837294605,0.10929789895490218,12.041920364676653,14.904169104696198,1.0,0.0
552,etv4,zfp57,1,0,13.70828937887518,1.2725459479081906,8.439700192751337,20.19040366259771,19.67805320006683,28.525287391248867,1.704301923144861,5.223672881867244,1.1970962441664044,2.3316057147347315,1.4128141204076743,1.3443801539894908,0.33113973889198955,1.0,0.27653986133781433,0.08415463545977972,7.019189343944255,6.269365776049722,1.0,0.0
553,klf13,mtf1,0,1,19.279026288365046,0.00010000033165891153,241.02578915369406,12.323858218594408,339.29344968512146,2.1400422981744365,4.686612610700308,17.851158524965168,9.999952022591621e-05,1.4077060005755875,0.1736503504191172,0.5972634514953402,0.8379756424450793,1.0,0.260242956055685,0.04494961486467244,5.077426403245255,1.0510729083545591,0.0,1.0
554,etv5,etv6,1,0,0.00010000000000072276,10.72486903211181,14.019941474070952,4.116576435469044,9.82553228585505,4.5583893332274945,1.366159838312246,9.999928673607097e-05,2.9747603242232947,0.7008254851867098,1.107325323526541,0.3891372643174917,1.139228719964824,1.0,0.13641355376456504,0.03527244884040359,1.3774149507499112,1.9674125437136991,1.0,0.0
555,klf13,mybl2,1,0,7.544013598586139,53.52883343042575,261.54564330399154,108.22145819165955,32.23408909512619,479.007488168703,3.0919422494435764,7.332514792460502,35.814268716583626,0.12324460345784032,4.426178469341853,0.552931612541017,0.2482794867300806,1.0,0.5320948890623495,0.16341588785764677,14.626707889231557,39.461907454627536,1.0,0.0
556,klf13,mycn,1,0,13.492674951804977,9.16180312982243,109.3698698692725,184.70553693373833,158.7553027639432,29.37144516158471,9.557541438686304,12.010919241631589,8.728833674719244,1.4515451371908923,0.15901767564294234,0.5860979514679217,0.546789802534331,1.0,0.40973323879820384,0.11784885295065016,8.748262547793784,12.238534857309045,1.0,0.0
557,etv5,foxj3,1,0,21.818878186624985,1.193589265321399,6.974672173955922,29.647267292525733,12.668749281611886,4.443578635895072,1.3727914426121464,5.285194797079443,1.1473954985685757,1.8163935114998209,0.14988155879767465,0.39065504657366035,0.8481362525859851,1.0,0.16086768034018958,0.03350571890117259,0.7888715431153653,0.9827154615849198,1.0,0.0
558,etv5,foxp4,0,1,12.026037198753782,2.011402066002059,11.851016754840451,17.642336281129776,13.429193306332213,4.557698377058239,2.211807222677026,5.968942760432629,1.805551240084873,1.133168029725987,0.2583387089119908,0.3964960005232465,0.5900937230448876,1.0,0.2905171394940011,0.04889815135789236,3.2745802595362936,1.449094272110317,0.0,1.0
559,etv5,gtf2i,1,0,10.387039277241911,0.8263890711246216,4.604566170613834,16.23905058612267,9.563323638275229,4.39930468847981,1.5167472615070274,3.190306057291956,0.7863714149381784,2.0769217520008714,0.27090898357317167,0.38813651187191117,0.558756463659868,1.0,0.2185460564560859,0.035562510244984975,1.7754292316242626,1.5124926970802248,1.0,0.0
560,etv5,gtf3c2,1,0,18.071102806104598,0.5417334750743986,3.1554663619357823,22.157391733912355,10.847523031269704,7.968330577026084,1.2022580988704714,2.6863859428400825,0.5288045557740199,3.437692495195886,0.35962403304132523,0.39240347433090883,0.40105824880543944,1.0,0.24904361024516808,0.04900638070566903,3.120915583385697,2.3184903113296707,1.0,0.0
561,etv5,hdac2,0,1,0.8480320283974982,12.243312385548265,33.857050218245085,38.862991676342546,9.688913940541228,108.58349714041404,4.275342973742245,0.8273100397251463,9.310235910509313,0.2861712369531829,2.7940076781714454,0.38469553130724904,0.23529721022470806,1.0,0.3343754764340287,0.10482575956687618,6.510114804058366,18.30689775368318,0.0,1.0
562,klf13,nfe2l1,1,0,4.903292370734635,0.380912533732164,84.06474684931226,0.1904178962958451,129.03104283195188,1.6829495936679584,1.5622801754976336,4.633057393278966,0.1269537898452966,1.534900748148836,8.838190245801387,0.6076591635428683,0.8325363033625094,1.0,0.21055646565908753,0.04713233118755932,5.499764627941709,1.8637672186340293,1.0,0.0
563,klf13,nfe2l2,1,0,9.956827267156307,0.4366422019997144,174.7076770145782,126.45693914117862,248.77206058556743,14.501675307459386,18.320238126398273,9.419970389254443,0.43513971140445307,1.423933194216812,0.11467678567855795,0.5905612158362578,0.32126023944549464,1.0,0.3237422269644925,0.07803432250491844,8.428363607502838,4.953805356182658,1.0,0.0
564,etv5,hic2,0,1,11.261931916176081,0.12986637027063222,0.6441695502467472,14.805190802164947,8.285349814198087,4.570600707760062,1.0607554752734902,0.6093173015375172,0.12873712958996072,12.862063739312747,0.3087160961878119,0.3846512291841795,0.43340389364695886,1.0,0.22047330906120005,0.04486143360127551,2.244343495863028,2.4109898010163606,0.0,1.0
565,klf13,nfib,1,0,8.785564232593353,9.999999999998899e-05,323.7602368358867,3.652289230273414,509.69624172575334,2.4708743322486266,3.9647077060557194,8.553457441176887,9.999726206616828e-05,1.574301547055382,0.6765275629782624,0.6387460866276993,0.8041751255287658,1.0,0.23319382476846856,0.05147922930931485,8.482197906962176,1.4044264427739317,1.0,0.0
566,etv5,hmga1-rs1,1,0,1.2493952377853932,19.496005473015735,27.076351069555326,9.32958789132595,10.67021000492038,19.819370666857484,1.5467632411339296,1.1942867706239726,6.310007023663778,0.3940785808807884,2.124356498670671,0.3896338002792666,0.6295038799708707,1.0,0.3607359186575095,0.07570388676556572,4.201415762107049,5.183849690791821,1.0,0.0
567,klf13,nfic,1,0,14.519711406316837,0.00010000000000021103,260.5011737040511,12.932099935340116,411.91224891434393,1.717247263570573,8.226455947379065,13.753144099117156,9.999922673657067e-05,1.5812299156176055,0.13278951385751173,0.6428418867484055,1.1921298756509724,1.0,0.1698757381229621,0.04108088600595854,2.284357997922056,0.8303360839050709,1.0,0.0
568,klf13,nfyb,1,0,7.074502259953746,0.6541660766428117,336.17397311091435,304.11745827244056,503.5368820113898,16.584884421700856,43.52749181704939,6.928693652436947,0.6527619654275888,1.497846122207852,0.05453447005611712,0.6149750032836447,0.3838968687415876,1.0,0.3707073349772252,0.09737939892411804,11.086714922198887,6.922776317132994,1.0,0.0
569,klf13,nfyc,1,0,7.1353832136972875,0.7740028880897886,424.8692478291485,354.8446407841384,623.48963807392,20.06743223809331,54.39427017763289,7.017528704861562,0.7723182731759443,1.4674859177490815,0.05655272739570801,0.615960809054585,0.4330489982146399,1.0,0.4096869301635426,0.10410345949315533,10.8825215578646,9.291834717755673,1.0,0.0
570,etv5,irf3,0,1,0.0001,6.819510224133257,22.905182535499257,25.74695674833016,15.8540683369023,1.529549749498896,4.772790063583357,9.999956341948698e-05,5.391485509742808,0.6921607506218781,0.059407011261557986,0.39333745840777595,0.8995752991505984,1.0,0.18933461647698646,0.032789919439897015,0.8450404271918204,0.5405108783293979,0.0,1.0
571,klf13,nkx6-2,1,0,6.455438918383127,98.95994179846319,278.1837140896284,74.2967361422009,43.44417416354592,465.0130908882115,1.7761500614799672,6.3090335795933425,42.436463470493095,0.15617080354872456,6.258862973444695,0.5785221482577251,0.5003219887864262,1.0,0.4372582107353305,0.1439038293580003,15.19731130767764,47.5182853416171,1.0,0.0
572,etv5,klf13,1,0,3.4306049903565943,31.464025682424335,80.87677187335731,51.10380727113189,16.838355293501916,84.0946885727066,2.7355103794826237,3.291008064943001,19.474066920867433,0.20819766792706104,1.6455660167654667,0.39639250484212424,0.6076999428889583,1.0,0.3366041147880139,0.0786202500082756,5.024668942015699,9.673729522563747,1.0,0.0
573,etv5,klf15,0,1,1.4895639642286007,24.776485032684842,29.974784417770216,7.67132415763075,12.876198652857857,35.98800748053649,1.3747013491898106,1.419046031468937,5.857666601082577,0.4295676817353304,4.691238010681484,0.39540450847293745,0.5554652725661198,1.0,0.3653564162705587,0.0874732081732992,5.721288656078842,10.146329251299848,0.0,1.0
574,etv5,klf2,0,1,1.7177473487233983,14.120730553782789,93.70645370903894,107.10550507929,11.843730393259031,2286.7104392839083,8.646314980103867,1.6868258851812499,12.475913074041332,0.12639183241352975,21.350073813582792,0.3923893942126827,0.33992040472151175,1.0,0.3949292959237614,0.24397686492599902,18.387969269020246,123.63067455890231,0.0,1.0
575,etv5,klf4,0,1,0.19132996930676133,10.57554271644057,16.09449150381772,8.860314747815966,8.456829399779695,69.91455733494529,1.8586152441779387,0.18908217620554524,4.821121850114393,0.5254486852084564,7.890753243520943,0.38085742863649064,0.3133222310216064,1.0,0.30657691743644344,0.11738479434081661,6.860371670728103,18.803089052718292,0.0,1.0
576,etv5,klf5,0,1,1.5479026101488,20.320641006909867,36.12993514887566,19.907100198385066,13.864208376471241,55.466588934180244,2.064462667641871,1.484310784475853,10.055872502399462,0.38373189210949044,2.7862716508896606,0.39078339527592487,0.292486582842411,1.0,0.2936254121352257,0.08425118654595355,6.056516958495145,13.036336075902279,0.0,1.0
577,etv5,klf6,0,1,20.33146725602283,4.695528169071833,22.704004327717705,57.25068167807548,19.745263309132465,21.789431351405025,2.2639438037403217,10.726168520574431,4.339606719786225,0.8696819743390762,0.38059688920262114,0.397828704023788,0.65142450110238,1.0,0.2914911652538106,0.06871415148000404,3.777424243398676,5.342151681668508,0.0,1.0
578,klf13,nr2c2,1,0,10.513813799944892,9.999999999976694e-05,495.18170042625934,180.1849474680773,739.8352540586008,4.814438403065547,34.35987725132429,10.295223210330791,9.999994450126613e-05,1.4940682448922087,0.026719426182470116,0.60934100509648,0.9490215832251893,1.0,0.19059658432222462,0.041399850357213795,3.804487610845344,1.4213829518277092,1.0,0.0
579,klf13,nr2f6,1,0,1.482956221932838,5.327503655716534,129.78611517060733,206.98047070130423,190.85226122985253,4.109063781457342,26.29620901200279,1.4662031579182915,5.19381910953955,1.47051370617706,0.019852422634535297,0.6055225146414128,0.9853398692164614,1.0,0.395130991096963,0.08200329039399913,7.121545628346362,2.8837684406992246,1.0,0.0
580,etv5,max,0,1,1.0945754838976656,14.49105763134222,31.82526694672378,25.468721292383382,11.27529566622144,37.32716213328844,2.8523885597007124,1.0581811575130604,9.236004752403435,0.35428754407925445,1.4656080179593238,0.3900487208423257,0.44571470651807926,1.0,0.2675222949589575,0.06969475712460223,4.401314749510134,3.997747889092815,0.0,1.0
581,etv5,maz,0,1,3.520879582620955,38.599133101194845,70.70570647677081,32.99824204161794,18.94472484209816,67.26835700613542,1.9472628127415552,3.353869435806469,17.789807714727566,0.26793770667325323,2.0385436570013464,0.39688302855983265,0.356986647500891,1.0,0.3707294935482629,0.08375472424863326,4.537943388700606,8.074652003656459,0.0,1.0
582,klf13,nr5a2,1,0,17.00936756766874,0.00010000036063795292,296.1452609332644,21.798850205813128,451.0737108363967,4.840046932109336,10.251175937218363,16.08548345828474,9.9999901896957e-05,1.5231501912773981,0.2220322120851417,0.6314441270618566,0.5132369273984206,1.0,0.21942594283098293,0.05459675589017544,4.7630282893489415,2.1682111088001292,1.0,0.0
583,etv5,meis2,1,0,3.919762236559621,6.144676586433043,21.273730807521474,24.800460960455133,16.66326164041135,3.066568600029391,5.946362109288071,3.309900953557874,4.924547889488367,0.783278767188308,0.12364966138811291,0.3965097933236844,1.7636644050721078,1.0,0.20366355545172912,0.041431003541539696,0.5475398347818964,0.8072758548780045,1.0,0.0
584,etv5,mitf,1,0,0.3345148369712382,9.46436741384554,32.44028331266622,51.85336499710153,8.785633481081648,31.932366047645655,6.533425694529845,0.3311006229265628,8.003546098015708,0.2708248074285875,0.6158205171338561,0.3867846691947235,0.5358395030443867,1.0,0.19492251569964242,0.04344461206633734,2.8115762153718595,5.277869224473024,1.0,0.0
585,etv5,mtf1,0,1,2.396240888651206,23.316437374246213,57.097725712466676,40.7304322501921,14.055498425293674,12.226548636638679,2.8621331244697537,2.299727397880933,14.828024825513259,0.2461656440761669,0.30018214787251646,0.39231790315056336,0.9050178269844248,1.0,0.21561584689804666,0.043506684454729445,2.0567085868129396,2.328681924994481,0.0,1.0
586,etv5,nanog,0,1,8.962721681614928,0.8065024890868263,22.72017527385974,21.691612249700224,17.8801001676729,29.611512642915084,3.666395167176586,6.427272348967663,0.7775913437550858,0.7869701686784302,1.3651134965002112,0.39434788061580445,0.22512862648973495,1.0,0.3178038636576775,0.10225800558894178,7.156063469765538,15.44958121301842,0.0,1.0
587,etv5,nfib,1,0,8.995933831427106,0.5080908216259403,18.47009303519955,2.681282225227538,16.54973578400764,2.312446079121192,3.631720176462171,6.049500192066361,0.42714817890962,0.8960288263014068,0.8624403866791583,0.3984367281070578,0.7996475026014568,1.0,0.14775028864436898,0.03617018338639914,1.4886633038783526,0.8405321517216348,1.0,0.0
588,klf13,pknox1,1,0,4.720955987873753,0.06921499479757093,102.11434239023235,0.019574908645305977,156.26998102859142,1.3587701065653859,1.3402055735702478,4.5123411781826475,0.015259361115528652,1.5303431170462032,69.41386706758482,0.6103133232254111,0.9748810513140865,1.0,0.2388675007754479,0.043986984832567064,4.875651149028116,0.9270625647885422,1.0,0.0
589,klf13,polr2a,1,0,34.06505126831616,6.7688992364418095,231.55983426370022,239.21117793642102,331.1453983127233,12.415928423760466,8.01822386041701,29.696380330016073,6.5826321313993805,1.4300640668779157,0.05190362980052899,0.5908886371273455,0.7910141835742419,1.0,0.30232865718067314,0.0520610322794965,4.038928768689953,2.757883292546934,1.0,0.0
590,klf13,polr3g,1,0,3.1725067079669675,1.332254347251783,74.17714765179467,85.25497140055444,102.5038379705801,5.979750245364787,18.208580130720925,3.0423859091682695,1.311755923489589,1.3818789373212044,0.07013960766311277,0.5729236968018131,0.6303081563575509,1.0,0.37029853818699754,0.08103694915467761,7.0944143681425835,5.468336091325211,1.0,0.0
591,klf13,pou2f1,1,0,4.1538179094427985,0.0001,252.65565268164244,226.23401044002657,364.1980805110691,3.416219497846455,55.55915054368502,4.0866311223469225,9.999995579800067e-05,1.4414800407017816,0.015100379873043345,0.5976512993331113,0.8487045011832759,1.0,0.2721629159062654,0.05716496394933768,3.7668631571809765,1.7727930933133733,1.0,0.0
592,etv5,nr0b1,1,0,0.7011232004828686,19.762726821835958,21.265956198487416,3.2139452008239315,12.52661409330499,31.50077234113317,1.190831110727066,0.6787454536132331,2.764382977725993,0.5890454196550998,9.801278607070708,0.39396150555685405,0.6416697277250115,1.0,0.28932602321321327,0.0758818207240883,5.666465881514743,8.045054743426192,1.0,0.0
593,etv5,nr1h2,1,0,0.42638569848774033,9.305027197717147,49.95694511802408,68.11025596798291,8.144525163648149,75.78190526458991,8.338114447341098,0.4227772676649155,8.186597766090165,0.1630308887864656,1.1126357431429015,0.3826823180820749,0.459511648377085,1.0,0.3035176433704681,0.06470098464178498,4.06379303013083,5.044029730092946,1.0,0.0
594,etv5,nr2c2,0,1,1.7579657335867798,20.29390757506445,37.02382887867652,13.309011299049326,8.883051223877233,4.756035086601652,1.7344344755688064,1.6782777369026842,8.037749524981368,0.23992794621502078,0.3573545006263072,0.3835443635863337,0.942695291741949,1.0,0.268955082665448,0.04565220414805528,1.6400791386403992,1.7336828759778113,0.0,1.0
595,klf13,pou5f1,1,0,9.959619858846612,61.16728468607539,346.3979574833978,129.84394706399334,32.36679326287927,3138.8464589605032,3.1982777600217815,9.681264538124847,41.57976262473961,0.09343817584268102,24.173991394558644,0.5516388839104114,0.25110112148824865,1.0,0.6130469821962644,0.31019972146064007,27.72348244117037,225.00015501840667,1.0,0.0
596,etv5,nrf1,0,1,2.531144256634749,22.38330747200039,61.44549030459302,44.02161767767575,14.120095419728178,59.71933652611869,3.0889253130322167,2.431003145870886,14.838498826303844,0.22979872647663954,1.3565911403661017,0.3982952091465452,0.5033471228338048,1.0,0.3463156242245381,0.06880614535931825,4.934912652542187,7.151757089269504,0.0,1.0
597,klf13,pten,1,0,16.06836733979223,2.264069359561238,25.159387201009018,46.07431758696537,43.41492171816178,8.456137939005721,2.6918519646033907,9.805779628133564,2.1580250666357292,1.725595356170703,0.18353257046172725,0.5894843625354114,0.627628334573281,1.0,0.3458026932937095,0.06971444437511454,6.847051403174543,3.389096058449429,1.0,0.0
598,klf13,rara,1,0,10.882264033332605,5.132849416005042,150.67594532993655,185.294417688147,221.59609684121264,4.1487329896527445,14.038613234719065,10.149254730011567,4.994496628990704,1.4706799838287496,0.022389951307843055,0.6064309671640954,1.03990375950491,1.0,0.2720657966563331,0.061595152037010256,3.5210684416125693,2.126712789360042,1.0,0.0
599,klf13,rarg,1,0,5.42994051167612,0.7921039972708728,109.78972437755114,0.9718251773374837,156.2606214655305,1.9724750166780745,2.1228789516671895,5.174044489163923,0.4364044876055812,1.4232718257691641,2.0296603367306023,0.5806550182802583,0.8157737793345666,1.0,0.1862257868845248,0.04349981278673526,1.9539370034526655,1.203810344054549,1.0,0.0
600,etv5,plagl1,0,1,0.36773073638384207,17.306241639885314,23.859028126714474,4.812491503595245,14.365721348101395,6.615564032018026,1.2737061877134792,0.3621490613754126,3.7654118936582357,0.6021084040726867,1.3746650829566696,0.3947788086398674,1.0037670766922393,1.0,0.1370634588070153,0.03607648675548153,0.6487073555917842,1.7614249074269879,0.0,1.0
601,klf13,rela,1,0,29.891951439450498,3.7950717670202807,77.00588852828893,101.63182488655035,115.72853528946081,4.9548490967954075,3.709679248891937,21.53323473265714,3.6584598570239084,1.5028530609960653,0.048752928547001986,0.5979690934615692,1.0771348304280761,1.0,0.18712953429810558,0.036979343895366064,1.943361583553835,1.4478981011806031,1.0,0.0
602,klf13,relb,1,0,14.084042426527736,2.7736063948311593,54.93811861474455,68.50149020112976,80.70375958587589,9.232507544113805,5.099164518712766,11.210179190724059,2.6656739920586,1.4689938720292512,0.1347781999633278,0.576378886992494,0.6304211160821636,1.0,0.2828762231669635,0.06187055099868652,4.55912182236766,5.213463924633006,1.0,0.0
603,etv5,pura,0,1,1.3706807557347327,17.349046133993447,31.985258744354475,17.231337447121096,10.456820189965526,19.24916971775594,2.078631544746882,1.3143559823270907,8.644995727686997,0.3269262341612664,1.1171024754652443,0.3895024948395152,0.6620119030338221,1.0,0.32872892964289974,0.06321631555134043,4.253260513104031,4.284002506174346,0.0,1.0
604,etv5,rad21,0,1,11.744457176732563,1.98091831970829,8.838556153178462,22.64833916344685,11.77726654460947,14.444298448067894,1.9058600322433983,5.043189866388687,1.8215940935500428,1.332487607760936,0.637764135543333,0.3926349918942512,0.38451997575918645,1.0,0.3218520937189518,0.07437776128117352,4.7892288946884305,8.206272285442331,0.0,1.0
605,etv5,rarg,1,0,9.048516761701897,0.6428653264175627,27.967233266700482,0.45963617548969304,21.76871829408067,1.8225972727344197,2.1560105788647164,6.8366027649849155,0.2680124784214201,0.7783650991319135,3.965304233925099,0.4021142019720307,0.7975310988510809,1.0,0.23816528891754596,0.03739585540526404,1.6742884062888965,0.8630717256745741,1.0,0.0
606,klf13,rfx7,1,0,4.969814797968453,0.19775202175012482,489.8929323320496,0.07286471795388155,738.4025542177882,1.5418742415174849,1.3775513180780763,4.919903869596192,0.053245580097495256,1.5072733356301997,21.160779658728483,0.612737648553471,0.8628567128209662,1.0,0.2423199207015181,0.04318758072935776,6.390686118248188,0.6430658654401771,1.0,0.0
607,etv5,rest,0,1,1.396618128869317,13.792819631146614,53.33095506304394,55.57932844664014,10.903461369067644,228.04069326795974,5.147608970024162,1.3609771880396102,11.050481695120387,0.20444901757672204,4.102976765667365,0.3892881492891594,0.2988259150564146,1.0,0.39949088928799587,0.11309740863197693,7.859362389166213,34.70736361454045,0.0,1.0
608,etv5,rfx7,1,0,1.527188689517572,5.70208491578736,11.83624074714889,12.262125648714107,10.847549064076002,1.6767197114794068,3.5569568132577287,1.3526597406093643,3.892165561407311,0.9164691134462567,0.1367397268234027,0.39190672153635125,0.8748607019611143,1.0,0.17685654742351828,0.028103114963755192,1.5048359574770789,0.8532478534260217,1.0,0.0
609,etv5,setdb1,0,1,0.9919802127772034,20.324387082993265,25.513117163822514,4.497115723956683,10.728627890896709,13.601603310515273,1.2681498284168686,0.9548543449277133,3.6823362969432725,0.4205141936207566,3.0245170783704487,0.3877855829925154,0.4492746925490366,1.0,0.3084680864207765,0.0641509631688899,3.6362101519334202,4.883022361114077,0.0,1.0
610,klf13,rxrb,1,0,16.1569501591353,9.999999999998899e-05,116.23791719017514,7.954114314761186,176.8972211428132,1.9072916301335747,7.547248943974864,14.185219353619734,9.999874280479607e-05,1.5218547047207864,0.2397868014788318,0.6130683468769372,1.114974496811453,1.0,0.2949015195752132,0.05721166268129035,5.120599682430761,1.1922617725192097,1.0,0.0
611,klf13,sall4,0,1,5.962131288529541,114.15864566399661,412.56132927710865,148.42262717701078,67.24788360246217,156.98298202863242,2.3010876519140595,5.877196959033123,64.52754958911045,0.1630009378733924,1.0576755378505223,0.5916062117794579,0.532019736627128,1.0,0.41097669745310655,0.09296891810704842,12.338511189897535,10.548294492429573,0.0,1.0
612,etv5,sin3a,0,1,11.049877068141463,3.1412566714111545,13.450635162629311,19.449910791740173,13.891116604809937,5.119585839803987,2.5753649391777884,6.066316640058226,2.704471211262623,1.0327480031132241,0.2632189882319733,0.39589763036074715,0.6147158842084302,1.0,0.3134848164233096,0.06045207195766789,3.6302918831866577,2.5876880420268167,0.0,1.0
613,etv5,smad1,0,1,13.115685475906462,0.7224805075754549,16.77176773904512,9.032172636119789,16.47334127345471,2.187611117278801,2.4610338427551697,7.360052693624166,0.668969831579368,0.9822066182746101,0.2422020930523972,0.401473578947555,0.9550337603437078,1.0,0.20424593098503063,0.033579789336289224,1.673453914248772,1.2189979982291415,0.0,1.0
614,etv5,smad2,1,0,5.382505067450843,5.983295260067791,8.670233015100354,8.418573929846103,10.021015545304742,1.782035759711134,3.8631528019617747,3.320888275695025,3.497519164127308,1.1557954126321428,0.21167905331250217,0.3915716720798335,0.7438619999080903,1.0,0.21867371024455987,0.03423404563473935,0.41794619078554307,0.9545365466943794,1.0,0.0
615,etv5,smc3,0,1,1.396257511176744,18.440859813816136,31.509928353985085,15.229916733197548,10.567908398057874,76.510688666653,1.9067866256090051,1.3370122663614987,8.34114292139478,0.3353834473800491,5.023710241296207,0.3894288416277498,0.24648172697687995,1.0,0.438303377400659,0.12153262076785269,9.205748159665823,25.369144179675416,0.0,1.0
616,klf13,smad1,0,1,8.033686090137163,0.6679093861778179,467.6834058888601,1.8489974386029084,702.3054335088185,1.8468585653749743,2.7241943863185725,7.898016984941942,0.49066685031902857,1.5016684891225622,0.9988432254240708,0.6199852368200397,0.9417347560499303,1.0,0.2859751111355864,0.0483546754532159,5.920027083220205,2.1519551247134867,0.0,1.0
617,klf13,smad2,1,0,5.092665437378972,0.07033405090685722,28.97947106958946,0.01974598789277926,48.414060808315064,1.7882262851884354,1.488461182665226,4.331479203819181,0.015417570153872174,1.6706330040343598,90.56150013352112,0.5949352705340045,0.7490234374999999,1.0,0.23470362827546887,0.047914226471204496,5.469699595737664,1.7384559426420914,1.0,0.0
618,etv5,sp2,0,1,1.4705260477331885,24.62932520294472,29.232453616448872,3.108832085196524,14.365087421510093,10.165234073402122,1.1753524415335264,1.4000948752309152,2.7604009751718026,0.4914088844539198,3.2697919330562777,0.395870425186744,0.588378806272024,1.0,0.2226020956894677,0.042333708139301804,2.514811723249303,3.18370053973419,0.0,1.0
619,etv5,sp3,0,1,1.8511636317802391,22.63253035205354,37.76135963641386,16.519596899243005,12.976195139493205,9.96868441737618,1.8147095986109965,1.7646554644407129,9.549424372935588,0.34363686224317147,0.6034459846797463,0.3962333044807521,0.557084390076467,1.0,0.2257553120886142,0.04415002895523545,1.7962346429284728,1.8040343006365576,0.0,1.0
620,klf13,smad4,1,0,18.52944969971814,2.3790670650783063,389.12602810914615,215.2463170912908,555.1132688595029,8.978763859827835,22.04497432485613,17.6872176560821,2.353059252974579,1.4265642202268694,0.04171390238477223,0.6126854890830962,0.9566172779385994,1.0,0.2709979154669167,0.0555557797497899,8.161220021488791,3.1499171515515787,1.0,0.0
621,etv5,sp5,0,1,3.413571547890325,38.73873640131593,40.48942987623086,5.844636651677807,21.3566773426141,82.00739463486318,1.2343729313146206,3.148157559447971,5.078436715447506,0.5274630294350339,14.031222045483613,0.40165883519771073,0.8826301847461235,1.0,0.22360411734293673,0.10352491759319028,7.34232557986686,14.230124143656138,0.0,1.0
622,klf13,smarca5,1,0,59.606679266940134,6.452140547791915,134.5380265961887,198.53366865781504,187.20949925063155,229.99115477501778,3.3629487850960906,41.306122486696594,6.249052744739634,1.3914987753799488,1.158449125177965,0.5787851274939914,0.16855343293163055,1.0,0.47644028056812876,0.18298923421820512,16.833654440122174,59.517364462654584,1.0,0.0
623,klf13,smarcb1,1,0,41.9817533402428,10.187766714176803,159.05305037590466,285.0130884463594,230.1257672302111,70.35932607605473,4.959792237825316,33.214775777444686,9.83617359102665,1.4468491279251405,0.2468634912859331,0.6006313066927254,0.30677950794598763,1.0,0.4987234400886944,0.14833404660799648,16.07123447387425,21.742263930464745,1.0,0.0
624,klf13,smc3,0,1,42.66878527034005,5.811748482544711,77.50376648037188,142.41939246414483,113.92313512450312,86.7517694162948,2.9313341431682605,27.51869309102838,5.583885293955289,1.4699045001039348,0.6091289108548559,0.5926834761974253,0.24236084658033857,1.0,0.48990633022236235,0.14301534624072562,16.239639476776734,28.414120347948206,0.0,1.0
625,etv5,srebf1,0,1,5.823769873438088,1.431058271869695,6.329223857890059,14.575287172369416,9.088522815581593,3.228156758766406,2.2916805076244615,3.0329928609119308,1.3031135274168784,1.4359616628588305,0.22148152009560879,0.3863785415071392,0.5287911990068552,1.0,0.20526899169501692,0.03721569677503871,2.2082861635934763,1.6980046022596709,0.0,1.0
626,klf13,smarcc1,1,0,17.064782148316624,2.8968794276074945,89.94149627826523,92.76255101608614,137.13633161782417,50.898718884103076,6.4454453926419255,14.34338304864318,2.809152473984923,1.5247281543276234,0.5486989989664754,0.6065935444922655,0.22390803064054984,1.0,0.4013379000746662,0.1340812995033106,15.211187686877764,20.070653078451596,1.0,0.0
627,etv5,stat6,1,0,9.351894819027262,1.8449534193885007,28.85511037049665,21.344776271818205,21.773736880823417,2.400409122839612,4.4386148622933765,7.0628398074575705,1.698170633860646,0.7545885841797475,0.11245885608128414,0.40159157198225803,0.9944928000732584,1.0,0.17944760259839412,0.035689284986909146,1.4695417047128314,0.903024973463233,1.0,0.0
628,etv5,taf1,0,1,0.6549625705560773,11.250582749758365,23.35979148884314,19.365388199428573,8.985273459068415,23.069574448714008,2.7975779757365964,0.6370995531889881,7.11628263498373,0.384646988966484,1.1912786984252006,0.38375713237209086,0.48772487486960703,1.0,0.25814593828326543,0.056043466085590056,3.2192579511590673,3.504549113264172,0.0,1.0
629,klf13,sox2,1,0,0.730316558618379,11.782193278097598,346.74579858052067,852.9323084801076,36.692470448338526,4117.389885600878,72.90155293854663,0.7287815976453674,11.62165465157961,0.1058195098500029,4.827334883043542,0.5556227366129557,0.35650015791750683,1.0,0.5056033111360448,0.17198957791748604,15.072060804540838,32.77776403475909,1.0,0.0
630,etv5,tbp,0,1,28.106097007033267,2.56321151323184,22.08742378493969,52.358917683170134,20.256497056078477,3.1992338475359654,1.8732848638043695,12.367956376438269,2.4435866305534995,0.9171054647799336,0.061101985852627806,0.3991393549868373,1.1244662424100147,1.0,0.2464135724699454,0.042207201967731076,2.2894791836179054,0.4888264701019927,0.0,1.0
631,etv5,tbx3,1,0,12.219739770935494,0.869175985020613,13.120858498305967,21.129553757266493,13.867515196966705,16.76259320166763,2.1590474470954963,6.327138559123126,0.8348345979593248,1.056906085737998,0.793324525176162,0.3941914206994223,0.3365319363039333,1.0,0.23334385867394922,0.06910519302215266,4.527487900843724,7.424607132907345,1.0,0.0
632,klf13,sp2,0,1,7.553178105205718,0.5478558744015531,345.8254750757517,300.75555638128714,492.0866646630188,7.61198305372604,42.845533535304135,7.391735134682694,0.5468597155566557,1.4229335318782665,0.02530953424539841,0.6045810838041474,0.575891058032116,1.0,0.31181051218867034,0.06808479315678997,7.249684259681764,2.9877300964857745,0.0,1.0
633,klf13,tbp,0,1,14.381305591361054,1.2228883596789146,271.1410040583084,186.690779750433,439.6453475274144,3.9492864741552647,19.600696992525375,13.656942052953568,1.2149301522995457,1.6214638912853971,0.021154159190050224,0.6300293989662603,1.1299666723865687,1.0,0.3270551135020766,0.06449404030338221,4.98603257047635,2.1874703667827866,0.0,1.0
634,etv5,tead1,1,0,12.855382234751827,0.8462309013235024,14.346015701095617,4.670885259789601,14.891812897003025,1.6446166837396041,2.499304463476608,6.779927848498266,0.7164336091435405,1.0380452111080378,0.3520995683404318,0.3978925681727313,1.02364152892562,1.0,0.18830022097377247,0.037951084985519384,0.601450511931821,0.5391155717476976,1.0,0.0
635,etv5,tead2,0,1,1.4082845933517691,17.897950787411848,33.18350693012025,19.313702624260557,11.813617542184279,25.581570752099747,2.1673369295319294,1.3509511795987919,9.289447455277339,0.35600871140781104,1.324529596928034,0.39041883727145416,0.5395663580954717,1.0,0.2935009570931462,0.061294751694230834,3.5589030257803587,4.422031776757551,0.0,1.0
636,etv5,tead4,1,0,5.991278936532222,2.7573602500393335,25.957531316346838,26.90389220579688,19.408659643377522,4.072481410354704,5.69890083133572,4.867749671710851,2.501031372497246,0.74770822413127,0.15137145879127561,0.39568985505569443,0.7207880535506235,1.0,0.23938599033377223,0.05220402178551367,1.6379263590540034,4.499839096825449,1.0,0.0
637,etv5,tfap2c,0,1,6.102269530045866,1.9576242419748888,17.892965602065807,13.764364439498063,15.132697738662458,4.815511452691651,4.491433152767309,4.550390866956928,1.7138705572210133,0.8457344676790377,0.34985352748094306,0.39190792035082184,1.064354099455458,1.0,0.12756044656639057,0.038325195246567204,0.9178171914916384,1.9633805290546364,0.0,1.0
638,klf13,tbx3,1,0,9.374652968895722,1.4366509963267626,283.95430447399383,241.95643174886732,432.2344349136459,21.09350022644093,28.971950284087363,9.075043550673396,1.4281710261403977,1.5221971567373525,0.08717891925408458,0.6212314417595755,0.343173185514144,1.0,0.3360010603794171,0.09336461911723619,10.479318497700497,9.38460453816934,1.0,0.0
639,etv5,tfcp2l1,1,0,1.3910806775278517,19.73709179425688,32.18469804175732,14.80881347921711,13.146714225077103,37.89738126644759,1.8259550070952386,1.3334467066951852,8.460710717798603,0.40847716539145995,2.559109905708063,0.3961443178235214,0.2910079574638586,1.0,0.2958245771049949,0.07521104901950267,5.0083840760189915,7.665607693724299,1.0,0.0
640,klf13,tcf3,1,0,6.600403737463159,2.01902695904279,124.3048114122061,140.4504185783982,169.33771765185426,15.094556954200353,17.740873947545666,6.267603172965345,1.9904140178892409,1.3622780625145308,0.1074724953259908,0.577754732845208,0.39719343883603386,1.0,0.4528300650630195,0.09896760822691152,11.97144890276345,7.353156836445464,1.0,0.0
641,klf13,tcf4,1,0,35.04655030077921,6.086065538132172,72.11969523523626,146.00065504643848,104.478358586759,17.929493344191364,3.1852918545950972,23.585285778152404,5.842519003680842,1.4486799791094087,0.12280419795711549,0.5773246163520487,0.5419698797286367,1.0,0.3973370135349779,0.08894220178142838,6.589264386753683,4.866199794563957,1.0,0.0
642,etv5,thap1,0,1,5.789092011453406,34.92829172106535,164.73347331525557,121.98134311046766,18.053704732313893,45.809388924219554,4.650206814139285,5.5925573988473625,27.153207903798886,0.10959342001952425,0.37554422468306536,0.3980554916660078,1.0389787600930367,1.0,0.2631807770154591,0.04219490065544533,2.2559048630022223,2.0106915143088986,0.0,1.0
643,etv5,trim28,1,0,2.5323957360099207,34.70744735789395,43.563288691988774,8.722125854663862,15.7862207983985,152.7291845635036,1.324044243447706,2.393271472137055,6.970428248697098,0.3623744045132562,17.510545835776586,0.3932261487281257,0.23532583273700908,1.0,0.45058873262283294,0.16670193094609986,12.986134511242145,44.279527892532016,1.0,0.0
644,klf13,tcf7,1,0,6.311804063127257,0.31468773759374524,276.5293111215979,274.5246803736679,421.37811918861,5.481555359431326,40.327045678884,6.170951590157438,0.3143274239571931,1.5238099624213721,0.019967441003738297,0.6325287739353651,0.5909264064285664,1.0,0.34855905037934054,0.06507932027104672,10.291587041740822,2.537898336614547,1.0,0.0
645,etv5,ubp1,0,1,17.62451533906252,1.1085983359786915,15.517381771908948,11.905531565078148,15.912785631512337,3.4580976439162274,2.0555428607304007,8.25198183873916,1.0141632657989386,1.025481351520215,0.2904614233319643,0.3938848673391623,0.616291980494952,1.0,0.31634397387076046,0.05293242345924589,3.980339084549163,2.1683410969546677,0.0,1.0
646,etv5,usf2,0,1,3.7154127964429042,27.180009573634436,100.82483128799721,79.38305217982607,15.793987379616105,42.559274812055,4.0651173817549076,3.5833651590103615,20.24746739375596,0.15664779378109722,0.5361254530204466,0.3974192919425144,0.7010819992094507,1.0,0.29030817969471817,0.058675978682926545,2.6597946254860374,5.565549106721135,0.0,1.0
647,tbx3,thap1,0,1,4.061272431635045,15.660353074045219,135.673137164927,135.917962737559,25.50031402441329,53.77159147524667,9.854833968907567,3.943234692673112,14.04239962806174,0.1879540383400628,0.39561799185493274,0.3495579013318691,1.0387126865671643,1.0,0.24200470562746754,0.05360314017973249,6.825040020083757,2.053870910213301,0.0,1.0
648,etv5,vezf1,1,0,21.321414194780935,0.0016565009785561445,20.82874896642152,0.051475019929397244,18.90883543057121,1.1568624643219674,1.9766741366750669,10.536101181239635,0.001604855637992466,0.9078238669568947,22.474249954807426,0.39701018889016776,1.0949031868532588,1.0,0.1897448167884082,0.031277392165543,1.792614563246584,0.9256615522861464,1.0,0.0
649,tbx3,xbp1,0,1,0.2416846140072107,8.85147920331798,77.1635210685026,143.80278421680194,21.23387595519601,97.54600971348188,17.238531573178076,0.24092999482969182,8.338236517975172,0.2751802362199808,0.6783318573750159,0.3452223242398133,0.7169986448660872,1.0,0.1759277153496953,0.05200398216291379,4.968756534716628,5.104898058463599,0.0,1.0
650,etv5,ybx1,1,0,1.6309205518658132,17.525417017788058,42.64971392854826,30.171912260272986,11.073981401473757,1510.1687030752332,2.8256828388039548,1.5708513618528561,11.086057701528645,0.2596496056228226,50.052137565826584,0.3878169262884505,0.2844651354243664,1.0,0.48016503589471154,0.3177673836667847,21.587938550107637,289.1968786541341,1.0,0.0
651,tbx3,zbtb7a,1,0,8.53578688765726,1.5381911184662358,9.638777049718566,9.817123652467457,23.042960574127015,3.5153185363092416,2.4628352009332395,4.5269062321128155,1.3298277252307824,2.390651890303846,0.3580802952834045,0.3465825218805184,0.745112093158042,1.0,0.26748327418746637,0.056730490237326785,4.86614961313424,3.637589906595185,1.0,0.0
652,klf13,tead1,1,0,14.107138793662873,0.00010000020884337602,208.81885073022067,5.819829665691474,308.1426801540776,1.7827698484368715,4.281656061443755,13.214414866009987,9.999849060237608e-05,1.475645896318893,0.3063268086601388,0.6077597858996538,1.0214663476040136,1.0,0.28324263049193926,0.049369568397698245,7.840189510788573,0.9453835573328233,1.0,0.0
653,klf13,tfap4,1,0,8.11156335276632,0.14098257230723055,47.15440384276432,2.40106609254734,76.56192467583799,3.717343150681075,4.004140762778064,6.921003169622313,0.1331636481579163,1.6236431475442383,1.5482052585804789,0.6090083398620989,0.6098867138368177,1.0,0.3170851152345722,0.06621999060315621,6.930118876446983,2.975556453060803,1.0,0.0
654,etv5,zbtb7a,0,1,11.536062617068104,0.7965772310459163,8.130968337962281,4.856997493753651,11.836956435906796,3.28396493306343,1.9844330616690788,4.769370633452899,0.6843411121462453,1.4557868071680722,0.6761306624693091,0.39587354325826285,0.7354873556298807,1.0,0.239587466767281,0.04296899864934465,2.356680202139088,2.822532194342736,0.0,1.0
655,klf13,tfcp2l1,1,0,18.187216604321378,4.371356925507713,130.39940551735407,142.1571375687529,192.1376610244982,30.560684066355137,8.337252095327738,15.961075091112763,4.240947059248337,1.47345503809776,0.21497818955150785,0.6154527705821363,0.284172128508791,1.0,0.39977041863982127,0.11327677920020952,12.852185614468365,10.58246418343853,1.0,0.0
656,klf13,tfdp2,1,0,10.186733226801184,4.5553159312057705,121.94679636912014,152.08353563265354,185.010359143961,8.715352945573144,12.593637943978173,9.401394833500454,4.422839837146582,1.5171399713031748,0.057306354098871234,0.6117599000384468,0.6222518884025889,1.0,0.348639232323941,0.07581132597825224,8.872660266034313,2.556767180018568,1.0,0.0
657,klf13,tfe3,1,0,19.730368249881135,4.817338696062514,422.0298893492711,285.4029207084776,616.0560028909218,12.607799963992292,22.62533120035163,18.84914947888623,4.737376145687169,1.4597449574977261,0.04417544127682709,0.6107084266181703,0.9014010285633166,1.0,0.28207433367662116,0.06329425285797699,6.229170604046159,2.0968406842944107,1.0,0.0
658,klf13,tfeb,1,0,9.999999999976694e-05,3.683459488512678,226.58757839759005,272.9315470322767,317.33012023376943,5.008612458360197,74.42623360210504,9.999995586674051e-05,3.6344098220677217,1.4004744764823547,0.018351167216913485,0.6004956884412019,0.8644104003906251,1.0,0.3579079995366588,0.07412052686779816,8.591095568533234,4.618405200602533,1.0,0.0
659,etv5,zfp148,0,1,11.690279172528667,0.5435063081332732,18.01966205343117,10.426013390938989,16.671678244812625,2.5535046253585927,2.673906790016337,7.0903835991155155,0.5165772250845738,0.9251937242429099,0.24491668383792653,0.40021675448254174,0.8154452855076278,1.0,0.17669682113183421,0.03390509370907563,1.836982345283782,1.3495971208657505,0.0,1.0
660,klf13,tgif1,1,0,33.38357331874407,4.917526974091244,61.22077684428529,112.24476285564852,86.6214785350507,44.75226377856793,2.9580128086095065,21.60332256275416,4.711128895186706,1.4149032893746507,0.3987024662889726,0.5696058157335968,0.3133197932795753,1.0,0.461051735936178,0.11782962885920012,9.048872501529376,12.964604576345534,1.0,0.0
661,etv5,zfp219,0,1,2.6061649284540906,26.706592666128874,56.614270714890736,33.42064140770256,15.023019057477997,23.894944244688677,2.355040739685029,2.4914731744925103,14.844379098168567,0.2653574596612551,0.7149756329685981,0.39332722038121415,0.5473001932261995,1.0,0.29368628696757487,0.051692422130889364,3.135280558293923,2.959959557874623,0.0,1.0
662,klf13,tgif2,1,0,9.767607575468627,0.00010000004991805866,193.99037458394795,3.471545303074486,273.55352296525865,2.9377477257313442,4.088776850376803,9.299374838094403,9.999716943658362e-05,1.4101396708571245,0.8462363210785706,0.5885666636085715,0.7209947701818311,1.0,0.29784675458913573,0.06294365479710705,4.649079190165475,2.5068616968915745,1.0,0.0
663,etv5,zfp263,1,0,0.4311954913959726,2.1109979533032153,30.742177194449926,57.22013846303879,21.956403400789636,1.443082020073019,8.594849346399691,0.4252311206596411,2.0358887841887174,0.7142110743136814,0.025219827473943884,0.40112012631024957,0.797661858056015,1.0,0.14909769858062066,0.02790531290540335,1.0665483363778063,0.5140309118818199,1.0,0.0
664,klf13,thap1,0,1,20.822549299637092,5.710657117864066,352.1610399069493,273.569943356716,496.29146140123004,9.618418860231962,18.162900490830594,19.66008914888856,5.593887085636998,1.4092741818696468,0.03515890211553767,0.6014154861815422,0.9924502375704897,1.0,0.2920213478081411,0.05453644351365028,5.118047236079309,2.0992418776601234,0.0,1.0
665,etv5,zfp281,0,1,9.051964613938567,0.8754492614246281,14.862893317954974,1.7004670985508055,14.269861212426122,3.2773870856598766,3.582966920266685,5.6257237554168436,0.5779196439116449,0.960099820886661,1.927345191478844,0.39599247491420336,0.5455610765159538,1.0,0.1952968419786794,0.030482242787699423,2.778283532045733,1.5950484680607175,0.0,1.0
666,klf13,thap11,1,0,30.309165381378218,4.534410809628938,48.230666332762,95.5035011535906,70.34090320258012,16.947259863269924,2.7143216722432424,18.61260981121465,4.328879916520741,1.4584269418396805,0.17745171285411837,0.568144130975813,0.47520447813581906,1.0,0.4229269783656487,0.08828386699136734,10.947016125619399,6.278210913320542,1.0,0.0
667,klf13,topors,1,0,5.9030584464721985,9.999999999976694e-05,999.9926646882852,191.28127409564573,4510.2476053900755,33.25961249319523,38.54602291553988,5.868416586266379,9.999994772076148e-05,4.510280689704856,0.17387803720172074,0.6115495256055827,0.2846798921597569,1.0,0.35404738784678796,0.09498889198472962,8.802626402923055,8.941325057206647,1.0,0.0
668,etv5,zic3,0,1,10.158059703057992,2.2643039139209997,11.009241012189118,20.312713289389908,12.530218349110198,5.116954147556135,2.3160788676788067,5.283268234887271,2.037211372491476,1.1381546044125201,0.2519089436579067,0.3936736671139044,0.9875755296173162,1.0,0.15477491686363695,0.04015855932372876,1.2020943146024583,1.6037536404280022,0.0,1.0
669,klf13,thra,1,0,7.34930639075618,0.5753325862191556,370.11704432645973,1.2739574090365353,547.0428157721623,1.3908116136292683,2.547929100532656,7.206214683846194,0.39634087285088226,1.4780265436510027,1.0917253620598724,0.6184416633297495,1.2055200620920472,1.0,0.26588277042288383,0.0538519478151021,6.4722029537541115,1.243343456475932,1.0,0.0
670,klf13,trim28,1,0,16.276921375337523,4.052984546576548,381.5336072274413,266.01586904223495,555.5146002933847,199.70872890961323,24.247500288153248,15.610930531934116,3.9921604881318133,1.4560043722759897,0.7507399074673465,0.6092975593639615,0.23977878181951146,1.0,0.5607898205620039,0.2105680217596928,23.988245131917296,65.73937277549982,1.0,0.0
671,klf13,usf1,1,0,14.887769780144462,2.018630292119548,23.246365791531442,40.981791405927375,40.626883484795535,12.224252902619632,2.6876087037509295,9.075505106936298,1.923866843405562,1.7476660158034572,0.2982849817748959,0.5871376828663138,0.43518825173232367,1.0,0.4196302489532441,0.08620512870454661,8.90143568362394,7.542303439208904,1.0,0.0
672,klf13,usf2,1,0,8.831791133495646,0.7140621895566683,372.7659069521686,284.93609640513324,546.0272396323763,7.555401521586957,40.741610027495746,8.627385983734543,0.7122771920861157,1.464799300174304,0.026516126306596104,0.6187353619254979,0.6709923377403848,1.0,0.4339921896552301,0.09083499825156334,8.548857041142512,4.212784771116453,1.0,0.0
673,klf13,vezf1,1,0,4.533434197738657,0.458145021035405,486.9084380188592,0.38203384502069865,715.0174971611686,1.3126297277353784,1.7785636463535752,4.491614347239292,0.20832100286554586,1.4684845061844547,3.435899056703366,0.6145249245345176,1.1295411830882776,1.0,0.15225943618878438,0.03755973821811104,3.946789464317654,0.7523218913987009,1.0,0.0
674,klf13,ybx1,1,0,7.156378058917255,182.95760678118344,400.9139593878633,76.60053532049547,60.20661580801334,3296.4287073347496,1.4333637896579887,7.030875805451378,53.994263123155214,0.15017340852870276,43.03401658412101,0.5689470538951182,0.2627376295638691,1.0,0.6114986847935938,0.3555324933945681,30.809490451731264,328.18464990139194,1.0,0.0
675,klf13,zfp110,1,0,5.315855448454837,0.07610132681821485,417.74106109573574,0.0064293030014236545,633.8001618732615,1.65336257207744,1.0982837667907792,5.249059899100156,0.005928447292767968,1.5172081964143103,257.16046851600123,0.6267601675302393,0.6456187505455167,1.0,0.1799282908732793,0.03803662887863701,4.29648550854388,1.1027737270012195,1.0,0.0
676,klf13,zfp219,1,0,22.947169952941273,7.445874729455824,160.24747375522463,207.14749668361685,219.80145273492954,12.108316550836735,8.213758011118394,20.072781279831293,7.1875207545791735,1.3716375527434064,0.0584526327601736,0.580343417779854,0.5365016081087097,1.0,0.34216731544068385,0.07244365501636395,6.22696333398958,4.077044262793863,1.0,0.0
677,klf13,zfp263,1,0,5.219309456150708,0.4869165344630963,253.9098275014494,0.08544989573502354,386.540340958215,1.398058188059231,1.1977589097919008,5.114183527361305,0.07269288502319864,1.5223528162020767,16.361145628480923,0.621006158798668,0.8182047278655048,1.0,0.14140144214171377,0.03776166330204746,1.9249068039720565,2.1729005437212026,1.0,0.0
678,klf13,zfp42,1,0,6.9781338063516625,68.6333934745927,279.0728044361756,93.98597450159609,37.71279788643287,991.6190224985933,2.404329584557118,6.807904155232454,39.66671651316216,0.13513605513308927,10.550712781956134,0.5839100977727291,0.23386071646193593,1.0,0.5627691938407648,0.23429551347164,23.105164427842258,106.68426234533761,1.0,0.0
679,etv6,fubp1,1,0,0.29924193601935334,9.111385222570394,4.123060981250561,12.966366912424924,1.8190522676368988,104.34084399861031,2.5989582645111087,0.27899326966886023,5.351159083312139,0.4411897558413419,8.047037747992961,1.0758432145005725,0.23080888280039827,1.0,0.24963019150813606,0.07937742397089832,2.394481599411449,12.379136266300382,1.0,0.0
680,etv6,gtf2i,0,1,1.6562008771385788,6.51251929508932,11.797774394969865,3.3373176730173872,2.372108597899917,5.724133180522125,1.7247674887875835,1.4523205153899483,2.2065690843151087,0.2010640751794081,1.7151897845393704,1.103477457632331,0.571575491475812,1.0,0.16952446393401951,0.028321960537256247,0.5530676265700198,0.7880954302269125,0.0,1.0
681,etv6,gtf3c2,1,0,4.019717771943342,8.169164412729488,34.531990089127596,22.073330608787906,2.2619178282434964,14.156616773090057,4.1329669387059536,3.600588974217796,5.962493066508745,0.06550209884821152,0.6413448438748061,1.0976913639565422,0.4098873539242373,1.0,0.23856155889629477,0.042353781329261306,1.2757665066549007,1.1566955295337114,1.0,0.0
682,etv6,hdac2,0,1,1.6863002354697088,5.638581601863272,33.69220267833103,41.75332062493594,2.3884379161203992,109.91499169467363,8.344194255044526,1.6059235024272278,4.96771588457851,0.07088993079269676,2.6324850347119493,1.1022327381015535,0.23041802496054065,1.0,0.24567985596758873,0.06152241152556747,2.176175770642805,6.579562355799236,0.0,1.0
683,etv6,hic2,0,1,1.9887893147692766,8.576601792852195,17.891457217995914,12.788616886669214,2.8559251493268722,9.6712273867492,2.768013139037234,1.7898338877316071,5.133711766003978,0.15962507215199181,0.7562371656336375,1.1201358357773912,0.4486367948433563,1.0,0.1352107990224772,0.02926853159428487,1.1358582810936417,0.977090647940738,0.0,1.0
684,etv6,irf3,0,1,3.347962843071239,4.101137524932284,1.4330123087156106,1.2293970030589376,2.3267038103584254,1.9621634470751317,4.262766605012123,1.0034923443286472,0.9458575225070941,1.6236453770894812,1.596037278595078,1.0958140942459271,0.9282390297513754,1.0,0.17601507472872185,0.026368862729666057,0.3239091163627091,0.2512987173502955,0.0,1.0
685,etv6,irf9,0,1,1.284812672348552,1.3850127168796555,2.1637312305999843,1.8686991129512058,2.4362861828946074,1.0963929952723785,3.74388937994813,0.8061342360334375,0.7954521392245403,1.1259652531886069,0.5867145693352758,1.1025102233406732,1.0311332503113324,1.0,0.05015447457813378,0.011848715930843905,0.14943663342314226,0.08149565057880238,0.0,1.0
686,etv6,klf15,0,1,0.504453134361785,3.5917932841843454,16.017569145743554,17.606203259539193,2.554962162096411,52.91205926781635,5.973410646427506,0.48905108729676877,2.9831990253022913,0.15950998174871978,3.005307759306263,1.1086217057309167,0.5917617877915032,1.0,0.17354042840694212,0.047490366762114995,1.7158701805143317,3.7564711729015756,0.0,1.0
687,etv6,klf6,0,1,0.10160509774137388,2.7323749346570794,7.490356115269783,10.411081259890492,2.390749120101681,27.93287558887424,4.826400169996312,0.10024529154671874,2.1643452875814937,0.3191769634594433,2.6829946757295837,1.098584807492196,0.6651976682850657,1.0,0.11827465547517185,0.03345002322972307,1.813143411676427,2.618407327898516,0.0,-1.0
688,etv6,klf9,1,0,1.769847235241299,5.3517841843111595,55.756046673736016,67.82747005141643,2.743963458673967,165.55722748577267,12.712273386718092,1.7153959434274322,4.960394653841475,0.049213737744547015,2.4408580676866243,1.1179748511988887,0.26258168901272116,1.0,0.2647847392745479,0.05896355242058094,3.144070041837544,8.232648672566713,1.0,0.0
689,etv6,max,0,1,1.8332061318463129,5.353082412325525,38.15732526777777,35.580680398850326,2.7238120207856182,47.68583143824901,7.649624978466514,1.7491701212152937,4.653037037915791,0.07138372518698947,1.3402169633549172,1.115952776287569,0.45061191335952877,1.0,0.23879588311151223,0.04575336251466753,1.3241632668844248,2.3919402094298396,0.0,1.0
690,etv6,maz,0,1,1.1557886835154456,14.590363569569403,23.35576444064385,53.6321789280784,2.1486715908906824,94.6593587915943,4.90725419379344,1.1012899957262285,11.47000626099273,0.09199748508987145,1.7649732060771575,1.0893008035062093,0.3614535470050818,1.0,0.2395873808700609,0.04911900062655513,1.7272704861218746,4.255940143959204,0.0,1.0
691,etv6,mecp2,0,1,2.768249655995889,2.793585228650586,1.7057938438509195,3.417046084756908,2.514327851532428,1.2340051010345456,2.926962579162307,1.0554352503729338,1.537011132408995,1.473992804345102,0.3611321212609089,1.107061663042267,1.1362043988302437,1.0,0.15702860722011985,0.01909174983957314,0.511320724004322,0.0923975498437665,0.0,1.0
692,etv6,meis2,1,0,1.335945003574627,1.0396080401265364,1.8359324619302424,1.4567213263866683,2.2356262504710838,3.5296345603094106,4.005715733265377,0.7732659366857897,0.606658409523366,1.217706150323534,2.422999166947401,1.0964083175803403,1.7921953094963476,1.0,0.09928333314404794,0.023567758404895646,0.506474005677934,0.7440036363064563,1.0,0.0
693,etv6,mtf1,1,0,2.5633188493727714,8.774966726230195,28.91092186826355,23.19320119812535,2.8672607982735845,6.6538059385459505,3.9661176373957834,2.354557545724612,6.366319435942937,0.0991756959995478,0.28688605258526195,1.1225955661434392,0.8818857089354266,1.0,0.13101246528454427,0.030716585920610193,0.8334796050325668,0.7635463184910684,1.0,0.0
694,etv6,myef2,0,1,0.04759807956052225,3.2845843079224255,9.532225678287752,9.518498550110117,3.6669953983544583,8.515337335230333,3.9101147961903875,0.04736158489891704,2.4419361586072292,0.3846945636953437,0.8946093010784586,1.1310417265153692,1.4462182056196415,1.0,0.07515419005855246,0.018330476338008654,0.39302918941046877,0.27809730749195083,0.0,1.0
695,etv6,nr1h2,1,0,0.9859192610951601,3.566254673710466,37.83694802651294,44.67443174538116,2.2026320707208398,51.91826124603996,11.880390041462721,0.9608815228416363,3.302614718688424,0.05821378799308604,1.162147098858347,1.094161314973823,0.45779378293528045,1.0,0.20704855564711058,0.03608456509694492,1.014372558106927,2.6997610898014694,1.0,0.0
696,etv6,nr2c2,0,1,14.780497001697045,1.5367492697827947,2.742281208427146,8.083770739546827,2.2383172459570027,2.308871645572526,1.4109073158536003,2.313119454742006,1.2912741482833578,0.8162245502315952,0.28561815023739284,1.0962032756601936,0.9304451626051766,1.0,0.13405178420228953,0.02199171829474399,1.0605325866181874,0.1865069946846803,0.0,1.0
697,etv6,nrf1,0,1,2.053078583456455,4.8040050327607196,33.25584608475975,26.36535917581175,2.547036800617697,37.21621795165593,6.531648678832578,1.9336999360052665,4.0635836305030795,0.07658914448082361,1.41155740392109,1.1132208680142688,0.4976538713531428,1.0,0.25741392932566914,0.04124844538514021,1.3377699829252165,3.9258913393591226,0.0,1.0
698,etv6,plagl1,0,1,9.999999999998899e-05,3.4838187612521496,29.828414533232113,185.24514918802902,3.0446991065558544,97.97251829705743,18.81916523779178,9.999966475030739e-05,3.419509644887384,0.10207378280745451,0.5288803443787485,1.1237677601213352,1.042673343966973,1.0,0.03444843185907183,0.013815072144796797,0.339943876476819,0.1965009855066029,0.0,0.0
699,etv6,polr2a,0,1,1.9577075391172911,3.035786279617006,50.21822198468413,51.41197864765351,2.2507738713638363,19.391709318400903,13.179983667717536,1.8842518509542594,2.8665231638982744,0.044819863834492026,0.3771827077751647,1.09812164196139,0.7997582168837974,1.0,0.17875720353172342,0.03648877962444321,0.48878749531239707,1.01433048812165,0.0,1.0
700,etv6,rarg,0,1,1.9314190304936467,2.85947967306708,2.9586897032232105,4.383495888808179,2.6248354290675477,1.9879949969928679,4.183487018038565,1.1685772053963048,1.7305756845291391,0.887161443867547,0.4535181616272441,1.1071404571232017,0.81268918137605,1.0,0.14199175151915583,0.023908464453330173,0.6896899177073083,1.0639722006866101,0.0,1.0
701,etv6,rela,0,1,2.332862492290722,2.6545415396463543,1.0718139421843316,0.7478441400430387,2.2327839113014556,1.619821829281757,4.025982998356094,0.7344000502125848,0.5834680491326841,2.0831823728203185,2.1659885296266888,1.099096128121284,1.064279631408857,1.0,0.0695596948358826,0.015282524323032795,0.1206051407503866,0.2210853847661413,0.0,1.0
702,etv6,relb,0,1,1.7684698759376016,8.685845372409073,16.8555539787572,6.478914217114248,3.00049482192152,9.074297602097856,1.9290966812063854,1.6005423793611642,3.710896090290479,0.17801223416940187,1.4005892496813468,1.1154078174215774,0.6299026841876563,1.0,0.18733402321656323,0.033263645521735816,0.5876738989842537,0.9599027715099795,0.0,1.0
703,etv6,rest,0,1,1.0218521859440788,21.153884546065786,33.73764914065351,123.22728581580724,2.1972581014938974,476.31169840680195,7.032004660738436,0.991811999805974,18.054541118756585,0.06512777734848824,3.865310310565179,1.094029347276101,0.3015350812446233,1.0,0.26356589626643234,0.07011250270017227,2.6733541330500588,17.343313905690987,0.0,1.0
704,etv6,rxrb,1,0,1.7393789301729858,9.28898389751713,12.968084010576273,1.1688586984628007,2.863010198549807,3.1732245462733784,1.276838020791806,1.5336711833700152,1.0382169676819852,0.22077356965106373,2.714805947413983,1.1154348381912484,1.1411319708834806,1.0,0.17009879214066473,0.030050935556109507,0.3872694071150996,0.5844980978025149,1.0,0.0
705,etv6,setdb1,0,1,1.1712882330855574,12.217797651020852,10.494083276765561,13.036381371727437,1.9833911565790698,17.543686555295185,2.297705663980815,1.0536823665423327,6.306911404953297,0.18900089738856937,1.3457481838743177,1.085579372005101,0.4569373213073451,1.0,0.23089969612842776,0.048541968885988565,1.8279338375888494,2.250681484162729,0.0,1.0
706,etv6,sin3a,0,1,2.717660705853919,1.9222467661443634,9.999999999998899e-05,0.44423806489403256,1.9774627805302687,5.168592537842508,4.3987366557763,9.999632050017929e-05,0.36084540768684475,19774.627805304866,11.634735846140089,1.0805096908070264,0.6174278962498677,1.0,0.1945039979444442,0.034387209168137305,0.6949910816110297,2.0004701889505663,0.0,1.0
707,etv6,smad1,0,1,2.204495708612484,2.211741610577777,2.120117391237953,1.9789964033617835,2.4986684649959754,2.114265173392047,3.8647982054445107,1.0807416947658048,1.0444529526636608,1.1785519402475082,1.0683522060982416,1.107845993756504,0.9586026469682978,1.0,0.10407630183460533,0.0229500628757262,0.19504245099717638,0.355525917564047,0.0,1.0
708,etv6,smad2,1,0,4.512946977603123,6.360597653518416,0.0001,1.6100103314156198,2.090918488213073,1.941474788198083,4.947796875089524,9.999778420210345e-05,1.2847988453953991,20909.18488213073,1.2058772234654043,1.0902788279773152,0.7603565838314873,1.0,0.17556454487182252,0.026522597924994923,0.5695185434257661,0.936243062832324,1.0,0.0
709,etv6,smarcc1,1,0,1.959941165185731,8.34773890241669,17.52335047180108,8.581189791593797,2.737912291462008,41.453281465909434,2.254788458252434,1.7627789277896024,4.231427348243997,0.1562436530541297,4.830714909314487,1.1166527392257124,0.21717962757744314,1.0,0.24904832726227694,0.05456938137942557,1.9792229847229574,5.856950768213655,1.0,0.0
710,etv6,sox2,0,1,0.006397303275739879,13.613830617442952,15.611559130598708,159.9398809721174,2.1268169383083353,829.1286212202216,12.753561821989797,0.006394682863179819,12.545939977807818,0.13623347421717585,5.184001739783494,1.0901072741977327,0.3752703129672192,1.0,0.1953535634413681,0.07238006083495235,3.00528340567961,15.325138915479497,0.0,1.0
711,etv6,sp5,0,1,0.9868299098432887,6.566271608128736,20.603471792819576,18.33987230990866,4.758126334675973,149.30297628109963,3.9747146380351426,0.9417247842006393,4.8351355890964065,0.23093808570331367,8.140895081392376,1.1412965653353802,0.930295419651465,1.0,0.11724302169431092,0.05911078450727791,2.5077253516602713,8.423519031703997,0.0,1.0
712,etv6,srebf1,1,0,5.51302968883255,0.5689174707951383,0.42660032024768907,7.087904815392957,2.4701762266114136,3.2655591604269305,1.1638570852927514,0.3959607294049571,0.5266457454659779,5.790375931216368,0.4607227728757086,1.1020869651495626,0.5290896659035599,1.0,0.17340297783794273,0.03147691696193418,1.7572223225297243,1.1176050327690872,1.0,0.0
713,etv6,stat3,0,1,26.523106123543425,7.186139254172239,6.395822635629784,6.270716252024376,1.96324720593991,3.260695390609926,2.663469639643729,5.153177485002418,3.348645617075841,0.3069577312858978,0.5199877110620776,1.0810811770848998,0.4976252690227208,1.0,0.1432531768580022,0.027817052356174085,0.2509972075260771,0.9518135889891519,0.0,1.0
714,etv6,tbp,0,1,3.829479734537293,7.158153122970956,45.50128515491036,33.21790740807958,2.6096080220413094,6.897862403035284,5.958168553882288,3.532202466080245,5.889105190657346,0.05735240253449607,0.2076549349811698,1.1143555784781447,1.1546134663341645,1.0,0.16458988090449192,0.03632833160835837,0.35679778029736664,0.7848035799753361,0.0,1.0
715,etv6,tcf3,1,0,1.8701745858492211,8.780743743262216,17.32473104575967,6.5420770905034065,3.0134346650581803,20.92576053849455,1.933423405347303,1.687962021292677,3.748937816579546,0.17393832303074835,3.198641692692792,1.1243822458382877,0.410507036037395,1.0,0.24149294480411077,0.052433833600094876,2.044978284288777,4.050742197220388,1.0,0.0
716,etv6,tcf7,1,0,9.134716465474114,0.00010000000000002876,0.00010000000000565112,9.384230219731155,3.0616501887056065,5.798433433686692,0.9562722713079967,9.999890529290688e-05,9.999893439387831e-05,30616.501885325888,0.6178912172780017,1.1210260000636476,0.5986672830019779,1.0,0.1567378797060295,0.0216948294255891,0.6644951766045045,0.24299896804741938,1.0,0.0
717,etv6,tead2,0,1,0.0001000000033641868,9.141195736574293,6.899390746308378,103.147631779707,1.9907992338056015,99.83172453337843,7.247508880503673,9.999855398175546e-05,8.397030343251899,0.2885471061152477,0.9678528029280365,1.0851610616859062,0.5471408936797618,1.0,0.14344545669215603,0.03250009339388867,0.49671550509636087,1.0486599602368367,0.0,1.0
718,etv6,tfap2a,0,1,0.9082014067362091,0.6437010837859318,3.194930761914713,2.831130059356693,2.8971727680556354,3.1043620885087546,5.1124126170000315,0.7071769792270103,0.5244575671376823,0.9068029900965265,1.0965098824227621,1.113968260609617,1.203506382524168,1.0,0.10905169974482269,0.026916070419902276,0.23832030040696298,2.4462144911135537,0.0,1.0
719,etv6,tfe3,1,0,0.9473872906347561,3.1820058283033292,30.189730456888967,35.96746287408726,2.209918299539462,16.146802306514314,10.82284792355486,0.9185618005642231,2.92337751412807,0.0732009947122659,0.44892803151114863,1.096397271360851,0.9130110381754203,1.0,0.1435188432843823,0.020464040677711865,0.38263683433267115,0.8978729117760988,1.0,0.0
720,etv6,thap11,1,0,1.768525161061049,6.773933472552937,22.490004915092786,17.315353280332953,2.9407385141984914,21.31979104494947,3.835817583167135,1.6395939671475102,4.869096058258139,0.13075757543409852,1.2312651494766103,1.120207673178427,0.4870125494742438,1.0,0.19808200455653735,0.036090867056485974,1.3993158785652875,1.6608076318188472,1.0,0.0
721,etv6,usf1,1,0,1.8137583436866842,5.645436086054525,14.409221160472828,6.705342010439006,2.243341122833814,13.252087329087946,2.463127745331221,1.6109768923232284,3.0649550545982955,0.15568788193686106,1.9763477102967812,1.0982541334258296,0.44275794525999757,1.0,0.22665879967272565,0.042845445904474276,1.2027187888455124,3.1561413137065255,1.0,0.0
722,etv6,yy1,0,1,2.1966394334791177,2.8993075380611657,69.17396960344979,56.08855490905145,2.526772790077187,83.06639091074143,14.23374972695402,2.1290314241623025,2.756803913560533,0.0365277980223239,1.4809864694398884,1.1105826397146255,0.47191989146104324,1.0,0.31098440804883204,0.05643377244957493,2.447867280583501,6.6798927820160685,0.0,1.0
723,etv6,zbtb7a,0,1,1.6634494538529814,1.7875926357556886,2.5899248912676778,1.8461147382562064,2.701090113042,3.4212970287494464,3.3383198211446805,1.0128920702316517,0.9081912138740186,1.042922179770206,1.8532418152845243,1.1110560249175307,0.7455773806066446,1.0,0.126927969969313,0.02186055634006604,0.4581996085361458,2.010859541108008,0.0,1.0
724,etv6,zfp110,1,0,8.628680604426755,0.6361869596147688,1.603491642955159,12.642468733231187,2.4087016755629964,1.912566956839917,1.2455055600716978,1.3522072248605632,0.6057069278294774,1.5021604173276972,0.15128113007016308,1.1065463362068964,0.6815116314322418,1.0,0.1574743723465785,0.023498983885921053,0.5393193788484332,0.23288543648754775,1.0,0.0
725,etv6,zfp263,1,0,3.4936566758613092,2.100698541149806,2.0449461606629704,6.059492753227657,2.6285981943463432,1.4357335609819435,2.1349321081286603,1.2899173341810752,1.5599104393035266,1.2854119315758186,0.23693956234491476,1.1060926829887363,0.8000737913865327,1.0,0.05107895917319503,0.01888331592986064,0.0552387320639016,0.26904982461852794,1.0,0.0
726,etv6,zfp42,1,0,0.3948024676733461,3.9249338884341634,98.94949477165912,130.63559971657872,2.429899173026725,1440.7428259093144,29.065447421413296,0.39323348995834495,3.8104493095174448,0.024556963920170427,11.02871521266092,1.1067491432269843,0.2572629064027585,1.0,0.29035577083658465,0.12142387075116076,5.468556313800083,39.77473197466399,1.0,0.0
727,ewsr1,foxm1,0,1,6.866891638845111,2.46611400153324,6.76554041838472,18.682392003492456,40.42237959503508,2.4597479917910396,2.247296421200174,3.4079196387145023,2.1785419968198556,5.97474511942772,0.13166129858163872,0.23833231846616626,0.968532352784178,1.0,0.365692070756097,0.08469674463944646,11.560821325814246,3.4264288851489346,0.0,1.0
728,ewsr1,foxp4,1,0,8.000356138270812,2.1208946965263644,5.42820004245914,17.55340289657595,38.860329409864796,5.0573781430784965,1.8812993930178794,3.233968934930518,1.8922616643956163,7.158971501768731,0.2881138302855803,0.23779358655068766,0.6057698365022023,1.0,0.4306784908707493,0.10492459713709118,18.726471125880284,7.436794009651363,1.0,0.0
729,ewsr1,fubp1,0,1,1.1175767052618368,14.851819517042978,26.571645292515477,12.297005464426757,38.64838362501988,107.54819641410246,1.9048627175747412,1.0724697068693156,6.727101665814724,1.4544971980303418,8.7458850632556,0.23770516023812957,0.23101973148122507,1.0,0.5805209136012596,0.25735246338583245,40.436568449428584,68.79248429983075,0.0,1.0
730,ewsr1,hes1,0,1,0.2891770437797005,14.35203958528044,16.799184147457716,1.6470219873688716,50.68668804459989,14.5521539315655,1.070219323672836,0.28428345792244186,1.4774694536431507,3.017211288339291,8.835433918409713,0.24770682077499642,0.6661956135772331,1.0,0.2960808478281148,0.108868602270724,18.64692280113633,16.418172753187743,0.0,1.0
731,tcf3,tcf7,1,0,2.7210934710939,17.732687448761723,27.222851059771894,3.8326615093329806,16.97398705078259,8.197100910782709,1.3376957067514124,2.4738197803883373,3.151508875370671,0.6235198147877175,2.13874898443857,0.4041002124998741,0.6068237513500787,1.0,0.36401258856352064,0.07099534593087352,6.983417381059177,4.465554370156335,1.0,0.0
732,tcf3,tfeb,1,0,7.324350670754814,2.7832674244792814,5.740445412143904,17.28668774200952,19.304621330153328,5.047113576222593,2.0709428858016703,3.2181929926868764,2.3972886072917796,3.3629134926210478,0.2919653349182255,0.41180459224689714,0.8669126013451504,1.0,0.3363293847188463,0.06450737904157545,7.4883397146038035,3.439473740552465,1.0,0.0
733,tcf3,thap1,0,1,2.305113619995043,8.492335813376798,90.65481398970618,84.73899934565502,15.394627200668108,28.57366850841578,10.810037930862897,2.24795405739947,7.718778645669803,0.16981588206023082,0.33719619925959027,0.3974973234118294,1.0234140715109574,1.0,0.29365398553994154,0.06149735913800179,3.3124123210594982,2.356909340415426,0.0,1.0
734,ewsr1,id3,0,1,0.8834941683602262,14.59729914488246,16.808066358209025,4.41040194149261,42.26680822202259,33.38510110950544,1.3582177065940506,0.8393735864390172,3.3870459239958426,2.5146740452615814,7.569627791839521,0.24193791155873481,0.8440509851250512,1.0,0.3935403942770353,0.15482234443410678,21.2457054342233,21.968964247794464,0.0,1.0
735,ewsr1,klf16,1,0,12.948190034660792,0.7344030110444114,4.347890501993322,6.294237368381554,43.03912444734036,1.8054679365846609,1.4916498922134667,3.254917340977924,0.6576672906894675,9.898851966858127,0.28684458988697203,0.24184187913688857,0.9811321587458512,1.0,0.2997585579249635,0.07325740952297931,7.473935471717583,2.4595838306202387,1.0,0.0
736,ewsr1,klf2,1,0,1.9306105804245186,10.247096723622892,143.0231097123795,159.53851024658096,43.11880443991366,3342.7730167947907,15.957316060986013,1.904897151298877,9.628652126715982,0.30148137966392907,20.952765646540374,0.24112398302424215,0.3401970991352176,1.0,0.5651366991898275,0.38393886426399415,71.5276808098664,248.6638709710079,1.0,0.0
737,tcf3,usf2,1,0,12.585715250387256,1.356599159108749,0.00010000000000000022,16.973946817358904,14.108427263179314,3.8164837680372283,1.0799310715069854,9.999920545472835e-05,1.2562005522774424,141084.27263179282,0.22484362706581532,0.39378995330912897,0.6479228097778047,1.0,0.4209095130645753,0.0810156073225377,5.909522357451003,3.6784111581215253,1.0,0.0
738,tcf3,vezf1,1,0,0.8583582074637053,0.00010000001245364515,16.72397109142552,0.10512118851725065,33.77273106744465,1.1522426192800708,12.434540819712137,0.8164537021052001,9.990497453751377e-05,2.0194205600343413,10.961088202413016,0.42761772503471784,1.104788575561032,1.0,0.0948055382358408,0.029149749208957545,2.7588604390912255,1.7791171169698603,1.0,0.0
739,ewsr1,max,0,1,2.452871268549296,17.276065789965095,54.605305506094595,39.40132977785898,47.13440925109961,52.153061983436366,3.428057402398615,2.347424901346965,12.01007842076706,0.8631836927611156,1.3236371025412204,0.2446507141001261,0.4471355179830933,1.0,0.4915809418149438,0.13668759660240207,25.62966490659337,13.772641521462159,0.0,1.0
740,ewsr1,maz,1,0,1.6134601385990521,11.874536387140704,46.936566238151194,43.39662119051612,36.230438344768494,75.49164781542673,4.808243138920746,1.5598401137890403,9.323393610523171,0.7719021915863863,1.7395743204064156,0.23123875349240536,0.3527103929133912,1.0,0.5326549175776335,0.1619895387889386,23.277229209886194,17.98881495878954,1.0,0.0
741,tcf3,yy1,0,1,1.7515109135156133,11.732969650447084,29.194712802319202,14.671755257391867,14.1304798191036,27.12721381054242,2.3854875723932967,1.6523779624862913,6.519411194572259,0.4840081803435685,1.8489412708050246,0.39175103004920636,0.43704127417481853,1.0,0.45381217198832263,0.09516494906602133,8.969896965339323,12.931666035609737,0.0,1.0
742,ewsr1,meis2,1,0,0.00010000000010901289,0.00010000000002041709,10.621738282991037,2.080210038351196,43.07770760419504,3.5460962149812083,7.385630679670161,9.999905865238784e-05,9.999519304462035e-05,4.055617494659691,1.7046818107809414,0.2404656378808635,1.790733379962128,1.0,0.2834769797506895,0.07987796504415605,17.000353420459305,3.088865822359524,1.0,0.0
743,tcf3,zbtb7a,0,1,8.047112024806529,0.49305374144274633,8.285888897424934,3.5355415937286296,23.784783534492053,3.1869483863553705,2.312723077504945,4.082377543487546,0.43270963345346647,2.870516830352845,0.901403166068928,0.41979632710591674,0.7319815415522243,1.0,0.2649628959405243,0.05574679303526364,8.022568286878311,2.7854960273712996,0.0,1.0
744,ewsr1,mlx,0,1,1.9478400004200982,13.572810098574084,48.78558894766601,41.98348688197289,39.05299980286788,25.19489597356795,4.256632749334707,1.873055371312554,10.256873220411387,0.8005027846391563,0.6001144222345733,0.2382463137419199,0.5551097252826682,1.0,0.4099639886920521,0.10239172240845323,11.034836901599068,6.370779189809454,0.0,1.0
745,tcf3,zfhx3,1,0,9.220895945034764,0.5181014972644108,8.18622451257471,3.989367261690248,23.783419728569747,1.6946794477586942,2.132959058881028,4.336405012935185,0.4585494125307438,2.905297758696511,0.42479905623947956,0.41315965491049667,1.1456794953298453,1.0,0.23147694788494289,0.043532345682333426,3.151730299678667,0.5606544526493625,1.0,0.0
746,tcf3,zfp148,0,1,9.246720102000488,0.7480675190666692,4.910196829482967,10.514413387752715,19.534645530847474,2.426366069570667,1.6399477160197682,3.2071400819614446,0.6983799752907928,3.9783833946437603,0.23076570989656164,0.41221126999552654,0.8133849197317974,1.0,0.25170933578330024,0.050035012074514156,5.147447267227969,1.412591018296395,0.0,1.0
747,tcf3,zfp219,0,1,2.384997585051211,15.610109994121991,27.664427644553676,7.079814494360081,16.194161840677076,9.892212518356231,1.5788525326629366,2.195702334402089,4.870738245560969,0.5853785246796978,1.397241767596674,0.40131267894266703,0.5347363616265295,1.0,0.35816836035940974,0.07445826174230315,4.685174576939844,3.331872976104823,0.0,1.0
748,tcf3,zfp281,0,1,7.715116539597004,0.8107878278784775,6.868704061891688,2.7050137907854013,21.956668210791616,3.430142656301859,2.456878709418298,3.6336741764423692,0.6238100136735553,3.196624576186006,1.2680684542114355,0.41874425965098677,0.5551537425929383,1.0,0.2522847554448439,0.05488933764920987,4.49627427392357,2.846881072262346,0.0,1.0
749,tcf3,zfp57,0,1,10.573621811628877,1.1423539165267946,10.131745655164458,20.332197697240904,25.672099596977972,20.691009266854422,2.0682305663036513,5.173984331412315,1.0815855943715853,2.5338278783076364,1.0176474562640225,0.4120544285833543,0.31755339098095847,1.0,0.40162357098724066,0.11117686026562283,15.115998252956068,11.588769990177662,0.0,1.0
750,tcf4,tcf7,1,0,13.14099809070694,1.3005589321338034,2.616763943812827,18.709172313273662,10.408643147142541,5.1981581657201765,1.2824866899021674,2.1822191447075685,1.2160273851975478,3.977677532493185,0.27784009247871544,0.5264067211368291,0.5885270804052185,1.0,0.3200712044131679,0.05424640180684437,3.087575821608365,2.0585018101463013,1.0,0.0
751,ewsr1,nfic,1,0,9.268864163513665,1.0025738847796652,5.264231883594762,14.951196314773036,40.66247101146203,2.1515586416397583,1.67308891210214,3.357402310981472,0.9395696931767067,7.724293289241475,0.14390545052999124,0.24122836378088902,1.2123621227887615,1.0,0.21744954986091042,0.056830646220859184,5.221447769201631,3.04322739162283,1.0,0.0
752,ewsr1,patz1,0,1,17.115301003431995,1.0577395022785294,1.06852681586461,20.405341143686616,39.82227906836668,8.650196378350818,1.1152438057576006,1.005737530375988,1.0056121831329083,37.26839465057698,0.42391824363236275,0.23932829413783185,0.4384769325493557,1.0,0.3884818182510542,0.09523449015956519,15.062253127664242,7.400321583612529,0.0,1.0
753,tcf4,tead2,0,1,2.8239962257884867,28.53788503265015,61.13553747503436,24.192814035431315,15.946343840790735,29.22218236769958,1.9285942696942335,2.6993087207079887,13.093165039743203,0.2608359147460292,1.2078868677658812,0.5417360735532721,0.5244817482268532,1.0,0.34553440077989706,0.06928731297640536,3.8585080641597598,4.132640266721838,0.0,1.0
754,tcf4,tfap2a,0,1,8.61253890819157,0.3244144536972527,10.8824655435763,2.7946660319977026,15.623880438160615,1.8291775580041663,2.5263225992328158,4.807675635211546,0.2906722215713518,1.4356930766836267,0.6545245610963472,0.543186728594134,1.139344694013378,1.0,0.21591334157812928,0.034891923196434756,2.6398525338867547,1.5691654812336047,0.0,1.0
755,ewsr1,plagl1,0,1,1.0884349449300486,15.531390690257435,23.313480221737176,8.96440778166169,48.82294436793434,8.210747076677988,1.6392079876369525,1.0398858609235953,5.68382042019893,2.0941937412850304,0.9159274406809728,0.24621406963610282,1.0098701298701296,1.0,0.24496971668389061,0.07404307903814675,9.02561850573611,3.789147624081765,0.0,1.0
756,ewsr1,polr2a,1,0,15.331204586906665,1.3262392682681918,4.078480471334102,21.412429987369997,44.07615235988193,4.372546018938062,1.344439606896862,3.221485476044813,1.2488859906017595,10.807003409645917,0.2042059692205501,0.2434122969220844,0.7756520315300484,1.0,0.3099485572574835,0.06826784959895316,11.552149815720274,2.834628805739558,1.0,0.0
757,ewsr1,pou5f1,1,0,1.1189624494264256,8.898492860710684,88.98644152518854,102.45175106198951,33.54604440220106,2606.831414974429,12.25430189487837,1.1050667571816062,8.187374749042348,0.37697927714870477,25.444478868859335,0.23030810447146455,0.2635782015865796,1.0,0.6572805422291115,0.4359386147444204,74.44513919551943,329.17980737015245,1.0,0.0
758,klf15,klf16,1,0,6.044711561732985,0.744597012117567,14.077301977989807,0.5376117589396718,43.907522561239205,1.4462573503110947,2.2525105400076555,4.228862576619352,0.3121988543688409,3.1190296713027577,2.6901520033035338,0.5756224234405267,0.9630942976156275,1.0,0.23336597078618868,0.04569306872996758,8.993359389814835,2.2442572473888927,1.0,0.0
759,tcf4,tfap2c,0,1,2.31478201635825,1.5896461915379323,11.008209379342443,9.974926468267101,14.33604043746124,3.490117079023316,6.124572309098794,1.912603885027725,1.3711361705793494,1.3023044841755707,0.3498890032048164,0.5422649775805107,1.024427364915606,1.0,0.19537933350006523,0.04766692898917202,1.7386957456096703,1.8481324945409179,0.0,1.0
760,ewsr1,rest,0,1,1.31359549111543,17.52946162154628,26.869021911007117,8.947748688055151,43.120033747259754,68.70787466620973,1.5833310840372778,1.2523686330965993,5.923932898989197,1.604823349732551,7.678789052036263,0.24003173455258126,0.28012256087953635,1.0,0.5382733076347498,0.22526719041129953,36.968970421428054,44.911262591512454,0.0,1.0
761,ewsr1,rfx7,1,0,0.4531095262379034,8.304495253669197,10.835170133906141,9.257800645613212,44.12540135109048,1.574987257768883,2.2032315301468786,0.4349217909098687,4.3776372953636375,4.072423488119519,0.17012542374361747,0.2419498999863477,0.8666029204975663,1.0,0.22393045855299207,0.04522627202678028,5.900203245337373,1.755115156272999,1.0,0.0
762,tcf4,tfcp2l1,1,0,24.031965704016333,1.5330411604349823,10.876889883773742,34.69352067205274,18.04011425143344,34.69735693745243,1.5067099740041066,7.487872067185129,1.4681656911465835,1.6585728497946706,1.0001105758460191,0.5442953221700066,0.28600519359288196,1.0,0.27787537501676374,0.0775161195381511,4.7044120604003865,8.123326390713885,1.0,0.0
763,tcf4,tfdp2,1,0,20.980041144154242,2.274251500615316,13.877462453910589,38.44600700659348,19.765326871126273,10.669750879887912,1.7512884567154892,8.352569840247066,2.147233154522661,1.4242752907291432,0.27752559265928584,0.5456562130177516,0.6304435852635552,1.0,0.28453846541241573,0.04706680063123206,3.1543919274805527,1.9106783919925014,1.0,0.0
764,tcf4,tfe3,1,0,12.979965222053657,1.5360783817428378,7.326652318745001,22.11331596003983,13.323169869853013,3.984573697908733,1.6731320274234331,4.683187246734772,1.4363068290020993,1.8184525879256093,0.18018888280297315,0.5349647058823529,0.8765317592517097,1.0,0.24111372173685608,0.04360750127276857,2.4605647363797227,1.5274647904949972,1.0,0.0
765,tcf4,thap1,0,1,46.15037663942918,3.335162446972627,12.025827527248197,63.87362566581182,21.312719875699432,7.464684956124603,1.3203291233575385,9.539922339952437,3.169658665993417,1.772245596189446,0.11686646684470355,0.5471739384395968,0.9912866434159674,1.0,0.26690356170414664,0.0424627079747966,1.4786285745449126,2.0968511261310887,0.0,1.0
766,tcf4,trim28,0,1,2.0211998045471886,17.289759262937366,29.798205991969734,10.018981592209158,11.389063045472982,135.168302118798,1.686275365291852,1.892811214388513,6.3432356954111135,0.3822063331108658,13.491221724961147,0.5310958521917043,0.23104325666356082,1.0,0.4240560838284096,0.1583476843423215,11.476639161686887,40.18881586264002,0.0,1.0
767,ewsr1,smarcb1,1,0,1.6951771788219119,20.366027859834414,29.443651670560335,6.523384830736351,41.32363244173981,46.19047586801389,1.3963220181416593,1.6028928581270563,4.940808441300979,1.4034819085656365,7.08075287086811,0.2396272711474283,0.29862045780465307,1.0,0.6458852158551285,0.211329789362845,38.906291632868026,29.070478956424516,1.0,0.0
768,tcf4,usf1,0,1,10.092026436106286,0.7165368897394857,3.075920759556221,13.640197179072814,9.655651501899714,9.426758469284257,1.3698277097893925,2.3574117635461636,0.6807749182565096,3.1391093128461423,0.6911013342055687,0.5213031752019753,0.4240688429456581,1.0,0.2596318781847368,0.06331478320048467,4.106978209347219,4.319182641273832,0.0,1.0
769,tcf4,usf2,0,1,20.594576422635384,1.8572537484486162,14.583497164966687,37.47129951679501,19.990017910897567,7.8618178298850045,1.7920955155143865,8.537731497015319,1.7695466959449886,1.3707286863207773,0.2098090520282399,0.5471251955886511,0.6727303092200766,1.0,0.2807288703723071,0.0547023254666054,2.0692873255806123,2.09167575348914,0.0,1.0
770,ewsr1,sp5,0,1,1.3649075584601063,10.57226457522385,45.52856392786342,40.91200166866875,40.526422066158574,303.4763611602566,5.009620852482051,1.325179797130155,8.401256102090715,0.8901317891416394,7.417783261205355,0.23735260347814224,0.9324264373019467,1.0,0.3776052566770136,0.19234114904792338,25.345654246666307,43.24344094905719,0.0,1.0
771,tcf4,yy1,0,1,6.40440779927283,20.437299741849333,163.83772489990895,123.0653138731697,15.301055056655846,165.50410191781813,7.29607751125053,6.163477786184573,17.526668289109857,0.09339152546218218,1.3448476805445404,0.5385707864396844,0.46613757336108225,1.0,0.3561878953183138,0.0783931933582465,4.838634633599863,10.165928654704087,0.0,1.0
772,klf15,mafg,1,0,17.687599147756135,1.667077900818878,7.683364073117092,26.223687771999415,32.55188555945421,17.66533507402978,1.525579133648075,5.356527564541104,1.5674338551874176,4.236670975067842,0.6736403829858021,0.5475016024005561,0.3667619279367511,1.0,0.4707424853991281,0.11293602622972813,16.72861587760711,9.767602018320972,1.0,0.0
773,klf15,max,0,1,53.490150943362,5.677619886594214,3.4808881653152763,51.45225589396118,36.8532430179562,28.523326266939925,1.1822105968057741,3.268208484393212,5.113372771818907,10.587310269021032,0.5543649305819385,0.55376848564145,0.4380179747414883,1.0,0.4186605536608285,0.11091723362269719,10.56049631811614,9.77404347026355,0.0,1.0
774,klf15,maz,1,0,5.564246551410054,27.59741303866798,136.05710902040983,63.31415660874518,33.331316094454266,105.29318521351767,3.381990186774061,5.345629524621481,19.21985219156503,0.2449803346141528,1.6630275258057248,0.5486093151349549,0.3524235994681648,1.0,0.46213267627934357,0.12874268488865495,13.74578196953224,13.433476017622663,1.0,0.0
775,tcf4,zbtb7a,0,1,5.940901775186062,0.40097952865342706,8.382037764773287,1.8128589146295748,12.740268227246894,2.981693063665383,2.9441620127281873,3.476720885226858,0.32835246641816757,1.5199487982253783,1.6447463393888204,0.5332373046875,0.7178743167250928,1.0,0.16822920994248583,0.03801951933523917,2.771797982401322,2.082419029758017,0.0,1.0
776,tcf4,zfp148,0,1,7.3976006414545825,0.8695412014271612,8.182049313008518,16.07914426344217,13.045840825201212,2.782934609256618,2.2199333002689383,3.8850380735919887,0.8249299598918449,1.5944466143047837,0.17307728344623088,0.537114223252685,0.8218113413034333,1.0,0.22411562750164948,0.03848446874507367,1.3429010172274,2.1287429788258536,0.0,1.0
777,tcf4,zfp42,0,1,4.892248440171983,15.85543767064359,138.8022851437248,125.98557872681782,13.786163910430941,1335.111067887642,9.210326331356164,4.725686120761334,14.083066673080976,0.09932231228150072,10.59733249932236,0.5341538062842575,0.24994368609220538,1.0,0.42669283402618396,0.19699522897368654,15.372573659600466,91.85364762714426,0.0,1.0
778,tcf4,zfp57,1,0,10.246473028219404,1.0083935839744886,7.111247745133129,16.851779782337456,12.393392173629284,21.178418728287802,1.795387477126774,4.197855765104534,0.9514592194895994,1.7427872882239555,1.2567467057981108,0.5293281825644138,0.3200591852267265,1.0,0.3018037823442552,0.08538164832331893,5.05463513007631,7.316730834811093,1.0,0.0
779,klf15,meis2,1,0,0.8563880099000716,0.8519029065428046,14.264093272057853,10.382191679660352,41.13533509738734,3.521836170760328,10.809059555919067,0.8078842348002859,0.7873014776864574,2.883838061965563,0.33921895101011496,0.5634958697666254,1.8057829990902263,1.0,0.1917199367305614,0.05743538216844376,5.64619849040751,1.8524736497663867,1.0,0.0
780,ewsr1,tfap2c,0,1,3.6143236651381088,1.3895607654813689,8.60368040616592,7.680709589920143,42.4862766971807,3.8372602791521753,3.9907912241656764,2.545136301953418,1.1766807690416492,4.938151429559431,0.4995971054794264,0.23931314970872936,1.0425523820167408,1.0,0.2083884234082975,0.07310662170284492,9.41693765754208,4.750525713720145,0.0,1.0
781,klf15,mitf,0,1,15.272728808221345,1.082587761497672,15.641241316431863,27.809325086554377,50.09291268336742,10.075967706165443,2.1024129733240127,7.727394310292931,1.0420229062903243,3.2026174694167304,0.36232334566929514,0.5722038453305551,0.5153435398592734,1.0,0.24188309591900992,0.05845446179342344,5.694234655774734,3.610597701231221,0.0,1.0
782,klf15,mlx,0,1,25.295035435615617,2.3978388286327457,16.56137900234451,42.273759164090734,53.03815561036703,9.642131973876022,1.748587421214172,10.008517794755019,2.2691299552892086,3.202520490767024,0.2280878768422017,0.5741059901344219,0.5397046467831568,1.0,0.3870032232322006,0.09337617244912946,11.748051810363691,4.806463216356475,0.0,1.0
783,tcf7,tead2,0,1,1.3622636790104914,15.768134079945082,27.896922774686445,11.132270635594582,6.9891928773447,17.664795105724387,1.7893053319855943,1.298838732657729,6.5253715642013645,0.25053633814001397,1.58680970701903,0.6015293884249823,0.5195268794288456,1.0,0.29500401283203265,0.04922423081156407,2.274631464880614,2.7240051387223256,0.0,1.0
784,ewsr1,tfdp2,1,0,1.5417148813816848,17.88737044490209,21.1736813004727,1.685830133652615,39.61504500607087,8.728449063314477,1.1721422233333012,1.437077270994222,1.5406304138558924,1.8709568942641293,5.1775376943837905,0.2379384697145801,0.6214951024018083,1.0,0.39387903112672207,0.0949882362885451,17.499013380932308,6.223892027936489,1.0,0.0
785,tcf7,tfdp2,1,0,20.910667930324067,2.6138198189585298,8.780030460330561,35.20160782082459,10.395207330688608,9.350165186911696,1.5253131830552744,6.183630272297369,2.433151386194521,1.1839602809643597,0.2656175602689465,0.6113371435038479,0.6221657310972746,1.0,0.2808484260544654,0.05255377822942701,2.2979498207142277,2.2547219104886542,1.0,0.0
786,ewsr1,usf1,0,1,13.5199369165436,1.639990890881138,3.714745405903358,20.66756934458677,41.42773254497714,9.78565975666877,1.3759139988872986,2.9140730655314413,1.5194232405516848,11.15224006445811,0.4734789850472581,0.24076276115323914,0.42973426674455567,1.0,0.47187964562986284,0.12260138146597777,24.557527839668857,10.408315770407608,0.0,1.0
787,ewsr1,usf2,0,1,1.6143072045435563,17.751873557421938,31.67046830758965,11.758407473008837,38.48658168499165,10.005936568019987,1.7471101894489125,1.536013518900663,7.073255672565553,1.2152198480680045,0.8509601824046659,0.23640309557371916,0.6701607323773972,1.0,0.4281035111362153,0.10876700443057703,20.19345795517907,5.587297427693891,0.0,1.0
788,ewsr1,yy1,0,1,1.5911922433578387,16.288944461708983,32.61540974439836,16.280895605680495,39.96292156024504,31.405382322565554,2.0970547988153356,1.5171745798603533,8.142459519576864,1.2252773113515338,1.9289714204424995,0.2371739290437482,0.4512683588958011,1.0,0.521826338536976,0.14851081731380986,26.7053981684356,13.365826445180666,0.0,1.0
789,klf15,mybl2,0,1,5.2762528821134,13.216987748107279,95.6128787016348,66.2720200494159,22.05351435857036,297.8397167364047,6.346036944841262,5.000317862760984,11.019340929083063,0.2306542241802964,4.4942000638326665,0.5250336280156809,0.24709441682240402,1.0,0.5222901985697397,0.18127265326213984,20.639826521500094,46.15127259632773,0.0,1.0
790,tcf7,thap1,0,1,1.0469566999825999,8.167571697440495,45.11576676829899,45.944203235217266,5.330209099837942,16.50454726282886,6.704803964180828,1.0232120365553738,6.934767423031628,0.1181451514990822,0.3592302423513954,0.5902386755371507,1.001043514557028,1.0,0.20702310868689627,0.03315550586924359,0.5277433464002843,1.502916783902112,0.0,1.0
791,tcf7,trim28,1,0,1.2454797235480193,13.223101894434611,29.080382359513127,17.17284725670098,6.752333998346727,172.7368805227613,2.397151091752371,1.1943280122621034,7.470676699840292,0.2321955026199242,10.058721069411366,0.603195882642998,0.23801949147258009,1.0,0.3835340133130881,0.13458519447791634,8.238347066043513,31.26823941773501,1.0,0.0
792,tcf7,yy1,0,1,0.3747562140091164,7.060254372254908,162.68578305398074,194.34047269269746,5.587125193566485,268.2586446124576,27.074538492038773,0.3738949251861497,6.81275183079254,0.034343045155412394,1.380353978229969,0.5933706061994022,0.473506692135241,1.0,0.32795774247576537,0.06445458311154516,2.06293148435297,8.516975617848756,0.0,1.0
793,klf15,nanog,0,1,4.734943189967375,0.14415686217138898,14.562767429513839,12.766984096007247,43.30170274058884,28.3294343399373,4.119340796096825,3.5731635646896724,0.14254730644130945,2.973452879075088,2.218960572591068,0.5612240265028748,0.2222817487421169,1.0,0.31087584464372026,0.1337889528047404,15.7054881445345,18.26738917336288,0.0,1.0
794,ewsr1,zfp263,0,1,0.0001,5.9935962232967706,12.974821946346474,17.44550687720519,43.46124016656923,1.4174746865575827,3.910721189598174,9.999922928245415e-05,4.460978036760955,3.3496598524658214,0.08125156216639923,0.24257780115494415,0.8119294693479926,1.0,0.1818053680206417,0.04926536380034865,3.2544445528566284,2.1213930870283213,0.0,1.0
795,ewsr1,zfp57,1,0,1.1383830042584129,17.07453966191186,18.026793914677526,0.0001,37.38832289673735,22.741383748140596,1.0631557319706793,1.0707647469438146,9.999941433610324e-05,2.074041733305419,227413.83748140594,0.23580855534428696,0.32508140408701125,1.0,0.5128978221010081,0.15819273772868314,22.218937472492307,20.038410963749,1.0,0.0
796,ewsr1,zfx,0,1,14.963581623332399,0.922493743644637,0.737119892853859,11.036646790272702,39.47975088607381,2.4142777183835573,1.1369629843899025,0.7025134304686762,0.8513352264711,53.559470133444144,0.2187510177920538,0.23730315258453144,0.7807342136883447,1.0,0.37340120372869245,0.08089952826490542,8.868474609951058,3.549890593398166,0.0,1.0
797,tcf7,zbtb7a,0,1,7.6142673202980795,0.23437652790344937,14.652858916640495,1.7348408996141524,11.53685936934052,3.0340086988387442,3.319480137295118,5.01056057304921,0.20648100145499407,0.7873452842870619,1.748868555908234,0.6155433395990823,0.7206610032888273,1.0,0.19431454538648568,0.036732806401616976,2.665596949651272,0.8792754696035989,0.0,1.0
798,tcf7,zfp219,0,1,1.2262563499285943,13.021664618941953,25.567251856641374,13.156197162191837,6.542771482101984,12.680409147319436,2.1067509444551833,1.1701343735100125,6.544292598802091,0.2559043701211254,0.96383544507529,0.6025084254444906,0.5426352430493827,1.0,0.23646645607294237,0.04320305892716295,1.8326716671775773,2.163902030836487,0.0,1.0
799,tcf7,zfp263,0,1,0.0001,7.232227123607858,18.7606679840865,26.96076944647577,10.179124276358401,1.4211670425274827,4.7278906268593595,9.99994669727802e-05,5.702524716267159,0.5425779233976484,0.052712406645102385,0.6171934075134271,0.8118449016177767,1.0,0.14423008374457347,0.03075867596001889,1.457191783589475,0.46066736748972126,0.0,1.0
800,tcf7l1,tead1,0,1,2.7493229759562,3.554966237682823,2.0012993941708714,1.1605844530564906,2.9828065386678317,1.9033078284555918,3.1487297140819375,1.1582100149151668,0.8749431014914086,1.4904349380986017,1.6399563370361205,1.0079381205611895,1.0265137042771821,1.0,0.12664099329432202,0.023063662873039893,0.09868509663044667,0.052857646642907,0.0,1.0
801,tcf7l1,tead2,0,1,0.752131718666064,2.661122569462924,17.95423500536709,34.424014843245395,3.20643890430876,35.772368853518074,12.510839815691023,0.7218905643805139,2.470168084087922,0.17858955858326764,1.0391689934022106,1.0221468914286644,0.5313721768538265,1.0,0.153974805397659,0.035275923735059264,0.5042952767360813,2.4757494858069498,0.0,1.0
802,ezh2,gabpa,0,1,14.4046222816706,0.888734624549939,1.6364777307567677,16.94533585943472,45.14930386075949,6.263491023248217,1.1688878658808513,1.4695278731292938,0.8444458440618715,27.58931760096777,0.36962920506298896,0.31286257114435484,0.54499029528709,1.0,0.36598896364030076,0.10917477959728555,13.746657879241289,5.890447091983318,0.0,1.0
803,ezh2,hdac2,0,1,2.2760371727617934,14.591083218972203,27.44183823865495,9.806940051659302,42.67980956020795,47.700362485548766,1.810804918989115,2.1017196907723723,5.864978356237491,1.5552824555349425,4.8639394382224275,0.30997422209121694,0.21971445245087176,1.0,0.5110074605634347,0.20574450407616604,37.02067467102817,32.82197570852498,0.0,1.0
804,tcf7l1,tfap2a,0,1,0.9854453271907629,0.9854806192250102,1.183069524166925,0.8741505816432444,3.3558227767856796,2.201671407512043,3.2806646276967406,0.5376261700961683,0.4632415589131198,2.8365389423320067,2.518640899801611,1.0304921374567886,1.1583917148949128,1.0,0.08489351091662095,0.025071612458339856,0.6300982181038164,0.5341053669222059,0.0,1.0
805,klf15,nfe2l1,1,0,0.5021146624689007,9.575323398685406,14.883635171501625,14.802972441393301,33.203084723385146,1.6224958752080794,2.534597778741672,0.4857281270717374,5.814321448800289,2.2308451087917422,0.10960608632027995,0.5528064232067629,0.8262180063575689,1.0,0.22233648178148577,0.051730689039636485,4.186719243004922,1.5255553915975,1.0,0.0
806,klf15,nfe2l2,1,0,13.57244152341503,0.5239650549982207,8.048476650887043,19.34312664326938,32.256476580677756,13.529385281494834,1.6351684506584157,5.052397766648587,0.5101462543892101,4.007774139112733,0.6994414879769455,0.5468849270985957,0.31798861340679524,1.0,0.356437198063371,0.08618440240040252,10.730931654607534,5.189618698587178,1.0,0.0
807,tcf7l1,tfap2c,0,1,0.6967804477893573,0.8539336373574886,1.4396408653446613,1.901208888914724,3.224333187932915,4.381074028773746,4.31702440302961,0.46952986316130485,0.5892639696153907,2.239678843209959,2.3043622688270804,1.0182763467628582,1.0546006031862998,1.0,0.14138216720981456,0.03750000527246265,0.8053806559972108,0.9168512824582382,0.0,1.0
808,klf15,nfib,1,0,10.621348302229272,0.43816643283094014,19.1975485793033,6.699487303448824,56.6389256277715,2.5541852561720138,2.9910649870048003,6.8380748898873165,0.4112682629345873,2.950320734639703,0.381250854055227,0.5739262672925608,0.8049908211286461,1.0,0.28644754760084257,0.053941456237827916,10.360368871231174,2.4630586918494144,1.0,0.0
809,klf15,nfic,1,0,4.58987586784811,0.4378833630752851,13.835866051529996,15.379651145870879,43.16728005751297,1.8148307814935865,4.118013131145092,3.4465319214044334,0.4257612564631785,3.119955042694234,0.11800207717850814,0.5784151541991341,1.1967539204736948,1.0,0.17520114644904924,0.044575082711080564,6.977283857034568,1.169934651853533,1.0,0.0
810,tcf7l1,tfdp2,1,0,1.7265484763387218,2.4329111024294594,9.86336795994769,8.791051710833706,2.8724229973788913,9.576231371766516,5.113750926813011,1.4693447546781788,1.9055522247494587,0.29122131598891754,1.089315782315919,1.0066663663798927,0.6221761109298132,1.0,0.19008211270209507,0.036411004918345424,0.6767735446700821,1.5175554190134162,1.0,0.0
811,tcf7l1,thap1,0,1,0.9772195181424489,2.4384988576606164,18.16001293142873,31.54512660024197,3.1590487120664044,12.3637249401779,11.986103472091346,0.9273189910335795,2.2635240985320437,0.1739563030045633,0.3919377182047214,1.0168449931412895,1.0035142744994936,1.0,0.11946405938159706,0.02639538797955718,0.3082290740434154,1.1137242319813887,0.0,1.0
812,tcf7l1,trim28,0,1,2.346400721890962,2.7153860052986403,15.585907546162314,15.452006969208627,3.018457253428409,145.17499699272838,6.659278730481818,2.039379658824656,2.309531342050146,0.1936657999855541,9.39521948715271,1.021028050538264,0.23282493227147436,1.0,0.3077044818349471,0.11515535159104381,4.632835070001815,19.991839307916837,0.0,1.0
813,tcf7l1,yy1,0,1,0.09713026566354298,0.39156799693123556,135.12938100524676,184.56129891090742,3.082230214433279,268.6557763650468,79.78805246798194,0.09706049910357478,0.39073899925856287,0.022809474827044485,1.4556452406348417,1.0111614871883658,0.4859915153657737,1.0,0.26440141831757447,0.06390487874646403,1.9863524607528877,5.692314808809982,0.0,1.0
814,ezh2,klf13,0,1,4.050837249408319,28.9925759405883,96.45988276250503,46.23207794674007,72.93005748569765,71.09707587869023,2.6997668990355024,3.8875782217220287,17.818453944230747,0.7560662049036444,1.5378299881003608,0.33033084653132083,0.5761925627635428,1.0,0.4814551944707558,0.14222825316434767,31.20534849281468,13.368039570259217,0.0,1.0
815,tcf7l1,zbtb7a,0,1,1.3295517252039506,1.218372296145799,1.0392368585097926,0.938833101289152,3.3191967777785405,3.326555578253957,4.000264172555164,0.583302016746887,0.5302454011451349,3.193878999382376,3.543287484949264,1.02451364271296,0.7407208852073325,1.0,0.16933080212493506,0.031498954887650206,1.0002400285468693,1.0771459962511163,0.0,1.0
816,ezh2,klf15,0,1,2.3408953255893317,16.452655272091896,20.57568872161597,2.926043054000937,44.71898617782244,23.625081848974297,1.310942073489299,2.1017763140438808,2.484231751208787,2.1733895172530735,8.074071848215098,0.30949568343421613,0.5328122240565133,1.0,0.49839875480495177,0.16276897384076305,32.0231243481238,17.07918687420036,0.0,1.0
817,ezh2,klf16,0,1,1.620951931526454,2.1963645309388555,10.950974741239348,24.942345055745925,60.305949405831804,1.5241232205607567,4.929085851800853,1.4119557106042315,2.0186104215418084,5.50690242930894,0.0611058509997498,0.3269546830542851,0.9643887197564489,1.0,0.34012835246640555,0.0848639323765533,9.200119039100569,3.210759805462854,0.0,1.0
818,ezh2,klf2,0,1,10.119407893926413,18.119966366212626,287.66655063449815,209.7528015204109,67.24708973420609,4063.171569985058,12.814887133851116,9.775528630344931,16.67910450212171,0.23376749777087757,19.37123862247758,0.3265190134077701,0.3198195501669444,1.0,0.5925945436413472,0.412700911826546,84.39093363325873,256.70858289554724,0.0,1.0
819,ezh2,klf3,0,1,12.379545818019599,1.87242154168782,6.87841414527445,21.268577536381322,58.569780172175776,17.148346302944095,1.6925800902748682,4.4216336117137764,1.7209171741387448,8.515012172160919,0.8062761260648815,0.32450130249720155,0.40991309135612614,1.0,0.4680451572367988,0.15451088181220649,34.214038514561295,15.459224640695636,0.0,1.0
820,ezh2,klf5,0,1,2.6514322814863136,26.848451037168402,57.43496629161838,22.168877374595187,69.41088340489145,59.88038726571106,1.8956481415187518,2.534432539277526,12.14264502016328,1.208512651552139,2.7011014700425036,0.327656846882208,0.28938676578723666,1.0,0.5131609142685285,0.18434408911965833,36.99270640628476,24.371881180283037,0.0,1.0
821,ezh2,klf6,0,1,3.299423991159233,22.70280099665165,25.65724851736277,3.524982840481475,68.2056571014319,21.99284295233798,1.2439028680311566,2.92347614458835,3.051229354375001,2.658338716845486,6.239134755428765,0.3248354408120552,0.6505536371057987,1.0,0.3435273342345923,0.13985007246359768,22.864971384921496,12.682660937322634,0.0,1.0
822,klf15,nr1h2,1,0,4.48599103662484,13.343706694109745,78.36009113246683,53.405650621410544,22.657220307066815,56.432988453345324,5.288684475658339,4.243081353344895,10.676197739727217,0.2891423424810092,1.0566857213929552,0.5279979766072245,0.4484198064690811,1.0,0.37031979968373757,0.08232241374303684,11.406131924303036,7.822661491988926,1.0,0.0
823,tcf7l1,zfp148,0,1,0.8990751994151936,2.6042385888788573,0.8861993432190901,2.6369697841723694,2.962182010037592,3.054071444156342,3.9467104615085713,0.44629541966730135,1.3102509919198964,3.3425685007591666,1.1581746072660755,1.010096870751283,0.820423715896967,1.0,0.0711248676509561,0.024532208156824078,0.42935335560821025,0.3575513786918061,0.0,1.0
824,ezh2,klf9,0,1,2.0176446570818314,10.605275925012897,49.80287635492166,48.191539063752494,37.73046527935283,107.5433189645018,5.76871625776376,1.9390871689911986,8.69238527834864,0.7575961077120438,2.231580917601178,0.30159451119846853,0.23746219906522376,1.0,0.5243647934359398,0.19722091991268045,27.843946022058034,33.56091901435582,0.0,1.0
825,ezh2,maz,0,1,2.6733588563799535,18.37683272068513,36.62418313616516,11.72446453795893,46.42432479286585,31.622167733059854,1.757567406435802,2.4914938538222637,7.157781995319281,1.2675866276734342,2.6971097597404516,0.3126678606805766,0.33007911302978266,1.0,0.5673173154902745,0.1841080662633136,34.90151572551467,19.457039303017986,0.0,1.0
826,tcf7l1,zic3,0,1,0.7805229711277948,1.6311774817150455,1.2328409791056434,2.6092745995229865,3.1264026599370114,3.9008134828694745,4.188019987110992,0.47793679023013586,1.0037113705834668,2.5359334357988654,1.494980054449846,1.017793507378226,0.9695698722972154,1.0,0.09361476665476404,0.019586278844898396,1.052690975932702,0.10512015559620629,0.0,0.0
827,ezh2,mecp2,0,1,0.00010000000000021103,0.08932806857127373,11.444033236054912,6.713577395018422,62.9150468523207,1.1779646322213826,12.478733774032756,9.999912619004178e-05,0.08815511329835661,5.497628812725235,0.17546005101474668,0.3287115182184996,1.1599362896490104,1.0,0.24545933770432143,0.058415957793662564,11.548822097455439,3.565904060196335,0.0,1.0
828,klf15,nr2f6,1,0,4.496717487346664,1.9157667062862218,29.078929020388607,37.93016222042641,80.64292909576224,3.5121001278718627,7.400735656511166,3.894481335129883,1.8236578717885954,2.7732427504197177,0.09259385993294018,0.6019112042582465,0.9712361685991797,1.0,0.28871902758316,0.06334392888777218,4.619914998159958,1.7428390792967585,1.0,0.0
829,ezh2,meis2,1,0,0.6990182620522432,3.2662784724432945,12.24961399512623,17.222567818315436,67.43425285822687,3.090932058854808,6.6307978638200336,0.6612824980751904,2.7455768717700324,5.50501043421099,0.17946987298652056,0.33118175964432633,1.7699023058871544,1.0,0.3236710970316585,0.08226213649153177,12.936198664011375,3.9951801678075523,1.0,0.0
830,ezh2,mybl2,0,1,2.492794148149137,19.118740905317022,46.101207101259696,20.785576940747017,52.812037680746876,125.5297049843009,2.200041974816376,2.364917815571519,9.958673184958885,1.1455673506497797,6.0392696985099645,0.3184334577307311,0.24001266611664446,1.0,0.6187846548579696,0.2694260649470829,54.9705454647696,55.83416137066103,0.0,1.0
831,klf15,nr5a2,1,0,5.83675958976318,0.2689956413133349,17.21508346086346,17.70469061203756,49.338748533155226,5.112671316536521,4.008926721932194,4.358883723878073,0.26496983080203357,2.8660185496818107,0.2887749596177849,0.5628739379494349,0.5168557721495014,1.0,0.2543673611331643,0.06477422060794921,6.300192040993808,2.958339735839696,1.0,0.0
832,ezh2,nanog,0,1,7.446855795780303,0.4526214339111363,4.961669709515243,11.73838085690743,46.792239674861925,28.708265975276337,1.730527283150182,2.97769777861863,0.4358167317587904,9.430744570749258,2.4456751169717763,0.3173893533175751,0.2249487977372667,1.0,0.46452761223862243,0.22029925051484833,32.6832271311907,35.95617342685313,0.0,1.0
833,ezh2,nr0b1,0,1,4.910524573534403,29.69951475021233,28.166643419974186,1.135561787925138,71.20456931559491,31.37480019630166,1.1912441956342406,4.181524690835332,1.0937425119910942,2.527974961514252,27.629320156702953,0.3325503872090268,0.6420024374061858,1.0,0.4394597354974765,0.17095576869052864,30.95578175785415,23.53433470108918,0.0,1.0
834,ezh2,nrf1,0,1,3.34379972406723,23.87978430998388,34.793291850841726,5.290907558744562,53.791266449324,18.790290950751974,1.337492078755318,3.0506206657557082,4.3312559014868155,1.546024063486901,3.551430589577447,0.3219095453940237,0.48101633815919537,1.0,0.5249586230814308,0.1607855929350537,26.681427318511137,15.060224391371442,0.0,1.0
835,klf15,patz1,1,0,10.633267930811273,0.36662148047070897,5.511839944138985,15.484768623250192,25.589637842479,6.2231425514430505,1.554307088835129,3.6301318871155726,0.35814201532203516,4.642667077023843,0.4018879908931334,0.5376531076253445,0.4253082510845197,1.0,0.3715277342368738,0.07435273823014028,10.310727473276728,5.814597178086718,1.0,0.0
836,ezh2,patz1,0,1,8.883113232138573,0.45928988035623647,8.72123234361661,17.68569418102576,61.34525840697761,5.547652067677873,2.033242447168614,4.400714249715145,0.447664232547231,7.034012624589512,0.31368019885980597,0.3252399021299885,0.41938263189034863,1.0,0.4227323469376837,0.11046524728930095,22.933488192055172,6.832909081152222,0.0,1.0
837,ezh2,plagl1,0,1,5.764611368331025,12.793830766962595,201.0558708502714,179.90187631338503,62.71261604066694,84.51181776470045,14.99366361508956,5.603937029544949,11.944397698765446,0.3119163632250746,0.46976618308017404,0.3264049107236738,1.0207173089775006,1.0,0.2840610209676957,0.08532625826953312,12.505396121728342,3.805862407655186,0.0,1.0
838,ezh2,pou5f1,0,1,2.0899672561568976,7.54990195312166,104.7579043122818,102.4736029351306,36.71650279089074,2450.7867345380046,13.896740581396237,2.0490870489268436,7.031821570573907,0.350489092273547,23.91627369723146,0.2994067164784755,0.24982316863916693,1.0,0.6749113132515037,0.44510720292446665,79.96567433151006,387.33362505277347,0.0,1.0
839,ezh2,pura,1,0,31.564471749103785,3.3406515627469315,11.450629459031935,50.443909845069655,87.4293171909092,12.634860825284072,1.442357855024003,8.402469363496673,3.1331579517260257,7.6353284772434415,0.2504734637757068,0.33412094229032746,0.6502082208824909,1.0,0.4573318790296786,0.12775986020210187,25.200039774521347,7.556465154092354,1.0,0.0
840,ezh2,rad21,0,1,7.849010418727614,1.2626221599568048,8.242423496285332,17.635944261945838,58.792700874779335,11.780275152387167,2.196898720930169,4.020453878727986,1.1782657763442173,7.132938619481981,0.6679696293782348,0.3260980328968712,0.3693334928128671,1.0,0.5016613881948989,0.1519054835680754,30.60577109023204,15.862805543138585,0.0,1.0
841,ezh2,rest,0,1,43.440592710943974,3.989466491114958,5.587287810020136,50.576006684934065,77.72931530916317,82.28238881847064,1.2139966636872792,4.950552451683546,3.6977830884552123,13.911815169027966,1.6269056062700475,0.33351933406016687,0.27957615650838735,1.0,0.636067127359477,0.24935146869634556,52.5056253606064,47.31496513438475,0.0,1.0
842,klf15,pknox1,1,0,4.361074069668746,0.018666076356443895,17.074917889094138,0.0047686193719037005,49.723527884080234,1.3386537091244404,1.5760555908354361,3.4738295195809994,0.0037982747607471622,2.912080058425287,280.7214425650481,0.5679697029037581,0.9666276777984489,1.0,0.22412192923001092,0.044320341157359826,5.255268174848534,1.5633023619531163,1.0,0.0
843,klf15,plagl1,0,1,3.978011270768689,28.23063475782274,44.956753909214186,10.674951896829423,35.34865370215493,9.364675437482772,1.37897544819171,3.654630263172971,7.745948434906406,0.7862812731884093,0.8772569214353259,0.5549363500791155,1.0023214345530733,1.0,0.22595812351877229,0.04965783570798416,5.280962516090086,2.347324599804562,0.0,1.0
844,ezh2,rfx7,0,1,0.00010000000000021103,9.999999999998899e-05,9.093895336064085,3.8215791097291296,52.88338038726828,1.5141582712368704,14.054089150246156,9.999890037351996e-05,9.999738334911046e-05,5.815261604952302,0.3962127245729561,0.3201872581657326,0.8598915717127068,1.0,0.23488147634576467,0.06476652653646923,8.03365554782664,2.151442019535801,0.0,1.0
845,klf15,pou2f1,1,0,3.8346642562880016,0.7246612982981243,21.512213888092155,24.075481824031982,61.417950180212756,2.898449336613231,6.494229349292317,3.254527725284356,0.7034866625445794,2.855026939566177,0.12039008638738928,0.5892990331645992,0.8270498479257525,1.0,0.2562451739340427,0.05410456924935319,5.975100806863896,1.8605506781639471,1.0,0.0
846,klf15,polr2a,1,0,9.970362555737797,0.927484203714074,18.854502162602106,26.3163873401581,56.107175681479575,4.0458047572703855,2.9929460027377566,6.5216688510416,0.8959091411627086,2.975797249781971,0.15373708803474692,0.5857607518563015,0.7705714366366819,1.0,0.26399109986632885,0.06468806566131334,12.108439771213945,2.340162011997635,1.0,0.0
847,klf15,polr3g,1,0,9.365506932248962,2.344713849838897,16.048482886134725,30.7627149079662,47.90736990791833,7.2791870606286455,2.92040036542385,5.914151174069083,2.178657975254246,2.985165030727513,0.2366236882019686,0.572608427647467,0.640367168662714,1.0,0.3972713507346113,0.09148843389298295,14.839180716286103,5.837598941793558,1.0,0.0
848,ezh2,setdb1,0,1,14.80071398301662,1.2113422380649987,6.492302640648191,22.397465453069987,58.82427243497759,9.638026998336386,1.5164556244346434,4.512780700533681,1.1491895856770806,9.060617733172183,0.4303177526283589,0.3208093098674871,0.43533318949648053,1.0,0.46768611025990764,0.13005979893379188,27.15128099651432,8.975860048078632,0.0,1.0
849,ezh2,sin3a,0,1,8.836323049115627,2.035900655950205,6.450685593058838,11.890214204511286,53.12529170724028,4.773553780140253,2.0262415671125025,3.728678587339114,1.7382662099880726,8.235603943308746,0.40146911552939984,0.32128869740163496,0.6101997591262096,1.0,0.4506562414940855,0.13191887269312072,21.919272756904014,6.56916763548764,0.0,1.0
850,ezh2,smad1,0,1,12.880462701348653,0.9432373392175782,4.191015577587656,7.114871830216922,51.882634317022955,2.0019996441974923,1.5010868657402179,3.162129192671914,0.832827234391871,12.379489733819252,0.2813823905716731,0.32109026271057606,0.9481498884741115,1.0,0.3732438831632561,0.07938819043452953,16.29033306829797,2.909886267131843,0.0,1.0
851,ezh2,smad4,0,1,4.0847058435133246,20.387319890240747,87.08398385350642,49.85885510625735,55.8382596258024,14.682879313050327,3.607197893312091,3.9016954055715214,14.470374058987634,0.6412001054032404,0.29448889834631614,0.3224595781042281,0.9806941211392146,1.0,0.3572600673037539,0.08719140153785426,17.39985092578736,4.105122120191988,0.0,1.0
852,klf15,pou5f1,1,0,6.055713139101664,8.231588122458358,129.38162213919784,95.01743464972627,18.93180871514351,2389.8853211162714,12.299588101904014,5.784948349261884,7.575319993245111,0.14632533123425628,25.15207161639736,0.5151294449307938,0.2630335069017198,1.0,0.590399498536625,0.34445844996963954,43.46515924039035,282.266725799253,1.0,0.0
853,ezh2,sp1,0,1,7.63721446504667,0.2914599106556731,11.295880834840252,16.123533818091346,71.33411467092552,2.090989612725097,2.5238708233169334,4.556521960136158,0.2862848322533802,6.315055524568512,0.12968556622363459,0.33417669250668997,0.9409722222222222,1.0,0.23244623747484902,0.05895487879077942,11.745402084100572,2.1568188661041185,0.0,1.0
854,ezh2,sp2,0,1,7.909448059859375,0.6384440874610795,21.425084603348274,23.185643440614303,111.20559864943779,6.136509823530202,3.810922527964848,5.776829506502386,0.6213348969271855,5.190439184172872,0.2646685152063054,0.34282769612093894,0.5676879717674738,1.0,0.3001438293697115,0.09488062839225236,15.815989595693157,7.125730803643151,0.0,1.0
855,ezh2,sp3,0,1,10.493910969456172,1.3888050716578069,13.578080799508452,5.300375101473448,83.90875285148152,3.229186199431652,2.8949491490224153,5.919209860724067,1.100461885027872,6.179721132202951,0.60923729691017,0.34067498276429964,0.5271634841947477,1.0,0.31882657145922594,0.08627879118909451,15.079005997559557,4.379133594119855,0.0,1.0
856,ezh2,sp5,0,1,2.931346999631687,23.969900267090345,30.29534756911128,8.881747402565836,74.23862486780045,87.82358675403754,1.4491709601850609,2.6727358033096458,6.480484680031268,2.4504958953992375,9.888097777771332,0.32862193350562074,0.8664745464693256,1.0,0.3173372750852267,0.19869247193883885,41.41003002792415,36.44406758671013,0.0,1.0
857,klf15,pten,1,0,24.5697589177004,2.3844775523816475,13.717590203522578,41.78496693452475,47.17443196362171,10.530920413425326,1.6409018024349322,8.802852429538815,2.2557520666106536,3.4389737019194273,0.25202653456509433,0.5627081778247524,0.6379183809629713,1.0,0.3636423132010132,0.07815885363785287,8.434398686143528,4.703866751719263,1.0,0.0
858,klf15,pura,1,0,5.1343842299952005,29.591999815129874,122.34782655537597,50.315334349545644,34.147884004397504,44.03436746111568,2.757419501268828,4.927595366993709,18.633225352024837,0.279104949926853,0.8751679389667678,0.5514480535318509,0.6705314009661836,1.0,0.3714482608783668,0.0894130824998046,10.628888077988796,5.739427452930328,1.0,0.0
859,klf15,rad21,0,1,7.215013964128438,0.9772352933445421,12.00025860138985,18.41969457224176,38.48820641702358,13.595413408522207,2.8045292195524687,4.505896707265616,0.9280012740860347,3.207281417465948,0.7380911423477302,0.5680398352963707,0.3825425568516707,1.0,0.37055680028326793,0.10088427674746846,13.948917347107306,12.10899101362389,0.0,1.0
860,ezh2,srebf1,0,1,1.4997054803610412,1.3539190098564697,11.998092716845976,18.872450423288107,65.7865324358337,2.9367382653644047,5.83967027018411,1.3330770795682119,1.263289957949267,5.483082518896176,0.15560980156241644,0.3274703249835432,0.5181507469443187,1.0,0.29340971254090725,0.08901909315965632,15.34618383916939,4.4573154442993985,0.0,1.0
861,ezh2,srebf2,0,1,7.761704808250594,0.9035673774763373,11.749134477642947,1.2730734244473605,73.01515894253968,2.441259783393633,3.160775722226475,4.673982099470085,0.5284783848791629,6.2145138504864255,1.9176111420701292,0.3303138246195224,0.6553108193971666,1.0,0.3459045877819191,0.07525399233817219,16.74517351901732,2.810785796795763,0.0,1.0
862,klf15,rara,1,0,7.094878848989415,0.9957699802798791,16.047964333274567,23.786090118264166,46.50046406986574,2.487003210126757,3.3984632209109717,4.919808764237925,0.9557585424909599,2.8975926855376666,0.10455704143730246,0.5618237193047529,1.0225644479482252,1.0,0.2615480191601101,0.05547494673107529,6.70231303335855,2.445568567593602,1.0,0.0
863,klf15,rarg,1,0,5.566244913353135,0.5731926206756142,13.515858569937853,0.370933789051479,42.668276078767356,1.7668350095021517,2.15973016385999,3.9425726351601353,0.22519919838383837,3.1569045989923783,4.763208587764828,0.5749826789484028,0.7968094316056596,1.0,0.25103766051559245,0.047263027865118754,6.973697237429299,1.022806731358517,1.0,0.0
864,klf15,rbpj,1,0,5.946183898913958,59.180858275782256,148.43380946151086,31.47776158123194,46.24669589081269,20.001758508119217,1.5454647817226288,5.717157441598619,20.54830472729308,0.3115644344006716,0.6354250589420855,0.5660046910900436,0.579756073414714,1.0,0.4055454604533215,0.08651601922523469,12.398406142938681,4.536022449976799,1.0,0.0
865,ezh2,stat3,0,1,12.948156284079651,4.114859464751235,8.333758966056335,5.268310609390107,65.8077436284005,2.7708928960372816,2.9265408222082128,5.07035256263686,2.3103447558774026,7.896525913028866,0.5259547322624658,0.3317816470433376,0.4945080380439356,1.0,0.2708969360799001,0.08142566963385811,12.03003192316761,4.423375157169979,0.0,1.0
866,ezh2,tbp,0,1,0.00010000000000021103,0.024650242031204722,26.37954431079569,2.4154724468054694,64.30407320038105,1.063709347160864,16.043222493030058,9.999962092004292e-05,0.024401224047405447,2.4376491285357402,0.4403732067271766,0.32980168405603316,1.096575114609112,1.0,0.41726801990501394,0.09183117036036124,13.590994648453794,1.9793934458431162,0.0,1.0
867,klf15,rest,0,1,53.37420840921622,4.977449261589506,7.176950858245456,55.17326945707902,43.09480268341553,104.89856573687833,1.2256354947661734,6.326287976728185,4.5655672146338695,6.004611642826671,1.9012570175577892,0.5621969670043034,0.2853971887000236,1.0,0.43569698682645014,0.1553066770917307,20.88505112850715,29.715922097474966,0.0,1.0
868,klf15,rfx7,1,0,4.1532407711696635,0.20875072648950332,14.459208916478667,0.08432745425744306,42.676640636616995,1.5481297986682334,1.7593624207357834,3.22647351630621,0.06006389590104282,2.9515197465595704,18.358550157840078,0.5573683355817437,0.8605415320115295,1.0,0.17267245171151663,0.035672518150925016,3.849465565554289,0.9913454492520511,1.0,0.0
869,ezh2,tead2,0,1,32.507464414597464,3.4091149880393403,5.721144412824518,41.039667162005905,70.96576314788021,16.28791435230835,1.2681551577168229,4.864940266339481,3.1476440446411162,12.40412022965254,0.39688222343546514,0.32924938387543173,0.5137892212799103,1.0,0.4573742814396317,0.13275736797303692,25.827128983111006,12.542720276762514,0.0,1.0
870,ezh2,tfap2a,0,1,9.64346745453054,1.2914586809511084,10.672238407285208,7.542762593851948,71.36129493447544,1.9847926893236518,2.467382792163196,5.065902432712586,1.1026626939905986,6.686628635072653,0.2631386928366859,0.33548167141961377,1.1465204259979414,1.0,0.29887390607840436,0.07720181024892257,16.25140072091123,3.144002470958143,0.0,1.0
871,ezh2,tfap2c,0,1,1.208658354582433,1.1213595815391106,26.311559477505917,17.468396237645305,127.4570096272055,3.2094436073295585,13.495689436013762,1.1555753802028272,1.053717632750741,4.844145012999708,0.1837285783804835,0.34373684561427964,1.0120819391663765,1.0,0.26019848200585277,0.0873991783909644,15.18347359212164,5.627894899215993,0.0,1.0
872,ezh2,thap1,0,1,29.645659456966403,3.0439133071094657,2.888659966066052,35.374495513474855,61.58623764544681,4.82329214874227,1.1918723080446618,2.6321813752262084,2.8027422512110305,21.320002481745398,0.13634942572976005,0.3261117042145454,0.97550808688732,1.0,0.383587678136419,0.0870828813880424,16.8072856525687,3.8279290552406406,0.0,1.0
873,ezh2,vezf1,0,1,0.0001,0.03401417474517672,22.329613858174397,0.32006763776218294,96.444154609319,1.1274519041389428,8.498088125955299,9.999955216622731e-05,0.03074666977110701,4.31911430362746,3.5225426476158255,0.3361322532608211,1.0946156249999999,1.0,0.14220579237712525,0.05564134734543458,10.902492022358135,1.8809302762451694,0.0,1.0
874,klf15,rxrb,1,0,9.042441923165367,0.18413655748287094,20.525802721462952,2.704318046883865,58.024585664701796,1.6658927040897094,3.4925899172885226,6.277118620529849,0.17239800644233064,2.8269094491504574,0.6160121240211691,0.5703654182758292,1.1027982560443916,1.0,0.28405645683580516,0.06452796849792782,5.766001389967554,1.0656435786453358,1.0,0.0
875,ezh2,yy1,0,1,2.258731689715434,14.932182628643782,32.72416133626419,13.25287954854904,42.32226481051128,26.364669899150854,2.017822226335387,2.1128927265874875,7.021251772667274,1.293303268359415,1.98935407226555,0.30990190749603586,0.4372738139819605,1.0,0.520927302671048,0.14890727414219246,23.105649888411165,16.398258389914133,0.0,1.0
876,klf15,setdb1,0,1,22.116695913136542,1.8668411565814798,6.125671845468417,27.8945775535009,32.17211319699354,12.780038574425754,1.3624315697974052,4.797034817613995,1.7497400217916312,5.252013821274719,0.4581549424763309,0.5505438805930675,0.44543221983500647,1.0,0.41074801601302835,0.08985328959781513,9.031844825683525,6.936638858746854,0.0,1.0
877,ezh2,zbtb7a,0,1,7.159399958013881,0.3794846608899143,8.152562775697733,1.8684757792795128,59.267945548934726,2.964698663198356,2.573092685710063,3.811886079472428,0.31542276492528626,7.269854545077368,1.5866936548364297,0.3268262489307964,0.7197110106884974,1.0,0.31179793165257963,0.08156788871664711,17.277243645743567,3.0177075816292036,0.0,1.0
878,ezh2,zfp148,0,1,9.747625787629122,0.3652710796811948,10.90184648781248,5.212353784945172,70.95155685604348,2.2873552465803737,2.266864454433565,5.14623901956847,0.3413499725989236,6.508214634590799,0.4388334600745897,0.3288240250040189,0.8102058984660335,1.0,0.2790329274240285,0.0850534769576828,11.282807196536192,4.172730109874978,0.0,1.0
879,ezh2,zfp281,0,1,6.81436004372506,0.865500353225573,16.606317748165093,1.5406563539451597,93.75644258107447,3.244033647839033,3.0525755733769415,4.831688866651109,0.5541777950558657,5.6458297379883655,2.105617933247758,0.3443693740602284,0.5446072022160664,1.0,0.3114885131246835,0.09647469399095976,20.651709850876703,3.085537423052217,0.0,1.0
880,klf15,smad1,0,1,9.418325706041209,0.6000593272965556,15.296216008012863,1.9682177346236758,47.39355378705337,1.8050644645260037,3.424109059725747,5.829148931841342,0.4598598131497527,3.098384186142929,0.9171060867770978,0.5772825224689002,0.9385513065478548,1.0,0.35625334545548315,0.06675039174129618,11.953380181468754,2.3446202551338002,0.0,1.0
881,klf15,smad4,1,0,5.6164025136281985,42.11149414767339,165.44311241949976,58.59471830660448,41.466129719531835,18.134725638381724,2.4154138751382845,5.431998990635511,24.502074667671895,0.2506367845304419,0.30949420293292335,0.561035186807685,1.0004803154169464,1.0,0.2880852751489439,0.06698615894522313,6.376179553121877,2.823269680466461,1.0,0.0
882,klf15,smarca5,1,0,4.155527101118684,29.404733832945276,92.2366597965642,41.02061622326889,37.372277992440885,229.21183777784242,2.4455523884537484,3.9763797444303073,17.127359690023813,0.4051781371405754,5.587722927668315,0.5541917175142148,0.16825960063384152,1.0,0.4611853458189873,0.20557388138198884,22.451295239841066,52.974457349439895,1.0,0.0
883,klf15,smarcc1,1,0,14.931680658337417,0.6757991885317349,8.541664732244799,21.50902116005834,33.648474014773925,41.086720675437455,1.6156685621719937,5.433456882700394,0.6552128355190012,3.9393344353297874,1.910208761695505,0.5531019540373354,0.21736100251039137,1.0,0.38022418954241866,0.13346242186748197,14.704052780314951,17.122154962356507,1.0,0.0
884,klf15,smc3,0,1,4.275494862866578,19.191982745931213,63.21759683101509,28.49259297474187,24.900382358698863,107.06929417512198,2.649007449553366,4.004654457372817,11.467635907285958,0.39388372236387387,3.757793973684207,0.5335220469480952,0.24262416809783596,1.0,0.5186632183472915,0.1623714485747919,21.907126284809152,40.737404965732665,0.0,1.0
885,klf15,sox2,1,0,11.525983205104444,8.109451614442445,356.5847281292335,232.65052296486644,24.632385222069747,1146.8469038887447,24.567617593699595,11.16509099318592,7.836303199296222,0.06907863203031643,4.929483455586021,0.534250280618143,0.3688892972708853,1.0,0.5228405767730525,0.1886078854030406,23.50851490056575,38.48518967318461,1.0,0.0
886,klf15,sp2,0,1,7.140234217416137,0.5382495816934497,12.466665704567788,16.500706277548524,39.969457203648,5.933192635026328,2.835547467719628,4.539978956134551,0.5212466259615096,3.206106440233108,0.3595720410525246,0.5707586155726487,0.567165249199817,1.0,0.2510610233663532,0.06145606331430356,5.644402903358842,3.8138404336794083,0.0,1.0
887,klf15,srebf2,0,1,6.283647434730721,0.8510020226374067,13.258446101384877,1.6897647507202374,40.49460497088863,2.5403408861148935,3.225010190132288,4.2631768535707515,0.5659682091733258,3.0542496957210448,1.5033695578228334,0.5563711470104248,0.6703171572751757,1.0,0.23947857121644356,0.051968790758229494,8.19245741372438,2.499168424614473,0.0,1.0
888,klf15,stat3,1,0,12.18857497714406,0.5084948402010128,21.055080321134756,21.37695931084204,61.63749565880219,3.9453613671071692,2.791771568579876,7.719711410833588,0.49668028059779196,2.9274405378036694,0.1845613919986341,0.5849056847434203,0.4950600121697926,1.0,0.19137775498941295,0.057798940454844946,4.3551768749095885,2.934581597162986,1.0,0.0
889,klf15,stat6,1,0,4.6045977064613535,0.8139638897669311,11.846620842376938,14.173540029626613,37.27644356441945,3.0626553236056164,3.777960426082464,3.3157983402985134,0.7697579154160452,3.1465887243623647,0.21608259596429832,0.5581363925095228,1.015002267573696,1.0,0.19462059906607074,0.0518089076743008,4.251325112771932,2.0232532791465827,1.0,0.0
890,klf15,taf1,0,1,13.286134752165811,1.0327291675217958,4.84415870115637,17.69719229203472,25.539557069193858,12.564041279949091,1.4144253493952945,3.549867818198317,0.9757866151596188,5.272237894084107,0.7099454575969095,0.5370316461909554,0.4692998589607155,1.0,0.24958231819534432,0.07125129019549192,7.450934756168702,4.553122424566385,0.0,1.0
891,klf15,tbp,0,1,0.00010000000004728449,0.00010000000000115472,15.176489204908414,5.616867180889768,42.064474678696264,1.038319435201876,74.82556282318407,9.999934113770511e-05,9.999821968097869e-05,2.7716867920343313,0.18485739501452764,0.5754360948388446,1.0937765703050273,1.0,0.32350291930432257,0.06482777200112166,6.507025485101244,1.36945215385134,0.0,1.0
892,klf15,tbx3,1,0,16.194706192112328,1.5478538254371241,16.631750677868002,32.19818552998273,52.407066053706124,19.910882347191546,2.1244296126875857,8.205159538093602,1.4768573022692713,3.1510252329265978,0.6183852294611654,0.5717615802469135,0.3428760989479096,1.0,0.4152805842570705,0.10666068094719604,12.019799337013453,9.804953353074191,1.0,0.0
893,klf15,tcf3,1,0,10.769580389478541,1.3463869464992153,11.793485389200658,23.009103728806988,38.45576183190733,15.351616111871529,2.2176678958725584,5.629150321015112,1.2719578235605666,3.2607630876552767,0.6671974837790652,0.5625564944785361,0.39654999322186507,1.0,0.3997728453833281,0.10398217191778926,12.828067430656917,8.880923663953572,1.0,0.0
894,klf15,tcf4,1,0,30.855110750321707,4.240815295715615,1.5130743035070928,31.342074985206605,27.379912278094338,15.734472092010481,1.17982646202384,1.4423445469845637,3.735389394941672,18.095550373588107,0.5020239438338757,0.537800008896359,0.5382588127755205,1.0,0.3397973242369362,0.08200642860503053,6.653619973947071,5.678136369384423,1.0,0.0
895,klf15,tcf7,1,0,10.655277832481605,0.8634361132245395,11.780191424065269,21.778400372430646,39.637688711468414,5.756402486561142,2.1890518668546197,5.594766532757247,0.830509370639298,3.364774585113635,0.2643170475389089,0.5722659346717284,0.5931275409568645,1.0,0.3208315165602465,0.0749878719880775,8.156850002546278,2.8517218525401256,1.0,0.0
896,klf15,tcf7l1,1,0,1.7948583629126746,0.3661248249559472,19.12435190231798,12.600675872502231,53.566716729269814,3.074238840135332,10.261793400287031,1.640860362889128,0.35578708702223316,2.8009689950736174,0.2439741225979851,0.5701210902977414,1.0147230380438494,1.0,0.19197417490153104,0.05319015257397788,4.589027107667274,2.1102130189469297,1.0,0.0
897,klf15,tead1,1,0,10.234207286567695,1.6576314650062398,7.692820054593536,3.1522647012380105,29.667391677813967,1.4452859354637873,2.6719967349955036,4.391688234680602,1.0863629846048688,3.856504047576022,0.4584912983025094,0.5419478818805072,1.009367681498829,1.0,0.23599934676619205,0.04502956771140871,4.032904566082593,1.3239323522917843,1.0,0.0
898,klf15,tfap4,1,0,9.002587627580658,0.15378464352403223,20.0853245261998,3.4805009777531097,59.38835823540647,3.8382535738368166,3.3738245636924318,6.21632426279203,0.14727725278804962,2.9568035188049273,1.1027876729155983,0.5879969382716049,0.605871867441548,1.0,0.3484421899445194,0.07128491890809543,9.941621588935952,4.108199944507823,1.0,0.0
899,klf15,tgif1,1,0,4.541216159504739,26.707488711683983,71.69504078723148,23.428841361029402,29.583116071771453,62.68594597127289,1.9560632670349563,4.2707064960810035,12.480481025835546,0.41262430074577844,2.675588818299064,0.5451358205532032,0.31840680034456725,1.0,0.5058353139785667,0.13655807679663876,15.078043661273465,23.344662582347297,1.0,0.0
900,klf15,tgif2,1,0,5.491931355350349,0.6719140494333689,13.053609382999232,0.7118410463229758,40.42045476009198,2.329691161561123,2.558485971526526,3.865593766308744,0.34565075962833286,3.096496422877093,3.2727687924083235,0.5600573910115296,0.692430954849656,1.0,0.25131047955888314,0.057464914170652234,6.477903832722999,2.7505621291383466,1.0,0.0
901,klf15,thap1,0,1,4.755203186336246,30.58212113410825,73.17009734214689,19.69853896061001,30.346494414255766,9.01498869533405,1.7112835418111843,4.46502840112541,11.9812091472842,0.4147390193066725,0.4576475805317737,0.5442122026112565,0.9937379874759747,1.0,0.31026723284291546,0.06913437450392355,7.562817772764643,2.370650371158675,0.0,1.0
902,klf15,thra,1,0,4.774796104173885,0.25192117726622326,16.190072512159002,0.13260266752335378,47.34349300341679,1.1314507129889968,1.8957922306389712,3.687325524049544,0.08687476879205064,2.9242298308337453,8.532639155164262,0.5636552758020847,1.187265332479287,1.0,0.2044221445274693,0.044694846620238336,2.2926727100776887,1.198633835142629,1.0,0.0
903,klf15,usf1,0,1,14.444203406949292,1.3350421203716905,10.56048321925764,25.470075376311822,37.26093424975313,11.993663998484111,1.8218612782037658,6.100367102171963,1.2685496879700393,3.5283361069885233,0.47089236373594295,0.5528456162016594,0.4357856407062262,1.0,0.4014193834902472,0.09771735221425985,14.008468920271516,7.52714751006821,0.0,1.0
904,klf15,vezf1,1,0,4.722120502146787,0.20775262088074353,21.47746421127686,0.10827338057965703,60.44896466306006,1.228270252919113,1.7941409433633737,3.871022201135543,0.07117793625554115,2.8145298750548493,11.344157228151484,0.5744379084702718,1.1108730191300877,1.0,0.22454934523392373,0.051380623597727354,7.1055385682769145,1.6371076831379967,1.0,0.0
905,klf15,xbp1,1,0,4.38274411351772,34.03247998994967,62.846761049037056,15.119607638915276,37.93842935998527,16.24080361290268,1.4571151764749857,4.097029591030458,10.468685446538315,0.6036656261471182,1.0741550971932392,0.5709950765639112,0.688951442646024,1.0,0.3002594877799218,0.068231725989239,8.09813935877524,5.047416613228907,1.0,0.0
906,klf15,zbtb7a,0,1,7.299044046023987,0.15579957684958298,17.087435045579138,1.8074416093596772,50.73798228235721,3.03036519174771,3.6290462060656106,5.114389025277573,0.14343557984451924,2.969315297879312,1.6766047522947523,0.5673980405720351,0.7241155100646308,1.0,0.3302787484096922,0.07141744480095889,9.77868590962698,3.7032586866758557,0.0,1.0
907,klf15,zfhx3,1,0,10.43206129896167,0.5853240691842373,18.91412537757995,8.056244674132472,55.50138461264345,1.8565338852895172,3.0174601074910035,6.723644115331904,0.5456779960992595,2.9343881096628754,0.2304465616902873,0.5767568802471832,1.1463528969319128,1.0,0.24276581127652563,0.048940252613979426,5.552950450728742,1.5479905575656079,1.0,0.0
908,klf15,zfp148,1,0,7.013395203286756,0.7218312488798675,10.468419223728743,2.970708239760301,35.45465211306085,2.156044450254621,3.0982991051154913,4.199744910701936,0.5807250119763998,3.386820049458458,0.7257678224330057,0.5623584692028986,0.8029654570324385,1.0,0.2092549021267477,0.0562944344184788,6.111284293176539,1.9991660789403514,1.0,0.0
909,klf15,zfp219,1,0,19.554498321807976,1.4631715095406521,13.466935679571481,31.243783143616273,45.05552552795611,10.201031620583507,1.7671045967055665,7.974795132612218,1.3977153737116066,3.345640507981529,0.3264979651693614,0.565546976750568,0.5319528393726337,1.0,0.280987961020028,0.06602602589552119,8.27130546668014,4.2766925269514084,1.0,0.0
910,klf15,zfp281,1,0,4.973928499420553,0.825322794696088,12.89015578593845,1.9321051430426794,40.60919884968122,3.3363818184113634,3.2762939477123503,3.5890288134274506,0.5782963153736419,3.1504040388697847,1.726811726797243,0.5725250372949726,0.5497900846212695,1.0,0.18367919411756026,0.05078952730535904,6.704920186268009,2.24401528851318,1.0,0.0
911,klf15,zic3,0,1,2.6507028725867015,0.35776035845223664,11.59156550539742,9.273298234330037,35.94923903993003,3.063450912520309,5.426737782237433,2.15736673172303,0.34447080436564914,3.1013273421256917,0.33035181605389535,0.5650033057851238,0.9518224151815411,1.0,0.16414906800467374,0.05387154921857949,3.7822373779510943,1.9388668999140422,0.0,1.0
912,klf16,klf5,0,1,0.7641817363160659,7.963780355457498,0.5634566186263154,23.475048803903903,1.476241277968982,59.01038813906636,2.1840433159907775,0.3243227009506848,5.94647248344707,2.6199732670955203,2.5137493272965177,0.9554979304295386,0.29597165637735245,1.0,0.27881399733902634,0.057960773008992876,2.028850897141239,8.251983867419305,0.0,1.0
913,klf16,klf6,0,1,0.5562156787131706,4.477662659214236,0.27513437809444535,16.04486504695265,1.3808887144423163,39.89675049034332,1.8393458630881483,0.18407896119810077,3.500713660690201,5.01896100373287,2.486574388353661,0.9259347425706373,0.6804183437139155,1.0,0.16280240157395676,0.03566234070783491,0.9417786451174608,3.85871308015628,0.0,1.0
914,klf16,klf9,0,1,0.045382886321114126,7.166848240630649,0.008627267884385222,68.92431088922864,1.2602020267017013,169.0451361303415,1.3123515778774504,0.0072491982927719075,6.491819573810473,146.07197128798825,2.4526198949166362,0.9229340071343641,0.2640812379041977,1.0,0.20496839877429504,0.05092400625072595,2.3200145798249396,4.401703305360645,0.0,1.0
915,arid5b,atf4,0,1,13.139236242093297,7.861984741165033,43.27363543823777,82.71392800848477,63.35279419454331,59.03195168963191,4.701560056168113,10.078950107329295,7.179564854973482,1.464004434870361,0.7136881672887839,0.375014898521392,0.7556446987469487,1.0,0.322839758527287,0.14652321123438197,11.646670426595842,30.07225634259368,0.0,1.0
916,arid5b,atf5,0,1,5.962121980825054,26.50421856843896,271.3197420077376,327.25561113720414,52.03225824227635,355.6110263172609,13.640603377271178,5.833924276139602,24.518482645544328,0.1917746856798665,1.0866460779129883,0.38328110592806564,1.272838447846209,1.0,0.19458395635361941,0.06798196820176575,4.167372203158005,7.4732578112192485,0.0,1.0
917,arid5b,bcl3,0,1,3.449308166844619,3.314858094535464,18.79813391620268,21.971750949818713,30.48755338509635,4.315086159507739,6.806663181991075,2.914517390203958,2.880308560130388,1.6218393549594945,0.1963924572676509,0.3603989163720292,0.9710643253227478,1.0,0.2825073472857676,0.059180350388261235,3.919279447222396,2.680757714015356,0.0,1.0
918,arid5b,bclaf1,0,1,88.88768763684385,5.067738082666239,29.45239811046955,117.16431992775269,56.08273802912402,80.12926269317573,1.3877580304341421,22.122305783936966,4.857629787898621,1.9041823969229892,0.6839049869669028,0.36910717603371057,0.28297084034776915,1.0,0.3642208672232159,0.11464647916498413,10.121185791882255,13.640001289554332,0.0,1.0
919,arid5b,ccnt2,0,1,4.522665458690943,0.6312441248988198,19.081768564687128,27.576877286865322,32.11148153996876,2.5713501154100578,4.950159582075361,3.6561120462694543,0.6171180815724076,1.6828357094422852,0.09324297630445541,0.36570902250361564,0.4977957128099174,1.0,0.185471613116487,0.049451260134589815,4.372796996173236,2.1515864060260315,0.0,1.0
920,arid5b,cebpg,0,1,2.9088971866449778,2.8176361330775377,19.23199127289714,22.077006596075524,31.07998867250326,2.487707604050401,6.990114011593191,2.5267226927021067,2.498729231508429,1.6160567167219453,0.11268319340415578,0.3621088312736309,1.0754847049519043,1.0,0.26252732433806975,0.04917687026120907,5.225457966019982,1.7377347716688385,0.0,1.0
921,klf16,max,0,1,0.044231488425360774,6.9072941544314475,0.008570055372016926,107.71146081704156,1.2670273554595763,128.75313542578854,1.270307407084187,0.0071790761733541075,6.49103843303823,147.84354364811844,1.1953522350280656,0.937327590881454,0.46040735019855694,1.0,0.26678531851647536,0.048568459462362004,2.1427460666096416,3.934027242911777,0.0,1.0
922,arid5b,cux1,0,1,6.332896783040825,0.2961490297617616,91.75897490240297,0.12164710278773001,127.62534447388062,1.4710142113400182,1.4931900477107263,5.924039443736938,0.0862278720582651,1.3908758746446979,12.092472221939286,0.3917711462171187,0.8588797216767877,1.0,0.22659121151956396,0.04379479387073593,5.860434463185408,1.1450311345408755,0.0,1.0
923,klf16,mecp2,0,1,2.667340930409882,1.6693331111252347,0.2712554558085467,0.030729136552041736,1.832330028636014,1.3181730996610097,9.523367892683575,0.2462164532932713,0.03017369816469788,6.754997878934021,42.89652256999152,0.9727867036011081,1.1285268880929682,1.0,0.11716071593387833,0.02081365154289998,0.1862512106688614,0.07346812451003021,0.0,1.0
924,arid5b,e2f1,0,1,17.242926313241327,4.118030451046511,40.44657033482017,71.44099706873766,58.52707387882141,14.850261702861756,3.538544241490479,12.089154394278664,3.893594333319797,1.4470219203835897,0.20786750342486723,0.3686651136560899,0.6550186605391344,1.0,0.3617651201005637,0.08459829464663365,9.330820290254898,5.7160511913564775,0.0,1.0
925,klf16,mitf,0,1,0.6549307861239669,6.907592609688542,0.388965221527038,55.24770851333814,1.4414766367712992,34.647663034915915,1.7498360667660506,0.2440332144605273,6.139921392603136,3.705926794977217,0.6271330335185056,0.9605342136854743,0.5389793690821205,1.0,0.14295420730114589,0.0314373311152532,0.79134006148209,1.7126637295882292,0.0,1.0
926,arid5b,e2f4,0,1,0.01349104856085262,9.696640884351188,250.1045941407141,564.6900698963785,22.931275734482085,3020.632316302009,59.20015120107779,0.013490320871005108,9.53294481918236,0.09168674335338466,5.349186177218061,0.35373831287009017,0.3587411381900347,1.0,0.4826446320989488,0.18719731457715288,17.33730594894095,45.54901547737103,0.0,1.0
927,klf16,mlx,0,1,0.14762170727969925,7.250389420031035,0.0355168194565818,54.57263047237635,1.291849133096188,33.060890492433494,1.3970922820698206,0.028628894306196025,6.400088887420624,36.37288340740739,0.6058144935705142,0.9397256786430319,0.5656127172678835,1.0,0.18529004497324245,0.0285680069665235,0.7860673025262659,2.284413360387904,0.0,1.0
928,arid5b,ep300,0,1,7.902050667661321,1.013889066341437,91.03447154398789,1.0277971318434838,125.6738464691461,1.9700380400868964,2.038575692789493,7.2709146285279935,0.5103978639418777,1.3805083320379408,1.916757674302306,0.39173365148686756,0.7657919112962933,1.0,0.27925976258114327,0.050171220334033685,10.367288409051383,0.8200558825057009,0.0,1.0
929,klf16,nanog,0,1,0.14817327776566183,6.097606934052682,7.605308225555381,0.7972320619491144,1.9029536574153985,30.24586731147742,1.1494907864186938,0.1453416052796417,0.7050502197091146,0.2502138770682676,37.938598753204616,0.9833595564872887,0.2270880955114651,1.0,0.20322680795198028,0.05626809041759368,2.4072057568645695,6.820017002360487,0.0,1.0
930,klf16,nfe2l1,1,0,0.2794417234406287,0.42454896514736873,0.00010000000000000286,0.0001000000000000098,1.3157971966934252,1.6642759341499616,14.051778929222541,9.996422716481775e-05,9.997645113772415e-05,13157.971966933876,16642.759341497986,0.9423721140787686,0.8371316219399452,1.0,0.14237384415823554,0.025649542050987146,0.5049767482990163,0.23818167606409169,1.0,0.0
931,klf16,nfe2l2,0,1,19.846254710390763,2.6362888643845226,9.148595486306164,12.047252370577901,1.2879994542414208,16.315732657767978,1.7806768408564635,6.261986353847318,2.162968507580579,0.14078657824245583,1.3543115189995243,0.9321215939805683,0.3246741157610096,1.0,0.21145485028121802,0.038313780633393454,1.8408616366621602,1.5444911302234192,0.0,1.0
932,klf16,nfib,1,0,6.267859360812272,4.58011316091922,0.8977648899998383,0.7308068842528233,1.4569636560770365,2.7306845834790816,8.245706413685177,0.7852859531333012,0.6302445151098666,1.622878854259158,3.736533744165441,0.9576229843228777,0.811316898000796,1.0,0.19449983128394704,0.02220412182696413,0.19005835155993483,0.702912897936121,1.0,0.0
933,klf16,nfyc,1,0,1.0982948771991419,10.96142942169949,1.802615566527794,5.721156039887641,1.5800281867988824,21.638752815620194,2.4458964359685598,0.6824765812947188,3.759132437004875,0.8765197727890143,3.782234335990102,0.9733740373398175,0.43634674563774134,1.0,0.32691819784539183,0.06674238945173856,1.8334975260592992,6.611568523428138,1.0,0.0
934,arid5b,hltf,1,0,7.2733901753561625,0.6376007308658467,25.697100419711088,1.2264161558808753,41.41418054328243,2.3689981823502166,2.953406512396299,5.668858253380991,0.4195046959580359,1.611628544344072,1.9316429998010587,0.36980757478926524,0.7613318066849086,1.0,0.23347319725367438,0.0524902144695675,2.3004047983328832,2.0570292561570986,1.0,0.0
935,klf16,nr0b1,0,1,0.9457769015118939,7.390304631179824,2.652649975915624,6.491341520609988,1.655716064726548,33.889692258134005,2.548070060896588,0.6971977368095381,3.4558575242280285,0.624174346317606,5.220753237298383,0.9722719970341078,0.6484158797516556,1.0,0.21453804310038846,0.04890069666079781,2.417074581992953,6.834461872936208,0.0,1.0
936,arid5b,irf9,0,1,6.493344587656207,0.25506916027384896,55.68509991588366,0.06530767989896494,79.23492962630993,1.1184915931305899,1.3944819693549562,5.815239429659793,0.05199494152659994,1.4229107920431134,17.126494079424752,0.3788466281392765,1.0426350990769644,1.0,0.17458064492485034,0.032246398426977,1.9907028133183629,0.9030073099855037,0.0,1.0
937,klf16,nr2f6,1,0,4.976611858287512,0.0001,20.76904213369618,11.836917770238141,1.3919148824891627,5.6353915231667076,5.173373419532303,4.01463724324144,9.999915519261741e-05,0.06701873266610055,0.47608605825884115,0.948204587825241,1.0048159246575343,1.0,0.2557839610608693,0.03503394579396169,0.756026733178642,0.8056560712892555,1.0,0.0
938,arid5b,nr2c2,0,1,27.80292279977703,2.5072069288350805,27.740698675180717,52.27481995935879,47.30482599644466,5.16620069867264,2.093578693598947,13.885887941708308,2.3924596852395106,1.7052499848811575,0.09882770907081302,0.37193613994391345,0.9421560638578692,1.0,0.2151757158387877,0.04504760331042969,3.273583688391466,1.3716330255003664,0.0,1.0
939,arid5b,nrf1,0,1,11.896172576646215,1.745854368575239,20.058623989986067,31.52478788881282,35.30828146010772,12.560067347532478,2.8349004823815607,7.467450219479786,1.6542418456580894,1.7602544161421436,0.3984187741986255,0.3675006644889521,0.4702494366609679,1.0,0.35687474290081295,0.0944136370432388,8.253786037673871,7.867571474957976,0.0,1.0
940,klf16,pknox1,1,0,0.7849501837652734,0.11750865375333833,0.1724548849146527,0.02402426486170327,1.4427125055041887,1.4169911407940634,6.203450544885364,0.1413910350314129,0.01994630683050408,8.365738704462805,58.98166495212381,0.9566586060829213,0.9911530771881191,1.0,0.08696300357082597,0.0241675810939705,0.46347630355697467,0.26557964993016825,1.0,0.0
941,arid5b,plagl1,0,1,6.888308877067673,63.75486350092668,270.7941873273557,169.05338822270537,60.46636865464544,85.53872416367277,3.7437201534987565,6.7174345877824075,46.295505467316254,0.22329271263695663,0.5059864523447875,0.3741943371589908,1.03420398943919,1.0,0.1841039546448229,0.049949232766601896,2.2824805850489907,2.3643428284851282,0.0,1.0
942,arid5b,polr2a,0,1,13.785914850050714,0.9319360583317854,45.814159368599604,27.190277392761068,66.13635794509372,2.911021620385442,4.471436533829198,10.597136132164872,0.901052827240129,1.4435789907873475,0.10706112255995043,0.3735412298650702,0.7576078814693494,1.0,0.26413541159281917,0.05418254837505271,5.95568319205295,2.344739012467073,0.0,1.0
943,klf16,polr2a,1,0,1.8512500004110868,9.204485317315026,20.909094738474177,2.0410688493442173,1.776280092846987,3.9868447253919843,1.3299183824728815,1.700675542803381,1.6706147137788443,0.08495251062106046,1.9533122200522206,0.9771436121019949,0.769821027262419,1.0,0.22157577055817956,0.029415660740291845,1.1497611045663942,1.0163832920983487,1.0,0.0
944,klf16,polr3g,1,0,0.8325368156309326,11.356698137508017,13.091631662185007,3.718743519062807,1.922613707427207,10.616720682577473,1.411865917158515,0.7827587947397625,2.8014202541391517,0.14685821882543865,2.8549214615513696,0.975390047922747,0.6609509058578052,1.0,0.25087957033933345,0.05142227636206921,1.447578344638641,2.540991991384441,1.0,0.0
945,klf16,pou2f1,1,0,4.112595386704555,4.823545202688586,4.59788411696136,1.287077953164905,1.3255210807792257,3.506319823241142,2.398100157596173,2.1708606282879432,1.0159812719800574,0.2882893624677155,2.72424822025671,0.9474037711694412,0.8466280206014386,1.0,0.15176627069173568,0.024907915887452666,0.755376816787029,0.24916289425364768,1.0,0.0
946,arid5b,sin3a,0,1,12.719291438861042,1.0478402168160428,24.890020278880947,11.583325056844581,40.795325682331075,4.970501326472139,3.2243534372671863,8.417687199973447,0.9609148147498808,1.6390234007541447,0.4291083347898514,0.3658950036752893,0.6147349975399571,1.0,0.33762169351898796,0.07535583894738845,6.560966835470213,2.945813403103832,0.0,1.0
947,arid5b,smad1,0,1,12.041578982707067,0.10434264979638859,35.088101249301154,3.825442702851315,53.602469181097604,2.0360597904073137,4.020667716976388,8.964969430446711,0.10157217059980947,1.5276537422259404,0.5322416119027806,0.3729096592392899,0.9515913566423224,1.0,0.3244654394300573,0.06654666782494442,3.369194402961796,1.7080991596544963,0.0,1.0
948,arid5b,sp1,0,1,7.691218798498193,0.25052506868219304,93.07917665467593,63.37383833831942,132.22289934428878,2.5534205580265548,13.013140811881584,7.1041927543872525,0.24953860993152976,1.420542210368235,0.040291398232740645,0.3938203820741165,0.9505622657226157,1.0,0.2115770392369438,0.045302067681357666,6.685610224472329,1.0879029160147107,0.0,1.0
949,arid5b,sp2,0,1,38.637469003120074,2.8121095986696885,22.96077761904863,65.84616145195763,43.383830963945506,16.157023194493,1.654601865789676,14.40213613522317,2.69693104444861,1.8894756825637116,0.24537532390982902,0.3672602588912198,0.5947926997480706,1.0,0.284776799357586,0.06905218414034933,4.973548629144045,3.8238948744823387,0.0,1.0
950,arid5b,sp3,0,1,18.082779037289278,1.4583262270920616,33.3152287933959,40.919494083038785,52.503945016240216,8.489971979883645,2.943672362313029,11.720919667397247,1.4081415935016417,1.5759743191872693,0.20747988630198524,0.37359356420927475,0.5514358416213173,1.0,0.20573875425475652,0.05818846907431615,6.195036928937261,2.0716956231221175,0.0,1.0
951,klf16,pura,1,0,0.6664859983936346,6.192483240081738,0.3788123198974511,33.98365695503881,1.4222499873338859,31.525369960557295,1.793605997913673,0.24153210888487725,5.2380150285398415,3.754497709364113,0.9276626703908326,0.9590352614100096,0.6695157288940852,1.0,0.1952657031581617,0.03517282989777247,1.0402329268158281,1.143907436318399,1.0,0.0
952,arid5b,sp5,0,1,18.617399131242365,136.6163828008814,89.73638305825507,4.668815928992579,72.47559684880426,117.01082211284889,1.243684508512942,15.418548630520482,4.514533368789719,0.8076500788064362,25.06220504137482,0.3757449592745457,0.9025090189291199,1.0,0.26856774586531906,0.12497183437304905,12.395728278865631,20.83850112162885,0.0,1.0
953,klf16,rara,1,0,0.934006312556199,10.14597961001298,1.153512043050636,37.78135963449962,1.569960388689704,13.605208308843917,2.4651100505420374,0.5161092485367387,7.9981261328645425,1.3610264393405964,0.3601037241767359,0.969305011668842,1.0568561523245554,1.0,0.2534782455965419,0.04138890731618857,0.38358430374220487,0.5229490438039852,1.0,0.0
954,klf16,rarg,1,0,1.2626715019936685,1.1309125213562627,9.999999999998899e-05,9.999999999998899e-05,1.4954410978176846,1.946421958376447,10.398670964672487,9.999208091091848e-05,9.999115836489551e-05,14954.410978178494,19464.219583766615,0.9585368330368872,0.8064027646475351,1.0,0.11902894963363146,0.019515622591540487,0.3958177688089871,0.07378463042614403,1.0,0.0
955,klf16,rela,0,1,3.7378689902042868,2.582279061425319,32.10549115518681,10.617500988457515,1.4676149545830033,3.2533964019905697,3.8964423271384696,3.3480711439293374,2.0771066171969914,0.045712272317811976,0.30641828105572094,0.9618146115839605,1.0750737376592758,1.0,0.2009602838251189,0.03667457184518927,0.6606130453748609,1.066070299680671,0.0,1.0
956,klf16,relb,1,0,0.8862050645422086,7.14164017778236,0.7209384354880337,116.56863971143272,1.4998476785792978,76.91273373752092,1.8417402991042877,0.3975371786903966,6.729362196723799,2.0804102052958067,0.6598063932796974,0.9650563478075094,0.6524573838614126,1.0,0.20665821393668557,0.04218099340268529,0.8817894963451335,2.038635563677571,1.0,0.0
957,klf16,rfx7,1,0,0.88416991536254,0.42019786077866056,0.20071681345224437,0.08844018718844003,1.4427267793011505,1.6270667843903002,2.2765759330245925,0.16358184061831912,0.073062519825199,7.187872079507738,18.397369296872917,0.961599057181959,0.8757989955975641,1.0,0.02534065188164207,0.01945171315197064,0.08710597126652145,0.35183874883277366,1.0,0.0
958,arid5b,spic,0,1,0.00010000000000621616,20.059266360793593,93.74682431715267,120.7690341622363,127.70435904363774,3.9248735886430226,2.058449194696479,9.999989333604993e-05,17.202069579756927,1.362225973773833,0.0324990061887098,0.39149313466863755,1.8620868159894954,1.0,0.22262758146698025,0.057882880940371764,9.45501217062187,1.9407766386602772,0.0,1.0
959,klf16,sall4,0,1,1.0381132726303286,7.163310877052606,1.8429177093526343,166.04125138652398,1.6555632895335577,181.64195214385833,2.413505994283696,0.6640530235213435,6.867054115390555,0.8983381521224357,1.0939567765664318,0.9722719970341075,0.5393716915394212,1.0,0.18475414519089456,0.041428842569432904,1.0931468911129305,2.0245707097354226,0.0,1.0
960,arid5b,taf1,0,1,22.44051966691124,2.101059131125204,22.13251224190768,45.75085649807388,40.23386765385006,16.014364073949945,2.0765625459786925,11.142725880947225,2.0088068270232777,1.8178626634922923,0.35003419170139805,0.36899371486357374,0.47872658641511406,1.0,0.32755323032737943,0.07605247718313148,5.927552163343098,4.947736988176405,0.0,1.0
961,arid5b,tbp,0,1,20.656816864080685,2.2801464053893272,35.92971457854627,55.36788596448687,56.12772511302354,3.0420307899642274,2.8521753468275346,13.116081072758979,2.189960020593883,1.5621533811609392,0.054942151699911304,0.3752353100709648,1.1319816761733148,1.0,0.27728888857974765,0.05193069690422005,2.0916105811982777,0.9221215538183088,0.0,1.0
962,arid5b,tead2,0,1,23.88920587539175,2.586064819323233,31.420816685841707,58.75368905993702,49.88707496704994,16.55199919895286,2.4169388353026164,13.571109246068573,2.4770371361847374,1.5877077755757116,0.28171846676840145,0.3675565788496429,0.514690798461552,1.0,0.3338413952655089,0.08212723828214345,6.376836524392038,4.403789709091315,0.0,1.0
963,klf16,smad1,0,1,4.753479621695179,4.295611864383941,9.999999999998899e-05,9.999999999998899e-05,1.6277834938083273,2.136583062246578,9.35281771867234,9.999789632217231e-05,9.999767209711381e-05,16277.834938085067,21365.830622468133,0.9702067998597969,0.9572903478528969,1.0,0.17354230887878955,0.025940271415627453,0.4720962293654053,0.9921661791721821,0.0,1.0
964,klf16,smad2,1,0,3.3438699143628066,6.53023375188359,2.961453682278318,4.22834692567283,2.057327699595673,1.7800492265993355,3.4388113228578714,1.5705325379691282,2.5665182644680806,0.6947019674516473,0.42097993799694844,0.9820833333333336,0.7425022012962821,1.0,0.2000285765787235,0.033933051147386754,0.7459290339062845,0.6868423309038115,1.0,0.0
965,klf16,smad4,0,1,0.5388291679659707,7.391138771347359,0.27256862927610565,58.90373344648934,1.4115035709648265,18.35829514542449,1.660353485713273,0.18100607152948905,6.567109242218616,5.178525403725042,0.31166607057432016,0.9552114963632513,0.9866862703913745,1.0,0.16934260346144256,0.02990944953647686,0.3738120427389327,0.5888718924603922,0.0,1.0
966,klf16,smarca5,1,0,0.2908825955375461,8.538860991445505,0.08837719441966743,49.70181677765774,1.3178158968302407,265.28683000250925,1.5153060037675203,0.06778305631087175,7.286949959086096,14.91126648094833,5.337568064951754,0.948435537017822,0.17739751502769646,1.0,0.27829093927608345,0.09150181684839626,2.9281474734740742,22.655802707205588,1.0,0.0
967,klf16,smarcc1,1,0,2.181433622517978,4.977853970144128,21.787049914262695,10.212932633150336,1.6257688317310144,41.63358282164828,3.268634027402763,1.9828957115921757,3.346665882576249,0.0746208797486951,4.076555120564402,0.9716172686052414,0.2193037434253782,1.0,0.2978740884848142,0.06432171764127927,3.0923335363575504,4.891949848667647,1.0,0.0
968,arid5b,topors,1,0,29.023605790192487,2.714567779232875,37.8831741652365,61.170648134365024,58.48562629757414,35.83612544448802,2.40755405694474,16.43340650656753,2.5992221844396224,1.543841760526062,0.585838576792121,0.37075634264892027,0.2871416275571603,1.0,0.29615884297412515,0.09896953250611024,9.10044568914008,10.574070991675518,1.0,0.0
969,arid5b,yy1,0,1,7.295378835366196,64.67296950260386,263.54006035847505,154.00531762280013,55.09617576638146,211.11763319458151,3.4748952054873534,7.098866323894547,45.54627412161176,0.2090618621375361,1.370846386692079,0.36806318070426736,0.4771823807712696,1.0,0.44404140591572405,0.11042273608651064,9.959777916628031,13.685236132699137,0.0,1.0
970,arid5b,zbtb7a,0,1,9.692598384152742,0.023691538089671747,33.59210102879658,2.4572732868967786,51.25706005160497,3.1831247277152075,4.508803779184232,7.522167153010249,0.023465299905477646,1.5258664531779431,1.2953889763458448,0.3710286033032953,0.7318516380430076,1.0,0.33720130465489323,0.06444522237866933,5.889182293799547,3.1292789001177765,0.0,1.0
971,klf16,smc3,0,1,0.8337944559924301,10.490001503010799,3.0316465715305427,22.39851736867635,1.711202565008323,91.87905392119255,3.841525932930203,0.6539409308982407,7.144149050290605,0.5644465885561367,4.102014986477749,0.9733740373398175,0.2501107736510002,1.0,0.2914694219889003,0.06729901607029301,2.7541046557005533,11.620583133828609,0.0,1.0
972,arid5b,zic3,0,1,4.485965940392591,0.6757373131716172,34.73522015198052,19.50767030778532,53.426904237662086,3.423516265512999,8.795307809348397,3.972878692827795,0.6531137341909165,1.5381190619750775,0.1754959055334612,0.379522967035323,0.95699496583285,1.0,0.15696462136534434,0.044626841046172525,4.643641972437947,2.047443009344456,0.0,1.0
973,klf16,sp1,0,1,0.23618777794132342,8.763563629216963,10.780843007804984,0.00010000000000000007,2.026367123834556,2.4189611173895833,1.021919758001928,0.23112428419843284,9.999885892471202e-05,0.18795998813520717,24189.611173895817,0.9772256728778469,0.9517195465424486,1.0,0.11580071129205878,0.022093248389619576,0.6247508095134533,0.1059608295961906,0.0,1.0
974,klf16,sp2,0,1,0.8757271318660407,6.329201729998427,1.008810346638384,12.820760192635015,1.5540355363738563,12.236201613625537,2.802431553264519,0.46878483528994147,4.237354513755695,1.5404635187895357,0.954405310587957,0.9702749376387712,0.5927862608172675,1.0,0.12464632321098223,0.027258954842102816,0.7976924778391715,0.8543907203132993,0.0,1.0
975,klf16,sp3,0,1,2.885519471663171,4.651956778876077,18.955563993887463,7.587476014888372,1.5163660168611854,5.395098968581837,2.9731002832590505,2.5043010841010322,2.8838436451076355,0.0799958269429579,0.7110531826387869,0.9637142992416943,0.5480571935472563,1.0,0.1711613977356444,0.033680894994078066,0.8585985286417065,0.8098821794784351,0.0,1.0
976,arnt,atf6b,1,0,3.8757365566666944,3.1229856898328507,2.901717818637264,2.394360427762693,2.035079214157297,4.188510959252567,4.027534569888906,1.6593684301001586,1.3552808166879455,0.7013360158890408,1.7493234981194292,1.0458706911707034,0.7046773335702239,1.0,0.20975794339074133,0.03887751450905793,1.3357043145406788,1.5130543787694197,1.0,0.0
977,klf16,srebf2,1,0,0.6186123498047589,1.4344818341442402,0.00010000000000000286,0.11148803486509251,1.3427494396239499,2.5905755414092635,11.42261881380798,9.998383740036644e-05,0.10344804510381402,13427.494396239113,23.236354865739823,0.9503451751070798,0.663816,1.0,0.1317649610549557,0.026580484666238875,1.4951871765306142,0.2387161315545948,1.0,0.0
978,klf16,stat3,0,1,4.484223524531474,10.883962912299648,31.81687812772361,5.220256842699978,1.5928285852227222,3.8746792862639943,1.688165351206719,3.93029376199733,3.5280865967434347,0.050062378176406075,0.7422392045100916,0.9723131597836173,0.4994420353734286,1.0,0.17639254763795392,0.02636127182328009,0.45900226976399705,0.3636084438691456,0.0,1.0
979,klf16,taf1,0,1,17.307674605975052,1.2953573021717586,29.683692217705232,30.740226805105593,1.3205750026937126,24.26005058149687,2.7378112005138036,10.93298026285671,1.2429795919770341,0.044488232562458596,0.7891955623914771,0.9535165096062534,0.48376590892137006,1.0,0.194148771493592,0.043169611701915994,1.0336436759555985,1.4033419596864616,0.0,1.0
980,klf16,tbp,0,1,2.276977657005832,6.561258024964011,19.236738941474066,3.2820473249211353,1.570419305191719,2.0934543872516436,1.677791677955537,2.0359859517014076,2.1877162785772697,0.08163646187483072,0.6378501526640684,0.9670348908457486,1.1274867693608872,1.0,0.15704457823165835,0.034525120196414114,0.9180895329717421,0.5392384416181089,0.0,1.0
981,arnt,bbx,1,0,1.925828681341167,1.0276582463667918,2.1756832221272133,1.1594686197267645,2.5165002022480114,2.3694807993265505,-1.0139177526294922,1.0215728368707524,0.5447957806827848,1.1566482549732464,2.0435920032789956,1.0667922437673134,1.2392859149215065,1.0,-0.015234879632376611,0.01308448124435039,0.41063247140969916,0.09182146265798999,1.0,0.0
982,klf16,tbx3,1,0,1.7494455607625168,2.467424830625471,15.210915266541218,11.890443117517139,1.5134020803752426,23.177753877070153,5.1394444668417805,1.5689918663373004,2.0433935387389393,0.09949447839632679,1.9492758720593362,0.962308452792882,0.34648870951136074,1.0,0.16793075606875937,0.03747425350191953,0.8960597578735601,4.566311892738351,1.0,0.0
983,arnt,bdp1,0,1,0.5454440853485383,7.043123994430826,0.5024394995681842,24.321965413616073,1.479434462689159,13.322385206419284,2.3027500944907047,0.2615296748891482,5.461569580363043,2.9445026992516343,0.5477511779932498,1.0124400292184077,0.6428857680962495,1.0,0.14403294990400234,0.022194117381668647,0.6819514393101234,0.09322757017016693,0.0,1.0
984,klf16,tcf4,1,0,12.46224502204498,0.7475935217276487,18.372343418630777,18.992461531867203,1.3280357121664779,16.34920709187973,2.5166741711937792,7.425448397102538,0.7192807296806292,0.07228450295675191,0.8608261264316692,0.9510593487055428,0.5411075556009987,1.0,0.17757237755197244,0.03394167623635757,0.9344940616634684,1.0903712903498937,1.0,0.0
985,arnt,bptf,1,0,0.16342328376099524,8.05606050247771,2.7530426644879835,57.071587072212544,1.819786951168401,85.77262734481361,3.984515826014473,0.1542659096825283,7.059554206973145,0.6610093532665425,1.5028954291438525,1.0366015758666758,0.39552458496738885,1.0,0.1883085814138073,0.04178269497095617,2.0010909072908043,2.756191329413875,1.0,0.0
986,klf16,tcf7,1,0,2.71888076140654,1.7002599951006907,14.528081020669067,7.0832140506009456,1.4439015567869042,6.3803194066587015,4.108725165720001,2.290265409430212,1.371132358826236,0.09938694275814328,0.9007661438831416,0.9629338484364941,0.6030516105285837,1.0,0.18080690634247595,0.0387094535132314,1.007819232588622,0.9503369509846897,1.0,0.0
987,arnt,cbx5,1,0,0.4845575971297053,8.465068782567718,2.4986380192765925,10.921796977633361,1.7248865253316175,27.291665633694294,2.734358841119766,0.4058513722865083,4.768886512574052,0.6903306969734687,2.498825576925173,1.034732202244945,0.35331670998111697,1.0,0.2116025492853696,0.046155108634582755,1.0588450461209935,4.055694209097748,1.0,0.0
988,arnt,cdc5l,1,0,0.603547177274238,6.733679102778055,0.5613121893063682,27.203689991876377,1.4785884725294645,95.94274261670864,2.244605197563125,0.2908320069743272,5.397616954509412,2.634164197211902,3.5268282591574622,1.0142070472896265,0.26032077170613044,1.0,0.2072998849523477,0.06407712858315097,2.557205484767481,4.137740272199447,1.0,0.0
989,arnt,cebpz,1,0,0.5719978705183874,7.363057362397106,1.511992231410057,16.667076785270392,1.6569907694025061,26.33305980574566,3.574313174533515,0.41500021319995356,5.106947871339079,1.0958989966881154,1.5799447104616224,1.031942474534436,0.37682424242424245,1.0,0.17863786853148825,0.034595751748201675,1.188893776633432,2.6194863508652064,1.0,0.0
990,arnt,clock,1,0,2.4052430401439495,2.515383790086497,0.23909828029377556,9.999999999998899e-05,2.0752751262083353,1.6745435292319357,6.116636581396538,0.21747929064308338,9.999602462155905e-05,8.679590349451631,16745.435292321203,1.0482069370958258,0.8964378791272332,1.0,0.10097208193408735,0.022353927764590567,0.20021074617533052,0.0772022509596253,1.0,0.0
991,klf16,tead2,0,1,0.49008255376226695,8.133805860620622,21.23432486344579,20.062323875377107,2.6849434237819834,24.4291099985993,3.5465425929034664,0.4790267442808126,5.787427176818424,0.12644355029172732,1.217661032208818,0.9901402960531704,0.5296910546045274,1.0,0.16704127733095675,0.029810539731174583,1.2657482777099887,0.7803973521444147,0.0,1.0
992,klf16,tfap2c,0,1,1.7530800921710301,2.706506603529331,2.610217962228055,1.4885096603348302,1.6962126399013744,4.216143700572969,2.5909716696176526,1.0487299031052404,0.9603446021929108,0.6498356322908394,2.8324597501265636,0.9775880940611537,1.0520504850438779,1.0,0.10878665303074847,0.02842501691175609,0.48402468087659584,0.6342513665725547,0.0,-1.0
993,arnt,ctcf,1,0,0.6820819608190516,5.230162329358231,1.0099467651262355,159.39913315472862,1.5887487010872872,470.95860629830304,2.245046643512751,0.40712457141962005,5.064003579112701,1.573101430636996,2.9545869979176356,1.0186468545526806,0.48689495697101376,1.0,0.18320343057226904,0.05616857141144106,2.4246191878144807,5.094750078562202,1.0,0.0
994,klf16,tfap4,0,1,8.350092671672371,5.288548430635514,2.5886654662388264,0.03526383200323516,1.3464535072182608,4.401600040607147,4.253812587866489,1.976055806932738,0.03503025166903005,0.5201342254449649,124.81910758318432,0.9463695777075553,0.6389838984106446,1.0,0.2073205188191215,0.0463831429104524,1.2033949935023374,3.377293031673473,0.0,1.0
995,klf16,tfcp2l1,1,0,4.244715578463007,0.0001,31.331952692487466,20.840701513221816,1.4632472963267023,37.44033119251251,8.381442365441066,3.738271011905365,9.99995201720052e-05,0.04670143960346105,1.7965005241670733,0.9642538704709409,0.290021013885309,1.0,0.2657029052248407,0.05187236422340974,1.7135320970472934,4.275348552597657,1.0,0.0
996,klf16,tgif1,1,0,1.078980680254606,7.807682526323132,1.2163532107546842,72.53308575980792,1.5538870766641921,148.92820440250378,2.156137790804493,0.5717780841866423,7.04891574163488,1.2774965881004956,2.0532451203810216,0.9696336565377904,0.32676313034392823,1.0,0.24033300931743193,0.049930012432001354,2.3461889013932065,3.8194641469708364,1.0,0.0
997,klf16,thap1,0,1,0.8806050600368336,6.8796601589155655,0.6735642288990851,130.92705657384462,1.4801032520069752,50.49512410371954,1.7876624673258448,0.38164701390698935,6.536210107827317,2.1974196201394887,0.3856737134790746,0.9688141341738927,1.0416841658485518,1.0,0.17093070748155972,0.02520234619301443,0.7133300170616954,0.7996462556307229,0.0,1.0
998,arnt,e2f6,1,0,1.1965662344427057,1.0223350911590745,0.6494227543117778,0.7157598979053672,1.7681603144803688,1.7600416737381095,3.737378694385908,0.420954482622651,0.42100487319566343,2.7226645551620177,2.4589833530612384,1.0382132746146586,1.2582161062640917,1.0,0.061544017389780534,0.0172011190564707,0.699973994725682,0.06952210684278326,1.0,0.0
999,klf16,topors,1,0,20.538235198557523,0.9731644525679566,32.14553901155955,37.18460310500863,1.3239507116918112,41.28584098652944,2.603592913275431,12.531612449987175,0.948345153317473,0.04118614129368675,1.1102939802783156,0.942372721251303,0.2919730647560858,1.0,0.23588772311950573,0.04014319744846064,2.224750088837942,2.544435700029435,1.0,0.0
1000,klf16,trim28,1,0,0.9287387347549941,9.415827189156197,1.7163467232270784,15.045910413650642,1.6100680694084548,156.33201371736286,3.4161047398806375,0.6026412792526119,5.7914811555416374,0.9380785639752333,10.390332616597806,0.9754685780361261,0.23736429214750465,1.0,0.3416460511868116,0.09011756015587252,4.493886616319097,27.815539327052207,1.0,0.0
1001,arnt,elf2,1,0,0.9597308286690408,2.5249182254474762,0.6246277235515885,1.6401100724691455,1.5315287451230537,2.550317305967314,4.184107707974207,0.37837046538083313,0.9942654689258071,2.4519064514378117,1.5549671627391897,1.0248803816420602,0.8332565484178969,1.0,0.04871537202417088,0.01619953077419598,0.4064060267173095,0.3435266213538489,1.0,0.0
1002,klf16,ubp1,0,1,17.27120688567161,10.747441615089654,5.7583427786426915,0.6310529138211065,1.3739516048846092,3.509608773176802,4.2341636785383265,4.318518203708533,0.5960546300824026,0.2386019133804441,5.561512666070536,0.9485467932028779,0.6183030093175522,1.0,0.23182045538328774,0.03707447706883453,0.7545013150654823,1.624941747135015,0.0,1.0
1003,klf16,usf1,0,1,6.717226819607234,0.0001,13.730634825928389,10.438722923478775,1.3471812580823708,11.39403912460676,3.04412193923212,4.510583556452037,9.999904203758668e-05,0.09811500161219107,1.0915165780460834,0.9569540610203778,0.4356250597785281,1.0,0.23246456609668886,0.03574097282394068,0.9140751119014141,2.7157635238836315,0.0,1.0
1004,arnt,eno1,1,0,0.5318108049360307,5.465634168165887,0.4185261218153047,21.101745609292774,1.4415001980113007,781.3896934263332,2.117909112595939,0.23420821338618966,4.341204242804239,3.444229936614169,37.02962342045415,1.008178166351607,0.28510222458450374,1.0,0.23824679212516592,0.1684073571579341,6.322139010941491,73.28148656489624,1.0,0.0
1005,arnt,ep300,0,1,2.2456116896210445,3.407682301252886,0.00010000000000576215,0.00010000000000787157,1.7754820379476208,2.3033347294652646,7.682186398499791,9.99955470744053e-05,9.999706554812103e-05,17754.82037845315,23033.34729283956,1.0390996698502135,0.784750794092439,1.0,0.13761481828013433,0.022779993757292432,0.49891049204186927,0.6595014506611248,0.0,1.0
1006,arnt,etv4,1,0,0.6112880600657113,3.5870986536204397,0.7433446519636466,9.529248592542617,1.5115357246329364,19.460270002193425,2.591461523472077,0.33543978838245503,2.6060879721161316,2.033425169119073,2.042162066946455,1.0164539645059125,1.335691659032461,1.0,0.12181414168231652,0.026037774453379216,0.8869273451294186,1.649335294396191,1.0,0.0
1007,arnt,ewsr1,1,0,3.4655768585955156,0.5804565999393136,11.868512446025672,11.47444051380587,1.458493548385605,47.10308906348841,4.64851760474964,2.682340063488729,0.5525069740541673,0.12288764535727481,4.105044512350271,1.0068160701241786,0.24503211715680884,1.0,0.20837144225570145,0.051922615647832036,1.2641949786162625,4.0803075945663885,1.0,0.0
1008,klf16,zfp148,0,1,9.963645556164915,4.117555940796616,4.086611011931055,0.3668239063116663,1.4573333538451205,2.8552190225104694,3.732223319023933,2.8979928908386707,0.3368175770466465,0.3566117131261984,7.783623077402639,0.9589041095890409,0.8240174005748403,1.0,0.1681165136338385,0.030112949035688265,0.7714368125059541,0.23411198870833544,0.0,1.0
1009,klf16,zfp219,1,0,0.6293238472055669,12.519412861256384,10.91505882882557,8.350729899659328,1.912315977231745,10.275236781176082,1.76313714788907,0.5950172484227748,5.009368479379107,0.1751997865720624,1.2304597208437151,0.9772571417102195,0.5372529679966326,1.0,0.18452850330907472,0.03601953821184407,1.1097853467882515,1.194604537483311,1.0,0.0
1010,klf16,zfp263,0,1,9.328521406714302,8.936301615990669,0.5698407931940036,1.634069157059512,1.9825238681346022,1.4106425782239205,6.863829442643145,0.537035514600442,1.3814590956545725,3.479083792900112,0.8632698145789344,0.9853449185097876,0.8112633485429401,1.0,0.08292439853692857,0.01407834392318369,0.414409639732694,0.07315615548437954,0.0,1.0
1011,klf16,zfp42,1,0,0.03342417580714436,6.650534657164025,0.006028120290351442,128.05166551565054,1.2651754106788995,1411.335439169313,1.2416531339822305,0.005107052625616631,6.322183589628409,209.8789257248115,11.021609390912756,0.9354816379601758,0.25693824286854566,1.0,0.28697142900701045,0.10690081013618283,5.293751693275728,48.998810482058374,1.0,0.0
1012,klf16,zic3,0,1,0.0001,9.3496195734273,8.81821068982645,0.00010000000000026654,2.640314896089391,4.1138760193389246,0.9899561949592872,9.999886599595413e-05,9.999893044947184e-05,0.299416172845078,41138.760193279595,0.9855729166666667,0.9720654710001367,1.0,0.13941537042575558,0.027069660692603244,0.3255590457113124,0.4234702899906731,0.0,1.0
1013,arnt,foxm1,1,0,2.031644120494114,1.9435546293986283,1.7629983794463524,2.242685460804274,2.1483963018754912,2.94539233020842,3.4851821434935255,0.9439058599325304,1.0412163697519503,1.2186036736744865,1.3133327796899974,1.0471217847869383,0.9773423250476146,1.0,0.0885634960589477,0.022983453004751082,0.056968913681532216,0.7936237718760727,0.0,0.0
1014,klf2,mafg,1,0,8.282788004438501,3.390625258520152,235.678812142196,254.93746384364923,4633.947097645334,18.326580499244486,24.588175750621247,8.001577448821408,3.346122395189761,19.662128536397486,0.07188657258504778,0.33179870923911325,0.3657466114760301,1.0,0.5789078094448659,0.3051337246661985,171.56437478177807,32.047858348515575,1.0,0.0
1015,arnt,foxp4,1,0,4.3923099965834815,2.5481530520196416,2.2581097724303714,1.6407673472802606,1.5898277880354188,5.25131611343315,3.6602940202679455,1.4913822692878669,0.998091614327436,0.704052481170705,3.2005245119838244,1.0202394435299351,0.6035363117583565,1.0,0.17846498187687004,0.037635942700328454,1.1712388341845703,1.850315218637415,1.0,0.0
1016,arnt,fubp1,1,0,3.9735682747310266,0.0001,12.587213596253202,15.519186488032046,1.4064376965795768,102.65721551772751,4.16776243356918,3.0201564758827555,9.99993556404795e-05,0.11173542784705162,6.614858040200356,1.0055320603186808,0.23228366949482637,1.0,0.18643028633391828,0.06887490293619651,2.5316608336865807,6.480277260110999,1.0,0.0
1017,arnt,gabpa,0,1,1.0165503256800297,5.023837733174711,9.68622356784842,5.608449218538295,2.041934565367437,6.950104366662278,2.3384761637597515,0.9199982939431903,2.6500355884532802,0.2108081184647906,1.239220343422072,1.0516464378052286,0.5515942227238011,1.0,0.13334357485412013,0.024465991980933164,0.48135011301131875,0.12663564165704108,0.0,1.0
1018,klf2,mecp2,1,0,6.119612460655775,0.5362170636539315,301.1152128973902,0.4975690605205567,6160.296093213581,1.2514845706876003,1.8671622949033235,5.997719844397282,0.2580853179959547,20.45826922505174,2.5151977282878026,0.3481784349154987,1.1229673716654267,1.0,0.29348131972954594,0.1312039474351837,85.13469865472206,2.550364871067929,1.0,0.0
1019,klf2,meis2,1,0,0.4627563174160918,0.43093930965639743,121.35389839533535,52.37393381866681,2505.5247413482425,3.139948230745816,60.642207170050845,0.46099840172046325,0.4274224242326633,20.646429776701353,0.059952499302748465,0.3340380265769237,1.7800670849913276,1.0,0.2208887126043678,0.15350099682296756,55.80151258390205,7.273248570286945,1.0,0.0
1020,klf2,mga,1,0,50.04128112177262,6.8429022119079885,208.77701770108982,270.5388096866659,4191.002855750911,60.784684332878456,5.302916733864846,40.36603857633681,6.674090395291697,20.07406227897772,0.2246800908279237,0.3260492191118122,0.3646602456329575,1.0,0.48648248485988044,0.31006877660033544,157.43224516868457,43.73706041557371,1.0,0.0
1021,klf2,mitf,1,0,47.8606728115522,6.8939501825496485,168.95957227188424,227.00654299056117,3582.581746696708,22.72851756024561,4.66781670584784,37.295958243071894,6.690758866128174,21.203780872099593,0.10012274210611917,0.3477110097574281,0.5267093881789744,1.0,0.2638935604158784,0.21747675822529608,112.45017697394053,15.054038938466388,1.0,0.0
1022,klf2,mlx,0,1,24.685318849388324,6.573672880963643,131.8239502170062,176.4065914852668,2630.922164905451,11.049812291804377,6.557330459529936,20.791843591782584,6.337509842859014,19.957846511005584,0.06263831866354745,0.32275979584241726,0.5392849837654972,1.0,0.4731402151984911,0.21433530984631177,117.52659359689497,13.798505989406049,0.0,1.0
1023,arnt,gtf3c2,0,1,6.476335222159569,3.201290089759128,9.892735932864843,11.588622953269619,1.3856689268213234,9.018892125075533,3.2257336733844575,3.9140079213273253,2.508367946878745,0.1400693333194073,0.778253996306864,1.0004224396124946,0.40428581797067803,1.0,0.12766853958557323,0.024764140357889305,0.7664438249629779,0.7974727516644357,0.0,1.0
1024,arnt,hbp1,1,0,2.061946766483078,1.956767605125557,0.8035723088723415,1.1815035681936608,1.919624986201352,2.502974308756758,3.601994771530891,0.5782279860444315,0.7366883802894512,2.388864032528914,2.1184652980637417,1.0454866455409688,1.0021491953386914,1.0,0.08377885943122132,0.020681406382494136,0.61299289394225,0.33802787221172936,1.0,0.0
1025,arnt,hdac2,1,0,0.580117663994401,7.083976322402492,0.5852466099974452,22.793016255194836,1.4972463667618345,70.92271049852381,2.427851212542251,0.29133542517945393,5.404332013959357,2.5583170259941714,3.1115982941643177,1.0205310536441419,0.22824427393299715,1.0,0.18180001255004144,0.05806745691155702,2.417376506084015,4.200938880007279,1.0,0.0
1026,klf2,mybl2,1,0,2.5776850330421044,204.24726570447402,448.0061697638212,229.50218861903133,3091.6787001745797,1079.3797646756693,2.0792979737901476,2.5629386987941434,108.06974863343221,6.900973488388437,4.703134951220079,0.3096382018573346,0.2444554174473228,1.0,0.6938390247669376,0.44428230783270156,319.80567712196546,119.02503628410248,1.0,0.0
1027,arnt,herpud1,1,0,1.1958957162834563,1.420035578366767,1.9163856433537,1.805080080103449,2.0313819921075527,4.171017196735718,3.63590649812293,0.7363721710240855,0.7947863602398317,1.0600068932642428,2.3107103350764793,1.0412372387912001,1.489935443565181,1.0,0.09433928500678512,0.02512331258446052,0.6354586282007033,1.701314351977474,-1.0,0.0
1028,arnt,hes1,1,0,0.2086811766557486,3.1210509210521766,6.092714252823444,4.644989499324109,2.194079953511115,14.239072783621422,2.5735029837628574,0.20177035285841916,1.8667490729388667,0.3601153545801609,3.0654693160648363,1.051964653665819,0.6592872459849612,1.0,0.1360073905389778,0.03865956801153596,0.9438130573707583,2.731862041003003,1.0,0.0
1029,klf2,myef2,1,0,2.146407370762548,1.0627964055066108,91.61236286264582,67.75038278566086,2189.1117130035404,3.730313139395837,29.574669889895606,2.0972699451137826,1.0463818725227496,23.895374429820894,0.05505966145161537,0.3453949503017352,1.3964889606322362,1.0,0.21879701326173562,0.15847272731256068,70.0435812490372,7.854973457358263,1.0,0.0
1030,arnt,hif1a,1,0,2.9635883362688022,3.9076420446777473,1.3662018311631794,2.5367457970878817,1.6371127375277916,5.500353587430989,3.6289547279003713,0.9351168660040805,1.5381902481282532,1.1982949372377576,2.168271489301471,1.0320442553507727,0.4602151995980201,1.0,0.09142344995774689,0.027120322422076383,0.432923899084534,0.3684117419491536,1.0,0.0
1031,klf2,nanog,0,1,14.654882815865268,0.5161683885847665,145.88164082266223,66.78281181198516,3049.3181445014898,27.911186470646637,11.016768066449337,13.317083880899412,0.5122094904769473,20.90268609062552,0.4179396721004425,0.3336848173518059,0.22281786119799601,1.0,0.4589192037309065,0.3989273599029092,232.46872609382606,66.67307019195312,0.0,1.0
1032,arnt,hmga2,1,0,1.0283952515352905,1.632749642190071,4.325351075740012,3.312453461408635,1.603245877834161,12.249962474191046,3.630698557720574,0.8308519372410963,1.093667356139614,0.3706626005057557,3.698153835792065,1.0298612125639153,0.5899477625739644,1.0,0.1480306945095407,0.03463560024977888,1.1058345542484935,2.6403854612110527,1.0,0.0
1033,klf2,nfe2l1,1,0,5.289858464066134,0.25594628678551007,190.17453966959232,0.09470299419369854,3973.6028907569985,1.61567895424893,1.3992024138880765,5.146698876760022,0.0691257077261313,20.89450510915238,17.060484391278475,0.34684245233745487,0.8264564024251954,1.0,0.2659632715853678,0.15089694788927555,87.11246180170625,5.3148640280527015,1.0,0.0
1034,klf2,nfe2l2,1,0,15.1389790753265,2.2484792856447164,112.83660727066845,102.45600936515228,2373.9073171505893,18.062927957302072,8.545823596822501,13.348100877483835,2.2001942582966088,21.03844997267726,0.1762993510017159,0.335129165724736,0.3222173256106774,1.0,0.4391118634109378,0.2750393150421448,134.69310453338957,23.792159922865064,1.0,0.0
1035,klf2,nfib,1,0,10.069825638127853,9.999999999998899e-05,96.912505640073,4.95099342814634,2204.894511253176,2.5411744359610395,4.910158174282117,9.121992597187578,9.999798024412191e-05,22.751393091021882,0.5132655643440147,0.3373903899871692,0.8084216798159107,1.0,0.31156754214656335,0.16143765522254117,91.95378271773517,6.821417313730478,1.0,0.0
1036,klf2,nfic,1,0,15.7657332914184,0.16950335647663614,130.34107704865878,20.215987825346975,2898.72697234903,1.7885101079917192,9.345068672876682,14.064523432428283,0.16809395271978855,22.23955055448008,0.08847008236467525,0.362690167481488,1.1990885499495179,1.0,0.20562812513910664,0.13551333981332025,64.54795564367919,3.464380799461892,1.0,0.0
1037,klf2,nfyb,1,0,8.641484381475511,2.7157947800183386,129.58616404031824,137.74298924664876,2558.588177399904,16.689800862688184,15.044799510368438,8.101250548607156,2.663284420212187,19.744300607616168,0.12116624558512143,0.3212602768026744,0.3861473934123263,1.0,0.5493244181302538,0.2957115135359355,190.05816195477962,29.947769005044016,1.0,0.0
1038,klf2,nfyc,1,0,16.154091835543998,6.514052595211618,107.58408702725256,157.37027420666027,2257.5193679707863,22.035089205163967,7.97173080738343,14.045165670398628,6.25513289226478,20.983766562046718,0.14002065711741252,0.33502129868696295,0.43810695815285855,1.0,0.5707786996151386,0.32012044649623234,178.4516322695628,36.86353770287316,1.0,0.0
1039,arnt,hsf1,0,1,2.410717249172923,2.008670618993744,2.682025905401305,2.740849780562094,1.6428868715345644,3.8046446215370087,3.660749593810459,1.2695723928414175,1.1591621810499824,0.6125544381305084,1.3881259193842983,1.0281997918834547,0.8077873088603549,1.0,0.10924366542638372,0.020111289976299566,0.6770754974954365,0.7093879958354854,0.0,1.0
1040,arnt,irf9,1,0,1.3197470222488974,0.6330496462352067,0.2348013837476029,0.1109529807597199,1.7509780221957014,1.1869801337843315,6.126539123352518,0.19933662137859295,0.09440658227563133,7.4572730119763495,10.698046376553497,1.0359427353030763,1.035774335162127,1.0,0.06716152180307552,0.011024215033718294,0.4099382397576756,0.15394096302052301,1.0,0.0
1041,klf2,nkx6-2,1,0,33.84901171811241,9.318596774518342,208.05128608472808,378.7830441773157,4119.684956650268,115.02577513479893,7.20538188808996,29.112533075052806,9.094850629995236,19.80129531606232,0.30367192223354417,0.3278479547820487,0.48229046319572827,1.0,0.4145764347035246,0.42835159303308107,252.2163120611048,97.4319276982047,1.0,0.0
1042,arnt,junb,0,1,1.595856263742788,1.0364864801869467,1.2113442223325137,5.860928026277924,2.0745351505428777,7.964832143530402,2.003998289974795,0.6886331326697138,0.8807318532026771,1.712589297324785,1.3589711574377745,1.0459819203420126,1.5502387059958573,1.0,0.019170397720685635,0.01813553682907595,0.681355575623812,0.1327102609784875,0.0,1.0
1043,klf2,nr0b1,0,1,11.623001812402206,10.98757985182849,108.70815628929759,184.7497348674872,2332.7048177602787,29.263569342914543,10.968559422872437,10.500315275828463,10.370799596242437,21.45841579312973,0.15839573119768754,0.341973552576295,0.6328766947657353,1.0,0.47845933267521223,0.3269975570962079,193.01103300003052,40.93676076475924,0.0,1.0
1044,arnt,klf13,0,1,0.6010874361361334,5.564953429926439,1.587930888498513,44.47362064336041,1.6725460584009595,72.17058750693265,2.9075372688768155,0.4360334930902189,4.946056763688647,1.0532864311131673,1.622772926128001,1.0316404435015254,0.6072127248401963,1.0,0.15724998100862386,0.03965268840907621,1.0967993928945168,2.659688631386944,0.0,1.0
1045,arnt,klf16,1,0,1.5626681231461685,1.729127902953546,0.23891772626835087,0.00010000000000032205,1.7634934380166136,1.604426769797378,7.433181855815799,0.2072335964536162,9.99942170725871e-05,7.381174538869791,16044.267697922109,1.0322875418824242,0.9682238308083807,1.0,0.08627557090670525,0.023612763832146423,0.14269021794973707,0.48835696991375754,1.0,0.0
1046,arnt,klf5,0,1,0.6659409810703387,6.8612295486759916,1.0874317469998012,58.5260616177886,1.6025585875734383,122.31439497200218,2.4980550481526578,0.4130127912056308,6.141265927614277,1.4737095840680208,2.0899133068408204,1.0251682275407559,0.30251551835689583,1.0,0.18003392214062294,0.05359361849009726,1.7356529007438386,5.663265148777573,0.0,1.0
1047,klf2,nr2c2,1,0,10.797320652475594,0.3107958770209166,160.29185106254943,111.1309844860574,3452.2115833686003,3.0954085744127733,15.761164127899033,10.115909128276032,0.3099291098456391,21.537037350834954,0.027853695247351345,0.3556921349946346,0.9307613903086523,1.0,0.23793221054921668,0.13862277694200184,99.01120137292871,5.9219211539129635,1.0,0.0
1048,klf2,nr2f6,1,0,2.3702511854093533,1.964087956689036,114.75449508763239,140.86734168262134,2388.649095971439,3.51796868896877,26.527101858267734,2.3222844588148086,1.937079604876325,20.81529873097646,0.024973628712997697,0.3366058082040581,0.9664067149375125,1.0,0.4248616309755443,0.18092094910218573,114.20306409155988,8.180977929694919,1.0,0.0
1049,arnt,mafg,1,0,0.1156662395219584,8.05488111743005,3.2815850048973383,16.78871909715538,1.8074178485997163,32.11622329175145,3.1930036046037418,0.11172815016600382,5.443298687527635,0.5507758738238931,1.9129644796542644,1.0414261409391734,0.38257134674036547,1.0,0.17915083146849653,0.04638193846526274,1.2548660525195972,4.407023953075766,1.0,0.0
1050,arnt,max,1,0,0.5620073552776972,6.328489359057208,1.4582498973160316,26.142425110619296,1.6701862890348278,37.31925893100863,3.1561727381284825,0.4056647573334396,5.095084688391051,1.1453361266192261,1.4275362279167132,1.033355964291335,0.44625588181021775,1.0,0.15755446378743093,0.02837858560758463,1.5280797857289998,1.679100711630003,1.0,0.0
1051,arnt,maz,0,1,0.6452929741332752,5.840525763688637,0.8954122772571468,37.52679273978192,1.566944236010806,69.11964817431786,2.4307652368795267,0.3750251717161799,5.053948627415366,1.7499695679968958,1.8418746481642316,1.0242980278798923,0.35855752193882195,1.0,0.13678504864796012,0.0411692767116972,1.6633128063878446,1.4392225014894937,0.0,1.0
1052,klf2,nr5a2,1,0,16.610517430654326,0.4186489718562307,137.27080607783878,42.208024913535276,2950.7306432571727,5.029254292318916,9.35335149713598,14.817516935055894,0.4145372984447064,21.495689633992345,0.11915398322052577,0.35192794859778964,0.5161200664623231,1.0,0.2825481031774629,0.19824423236537272,106.6157891247156,11.018014500646512,1.0,0.0
1053,arnt,meis2,1,0,1.3015235544219912,0.6929556885680972,0.9069672601169679,1.4317274010716146,1.86363365738637,3.6153680619500084,2.497520011520396,0.5345004128433458,0.46695135471691923,2.0547970575542327,2.5251790663809253,1.036086656659499,1.795176443426217,1.0,0.05224780030074449,0.02347006569172559,0.28282725664195135,0.6066716146621971,0.0,0.0
1054,arnt,mga,0,1,0.6258286540051841,7.032953842301316,1.2755427765554717,21.234536396737095,1.6164477685330378,40.09091593671275,3.0951751110044583,0.4198397041983326,5.283154361354421,1.267262688671375,1.888005237678423,1.0305262235208181,0.36764209330491215,1.0,0.19879130742913112,0.04291184713168592,1.930051667163281,6.096423457798886,0.0,-1.0
1055,arnt,mlx,1,0,0.5039484295935529,6.801403008554304,0.37376805827310966,48.487132574181224,1.436987604255393,29.205606087242383,1.9102192741164998,0.21460212791123925,5.964718108200089,3.844597130355629,0.6023372498375784,1.0116024775001453,0.5604923498638343,1.0,0.1510420142368106,0.025791573999148026,1.2090410726643355,0.6806322551030898,1.0,0.0
1056,arnt,nanog,0,1,2.6553584906312406,3.0127771444634406,1.5752287163382808,2.4936828183204174,1.7899843350093478,29.312281953113885,3.4928164064598772,0.98870363426718,1.3643812270231577,1.1363329759314444,11.75461519715516,1.0400503302925448,0.22408136923738317,1.0,0.16584310862292787,0.05436271331609247,2.6855726690317114,7.397601099298182,0.0,1.0
1057,arnt,nfe2l2,1,0,2.686236468235963,3.705694606076458,14.435470717508288,11.572796553076142,1.6046324978395667,16.3171478447591,4.530673680027272,2.264790973052583,2.806903464303412,0.11115900057857919,1.4099572017812645,1.0252168947668954,0.32001214996249633,1.0,0.18202991287231565,0.037553998145765724,2.411045623874491,1.521358441845025,1.0,0.0
1058,arnt,nfib,1,0,1.6287140227520733,1.9589243655250015,0.19852313297353957,0.49250799001583184,1.772345836205736,2.523101111364171,4.8569454150192195,0.1769542664462064,0.3935600750626899,8.927653969887558,5.122964830038726,1.0352357917994552,0.8065520216962524,1.0,0.07746159450989812,0.025215698609135733,0.18385413287376695,0.4224986659204332,1.0,0.0
1059,klf2,pknox1,1,0,5.2178421454298505,0.20363805989366793,113.44322213742151,0.13369822468927023,2414.318901862683,1.4554142862949295,1.6886254209822766,4.988399768360606,0.08070891964856758,21.282178488707363,10.885816095744552,0.33912240028367946,0.981802684754936,1.0,0.29075651683551634,0.15030508679258062,68.56372064508271,4.401837356316584,1.0,0.0
1060,klf2,plagl1,1,0,10.868286222401181,3.0164428196985145,102.5983920005325,103.32168028447876,2168.7266252473787,6.507741737418436,10.744960020803669,9.82727887767254,2.9308768249367234,21.13801769170147,0.06298524878322218,0.33902121275310837,1.0024817839503153,1.0,0.23807552263011758,0.16893618361917576,122.86115473097855,6.886817761178833,1.0,0.0
1061,klf2,polr2a,1,0,11.974030268168812,0.00010000000971110978,128.85144204521995,5.5998011487402986,2722.524887421466,2.5561165725508994,4.351529607263558,10.955909053961518,9.999822396495522e-05,21.129176703090412,0.4564655966624654,0.34752964883376464,0.7556062735232556,1.0,0.34307652619710965,0.1853659213290509,93.67195558719911,6.242611523481812,1.0,0.0
1062,klf2,polr3g,1,0,3.1058431514777363,0.8812865114824797,176.82270741898645,197.06113438992642,3555.8238006536935,6.351775072393728,37.984766584241505,3.0522315281361503,0.8773628153299111,20.109542787556506,0.03223251044432445,0.3327027663282457,0.6300341860400066,1.0,0.4987868714031583,0.2373022430389819,146.9710148704831,16.513013690919884,1.0,0.0
1063,klf2,pou2f1,1,0,27.948883211983638,0.42378572392705516,277.9284462139739,28.027391442671764,5663.072479831197,2.944218896526607,11.109650375395434,25.395114110288283,0.4174733545388663,20.37600885039044,0.10504791009712118,0.33523527708630846,0.8301707683042595,1.0,0.34397871430424376,0.18049758904515706,75.29929198141284,7.296259859380067,1.0,0.0
1064,arnt,nr2c2,1,0,0.6075324542053675,10.501386600539979,1.219169717750397,16.560506094462895,1.6061097482562186,4.637338844748386,3.654886935103356,0.405476701177153,6.426316102815174,1.3173799552861274,0.28002398104843595,1.0283191513079666,0.935685924905649,1.0,0.13141825349829347,0.02537346474460539,0.7741910307823169,0.6379319928503532,1.0,0.0
1065,arnt,nrf1,1,0,0.6204265972280141,5.545087346129374,0.6408576615067543,18.53233574057424,1.4913441497561222,28.7767749795264,2.3983188985703094,0.31523832592264933,4.26804064700881,2.327106687387874,1.5527872677443049,1.016669015026742,0.4953790608583811,1.0,0.16053967715203193,0.035666727377283755,1.382317346845775,1.971937932587335,1.0,0.0
1066,arnt,plagl1,1,0,0.00010000000041410217,4.863005051651372,4.314759121362697,37.29578545814426,1.8975527453251089,20.513841278394523,5.002010684485349,9.999768284131439e-05,4.302058737812223,0.439781849218461,0.550031083308769,1.0453415807308026,1.017575819469016,1.0,0.06265592832915765,0.015495522725774454,0.3617262157551954,0.367849351831031,1.0,0.0
1067,arnt,pou2f1,1,0,1.239420970113208,2.3020875024937415,2.1362639563607386,3.019290310103875,1.7229885271793608,3.808673947501816,3.6526150135606636,0.7843535172508468,1.3061787255240258,0.8065429003045959,1.2614467495080932,1.0336401490247642,0.8508967209621842,1.0,0.07036315469833786,0.018831336958793365,0.5896720585180618,0.30284612534426236,1.0,0.0
1068,klf2,pten,1,0,8.94015276997322,3.4822513961241794,352.2905667289729,322.2973399885411,6934.184905896729,10.654065633956066,34.79057780103223,8.718891600210794,3.4450296820988497,19.683141022709794,0.033056635324184985,0.3291514911812714,0.6392830659629646,1.0,0.4676528741240307,0.22136785782932242,179.68411779077599,11.213438148841357,1.0,0.0
1069,klf2,pura,1,0,7.842978162273104,0.4692057854320244,482.3788415334084,344.9836154913533,9816.08728895578,9.787498196990432,58.83996678953216,7.7174996462574805,0.468568494156564,20.349332192415286,0.02837090736338389,0.34742926417356323,0.6362920628603056,1.0,0.4903084642672438,0.2270852028787951,202.16648931254275,13.75529168616655,1.0,0.0
1070,arnt,pou5f1,0,1,0.6841114282950247,6.354805293611665,1.0217980673522222,85.99676237402677,1.5731440345520304,2308.8865553248797,2.332046070551044,0.4097660145916503,5.917524678462281,1.539584077144036,26.84852884673508,1.028035867154652,0.2716159128302613,1.0,0.2263285709235662,0.16580643742995324,6.33131151445018,56.2675217158869,0.0,1.0
1071,klf2,rad21,1,0,5.855116625899758,0.26557497726895,141.36930687704822,116.78608958846054,2932.641187779503,13.739033145366859,24.138837433061276,5.622258585859945,0.26497242224495204,20.744539621532425,0.11764271921237777,0.33832518903151715,0.3831933219605187,1.0,0.4657142362500032,0.29293213876741686,170.57755173735165,35.95823217757763,1.0,0.0
1072,klf2,rara,1,0,6.052267041938672,0.15392072569464194,259.75172455516906,229.68614128772145,5249.593594643658,2.6939645493619127,40.93376560114181,5.914458967173344,0.15381764710342147,20.21004327741697,0.011728894630988022,0.3370320287789882,1.024840203964378,1.0,0.3211827715689905,0.1548507825375353,84.71881614439855,5.8779720488498715,1.0,0.0
1073,klf2,rarg,1,0,5.6154955930784975,0.5060994855073124,109.98380446120166,0.2516900178362079,2321.22796124512,1.730649809930722,1.5506855749863462,5.342710284334611,0.1680944219630966,21.10517973638533,6.876116203611123,0.33852165307538157,0.7956123662306778,1.0,0.27804028450232127,0.15677846966534006,54.47499454112391,4.001908640230308,1.0,0.0
1074,klf2,rbpj,1,0,27.878197240127353,6.091042736373415,204.69510190162632,206.15276541191534,4107.20177150398,13.176230399448665,8.566506446301311,24.536481384405914,5.91623998504695,20.064973384061947,0.06391488551279505,0.3267635517698289,0.564470589873365,1.0,0.38793312183825734,0.21001672187027642,114.95121251026916,11.091104110033386,1.0,0.0
1075,klf2,relb,1,0,9.758849911332728,3.5762852854644276,141.08788704643808,150.96653760713414,2887.9589520569452,8.591781385287753,14.828606339575927,9.127512744135139,3.4935262404072667,20.46921966523174,0.056911826431672335,0.3330624410646586,0.6282636250090865,1.0,0.3993572923311091,0.22313693621583397,109.74797992025506,11.318125826635933,1.0,0.0
1076,arnt,pura,0,1,0.42098891449455444,6.453048220563976,1.9737534411404958,29.447705946168842,1.738463193356002,28.015734196548895,3.556163742618047,0.34698025727501647,5.293132995843962,0.8807904559504981,0.9513723835657139,1.0368384305140614,0.6690506390624262,1.0,0.1534829223226019,0.029450160533840163,1.6074793421068068,1.1521280263760725,0.0,1.0
1077,arnt,rara,1,0,0.6264864740444378,6.412496823424199,0.8151506656382378,45.85130851909776,1.555571764351255,16.49554966215219,2.330078052260504,0.3542367578315054,5.625716847474571,1.9083242275626315,0.3597618082214937,1.0221227887617066,1.065155383478757,1.0,0.13652528587412424,0.02675899025923556,0.2673553747281124,0.17901584903278256,1.0,0.0
1078,arnt,rarg,1,0,1.215635714305607,1.4557671287407357,0.00010000000000015552,0.00010000000000015552,1.6167768520603787,1.922590112267234,9.691319466262245,9.999177452821917e-05,9.999313124146002e-05,16167.768520578642,19225.90112264244,1.02351682919157,0.8049375110453104,1.0,0.14178938933278756,0.021579349327091116,0.5470033881545977,0.23712808996473742,1.0,0.0
1079,klf2,rxrb,1,0,2.197646294929255,0.06077346626338582,362.07456723468135,417.5178751317591,7432.912872327755,2.219611717357661,90.23444191383196,2.1843879429105284,0.06076462142849287,20.528679849281037,0.005316207639390774,0.3391018000883267,1.1323992410500197,1.0,0.3953486030806505,0.1635884187550734,86.68146307812134,5.965662606614823,1.0,0.0
1080,arnt,rbpj,1,0,0.5741946723346667,8.685402868491156,1.4488104782937876,25.71381641094191,1.6616213053696978,14.433840564304376,3.3353475926161096,0.4112195451408023,6.492439639436219,1.1468865874897107,0.5613262665343755,1.0324546400781334,0.5688468636096549,1.0,0.162078872684766,0.0305403274703213,0.6631180083668606,1.2317399650725114,1.0,0.0
1081,klf2,sall4,0,1,51.14875398693916,4.9059430061803475,328.27001937845256,315.30555631130176,6684.625781817603,60.00567094453433,7.507601195186567,44.25348359425106,4.830779319581988,20.363193064277674,0.19030958936001313,0.34193945575812285,0.5082596262128081,1.0,0.3712737889880149,0.2557191253078325,208.75187877190228,21.0141147863281,0.0,1.0
1082,arnt,relb,1,0,0.6293213272768201,3.9979992189587383,1.391192650251649,7.950919361287745,1.6383992114176849,9.211326944951919,3.612780342957946,0.43330915543829185,2.660305129953994,1.1776939815785539,1.1585235023010012,1.029510534334126,0.6326088088296541,1.0,0.06452146036735223,0.024462693193197698,0.6807283096613553,0.36828187512954297,1.0,0.0
1083,arnt,rfx7,1,0,0.8060332399079717,0.5294259655940552,0.17140838153375612,0.10267773027212294,1.541597964844994,1.6967808562136406,6.805500237897944,0.14134946792141687,0.08599895373153012,8.993714024079978,16.52530545539647,1.0134534620272984,0.8816193923070448,1.0,0.10611389426839095,0.024709023735028878,0.2852361539083642,0.2220701215286715,1.0,0.0
1084,arnt,rxrb,1,0,0.9831122738223944,3.269099578181765,7.788751215611638,3.9443795324345476,1.768149490099523,3.1856715846532424,2.4850638702485615,0.8729293299012506,1.7875659259473293,0.22701321959744647,0.8076483407485344,1.0345391632588865,1.1526865844155363,1.0,0.12059700187359798,0.024912041397354416,0.37031950151361137,0.3146984449970257,1.0,0.0
1085,klf2,smad1,0,1,17.71614042926555,0.2507072659751435,104.61479891053936,12.688431514442522,2168.731656653501,2.2958210240698866,7.041490983574786,15.150463803194466,0.24584959080221344,20.73063925217767,0.1809381263126718,0.32790464660346713,0.9657754091659222,1.0,0.3516954327071479,0.15911050681603858,117.07324652178141,6.520910661600786,0.0,1.0
1086,klf2,smad2,1,0,5.730375302721731,0.036230084697459114,171.74329338553648,0.008404391235276877,3524.731542956038,1.7750720117416319,1.2730729607134414,5.545349538884486,0.006821897197662462,20.52325580506701,211.20768441750837,0.33553711244902545,0.7424096679687501,1.0,0.3481998250504501,0.1735002805795511,64.37784252762629,5.7414588593053075,1.0,0.0
1087,arnt,setdb1,0,1,2.736777196414006,1.7766918564618388,13.064683327123507,8.971326705259052,1.516110202371009,11.46464612841781,5.0419036725313795,2.262773580630842,1.4829973550343682,0.11604645626759448,1.2779209257530613,1.0158007914511977,0.44258366484648043,1.0,0.18898299087052206,0.038793425871275156,1.241206819003641,1.2460811265367828,0.0,1.0
1088,klf2,smad4,1,0,51.17441173538737,6.978680481107053,100.44197856658714,184.46060255169118,2159.90081118355,8.039717008249625,3.074827310785643,33.90173817254205,6.7242813813724345,21.50396519470853,0.043585008923499875,0.3408123008389424,0.9654739824909996,1.0,0.3128818054345085,0.16307702998559764,87.8976458998772,8.7365573293857,1.0,0.0
1089,klf2,smarca5,1,0,47.910429762028755,6.0163902722354745,147.07930143480976,187.1646662251649,2881.4079716041256,196.5003155121165,4.200706577544234,36.138480204002455,5.829017076518757,19.590846186342933,1.049879336069344,0.31974418514703096,0.15900720017268746,1.0,0.6214811631873495,0.47723818373718496,291.10057927637104,159.9759139135389,1.0,0.0
1090,arnt,smad1,0,1,1.1469083263904762,2.3214382069727293,5.2156524211334165,4.549720566292693,1.647114449867225,3.59058739522836,3.610658186833217,0.9401678705676042,1.5371344924725217,0.3158021886568295,0.789188554090504,1.0249771550411206,0.9908571428571427,1.0,0.09153343059211075,0.0242657160576227,0.1621877297217152,0.13968112622349835,0.0,1.0
1091,arnt,smad2,1,0,1.902485362579215,0.49697480391924376,9.999999999998899e-05,0.0017114423243194399,1.7310954334049684,1.8870691176614143,7.853282765089225,9.999474399403168e-05,0.001705568821988996,17310.954334051592,1102.619171470948,1.035475564321718,0.754843964334705,1.0,0.11711812183587225,0.03165255493382287,0.7465929402533616,1.001071681601816,1.0,0.0
1092,klf2,smarcb1,1,0,18.092938066722194,4.369535984596137,71.84564076641807,100.79779320681206,1625.9016276629618,42.16645424301059,5.186408795707982,14.453182890096894,4.18798868404683,22.630484053291887,0.4183271567909775,0.3297190596165153,0.29570698758112385,1.0,0.6479347395604961,0.3921255452182491,248.8255723661137,63.66317476959716,1.0,0.0
1093,arnt,smad4,1,0,0.6367077887091672,7.3885623915896055,0.816484549258607,54.63768223671596,1.556111591918233,16.48204908409882,2.3143851674539775,0.3577379664694992,6.508437300322999,1.9058677758583795,0.3016608393579157,1.0196045785639958,0.9888119953863898,1.0,0.14331639287064374,0.029219608751734925,0.1685301609528779,0.7230598940836829,1.0,0.0
1094,arnt,smc3,1,0,0.5682623750999893,7.605884054117617,1.8334116673306582,25.1478761928842,1.6834393776515268,95.67583831197594,3.4925240742724775,0.4338052750734332,5.839690743535026,0.9182004280045396,3.8045295586053585,1.033320215138397,0.2445000988630557,1.0,0.20116197909972236,0.04949449305940782,3.0147612238742756,7.683521493940553,1.0,0.0
1095,klf2,smarcc1,1,0,19.222028772477472,2.170638480147275,402.8584413949109,209.87614101274147,8186.155705866319,96.80070483718994,22.02998500692105,18.34663553292905,2.148418518010788,20.32017916149772,0.4612277716279966,0.33198540677648486,0.22477337105223102,1.0,0.49779363661992665,0.38851730130065143,231.6715203382803,74.46028438761167,1.0,0.0
1096,klf2,sox2,1,0,2.5978869156840365,218.65437587224773,448.7915492011172,219.61627265446026,3131.8224236511046,1028.3793665588037,1.9625863098891045,2.582935266649574,109.5671343496873,6.978345357050472,4.682619161726849,0.29754303677973937,0.35003577564483723,1.0,0.6475607983977714,0.4391784148468599,318.3648685080261,103.7234505624061,1.0,0.0
1097,arnt,sp2,0,1,0.4465994967768695,4.916999904755895,1.9335017652291968,13.803104889474227,1.7369058020479442,12.955289815394377,3.9255740904092145,0.36280007458201474,3.625506703776527,0.8983212910809274,0.9385779445372204,1.0361679034524525,0.5981360373453121,1.0,0.07469698996397467,0.025619689398571777,0.8301466533170747,0.3386499375386971,0.0,1.0
1098,arnt,sp5,0,1,0.4749087157436187,4.158528541160935,1.8093128087952604,14.436623303265023,1.698862291488403,119.6574411721539,3.460302468536753,0.3761712308428129,3.228535617611138,0.9389544379667542,8.288464598580463,1.0326609526369661,0.9151677413017627,1.0,0.14476487916647982,0.06464803489385888,1.6340301781709423,9.293720041736625,0.0,1.0
1099,klf2,srebf2,1,0,9.38877920681434,0.5028844030198409,200.49503467156032,3.0014473726811146,4756.94158532394,2.858525845319168,3.3051389518367955,8.968788863750577,0.43071865531462067,23.725982008065653,0.9523824643194465,0.35161588689172985,0.6756665846864082,1.0,0.40713679120381124,0.18454941186964294,104.30108784372008,9.788166386367147,1.0,0.0
1100,arnt,srebf1,1,0,0.5788379580747508,1.4172674539032095,0.06920307679250916,0.24480154333105741,1.4322827595637277,3.131691277104749,7.572541956435033,0.06181301107154617,0.20874540142780953,20.696807511292103,12.792775872616152,1.0097056340513002,0.5268021953377415,1.0,0.10536150097230233,0.023517544127351738,0.5205389777673659,0.8157680534497918,1.0,0.0
1101,klf2,stat6,1,0,4.3477015270614014,0.38101388354108356,128.23536718312175,103.52079978645072,2774.1137094035766,3.296670025290614,27.539218732805548,4.205130467631999,0.3796166838741736,21.632984490480748,0.03184548450254629,0.3504224942786157,1.026661039006718,1.0,0.2744398381636463,0.15886060516563513,61.40736411225649,7.947269596644894,1.0,0.0
1102,arnt,stat6,1,0,1.1272285404436824,1.8131456525375176,0.8417415824426283,1.9772540074817195,1.7491849315199515,2.88987446758118,3.2785490658456204,0.48189412545105725,0.9458236147081306,2.0780545573666878,1.4615595450287122,1.0295215434713525,1.0179112522580267,1.0,0.044825720080653664,0.02107545758442533,0.7140687209985499,0.21002125188247722,1.0,0.0
1103,arnt,taf1,0,1,0.4370637067047911,5.9727379650272745,2.0682604957947643,15.600296281075329,1.7289777545730614,19.264456531614492,4.005136640226777,0.3608162160495111,4.319118061961345,0.8359574425409465,1.2348776064582918,1.0358913208552893,0.4842439710710611,1.0,0.11303201814904287,0.036729446247153526,1.1052720540491772,1.1734096033414252,0.0,1.0
1104,arnt,tbp,0,1,0.30400521394888125,6.059183232985185,5.980782914989415,8.036489415963944,2.6863993438361624,1.1612129147187433,2.4445803821830654,0.28929999744642493,3.4545752539806562,0.44917185291968026,0.14449255820732773,1.0631156305622576,1.107432356909301,1.0,0.12565568700973512,0.01773623828381868,0.2611599233629299,0.1642286823936593,0.0,1.0
1105,arnt,tcf4,1,0,0.5952850303228673,5.871072621918124,0.5910595738866691,14.634741354065559,1.4760536677532694,17.606380100726195,2.5225024964537184,0.296582388553269,4.190110638540772,2.4973010047821185,1.2030537250209146,1.0169379298560384,0.5399856553702709,1.0,0.15417069046771914,0.033317468130835186,0.8476444137477729,1.180648511587017,1.0,0.0
1106,arnt,tcf7,1,0,1.428961203337172,5.265377945282179,11.1399740995861,3.5519697288270806,1.8545933913515706,5.615560675654688,1.8893948415748778,1.2665027236465407,2.1210985166653735,0.16648094284352755,1.5809708709170331,1.041179330263948,0.594709682934995,1.0,0.17304529925042683,0.027691670080934174,1.408287157335873,0.4618192031673473,1.0,0.0
1107,klf2,tbx3,1,0,10.224409863092282,1.429473115585575,164.94275349090714,129.52681251501645,3554.315597348598,20.927686731263965,16.774052024415106,9.627616748179333,1.4138694858831728,21.54878296938664,0.16157030598462194,0.34332058283545197,0.3423440693036319,1.0,0.3940510954851167,0.29736100308572244,172.76944617394952,34.54810489975306,1.0,0.0
1108,arnt,tead2,0,1,0.6457449523098877,5.415490406422479,1.1994955080554528,35.46276181277492,1.6181277065842452,38.77540875619828,2.6787958359425232,0.4197654377748879,4.698054245385217,1.349006891411751,1.0934119841233017,1.0301817033293696,0.5459456114282398,1.0,0.11770237707042583,0.0255817560877287,0.9386459651323974,3.1004942949072083,0.0,1.0
1109,arnt,tead4,1,0,1.0201362238497609,1.7087709893456011,0.8131656250239173,1.3977550366808966,1.6480696240186625,4.2988017738391875,3.9913965621778242,0.45248397615808444,0.7688470133137844,2.0267330212958625,3.0755044060131627,1.0306136485563233,0.7223815874970074,1.0,0.08101419532402777,0.022207613030456184,0.8882022281919972,1.0676216543306725,1.0,0.0
1110,klf2,tcf3,1,0,6.2209193517744215,1.105121233318012,136.71360148806463,137.1482392722137,2702.226788808304,13.957523915832933,20.829024812197584,5.95016714052487,1.0962875027246681,19.76560312504249,0.10176961796884501,0.3234472210646237,0.39138048648386586,1.0,0.5554252550351917,0.3001052894705414,179.67898763460727,25.90723363411672,1.0,0.0
1111,klf2,tcf4,1,0,50.77624082450927,8.507171478604889,125.18218510823992,259.3291808000113,2575.0529750122587,24.054426296715068,3.5790491017817767,36.12376471487442,8.236961830248031,20.57044277335242,0.09275634243130275,0.32800716796452645,0.5490415959690221,1.0,0.456285592435124,0.24248541837229357,141.07016715708232,21.141730452208567,1.0,0.0
1112,arnt,tfap2c,1,0,0.5344299007599949,1.7787344705580186,2.1434957907363854,11.71015643568919,1.8651308807171532,14.291444526683316,3.384851147666156,0.42777446975483474,1.5441787655158792,0.8701350797037947,1.2204315634184957,1.043666817564509,1.1201777777777777,1.0,0.03377594269538818,0.03171720695600443,0.3596441885950108,2.5154516007083445,1.0,0.0
1113,klf2,tcf7l1,1,0,25.459000448660653,2.669960225875036,182.17409917443922,41.72740108934919,3780.1345227958236,2.927874296972255,8.677429744540936,22.337336778362136,2.509394656287679,20.750120571070802,0.07016670630176358,0.33900256726933126,1.009384960983521,1.0,0.2725247785889593,0.17020360632204415,115.20887207624642,7.802648642981808,1.0,0.0
1114,arnt,tfap4,0,1,1.1716276121809663,1.227709154773714,0.555734565336358,0.5865719424233925,1.7356472738503281,3.8466579187321908,4.551032199315241,0.3769411940738954,0.39692842788206684,3.123158756194747,6.557862114645165,1.033179986992707,0.6114535324978855,1.0,0.09004255091156214,0.0181779871855993,0.6506784725939696,0.7492332286213721,0.0,-1.0
1115,arnt,tfdp2,1,0,0.740459203415987,9.039704802895129,6.748998459014884,6.991288827425974,1.890777832860283,10.087378999046786,1.9679643828136153,0.6672523229400139,3.942312538392777,0.2801568031675428,1.442849701685221,1.0376958963546365,0.6287327513431292,1.0,0.175285185693145,0.029622023163683023,1.0069622794035689,0.5447370011777893,1.0,0.0
1116,arnt,tfeb,1,0,1.1178243980509002,1.8055112054825861,1.901152918797873,2.4859706001725215,1.998922473576849,5.580670898321167,3.756376026130486,0.7039321246958538,1.0458969601588657,1.0514264548697099,2.2448660084451038,1.0471217847869383,0.876235035513341,1.0,0.07743440121077619,0.02040175184108073,0.4548332957073071,0.5035616076832299,1.0,0.0
1117,arnt,tgif1,1,0,0.6595359675585345,6.820101423964174,0.8869416235198022,48.512499203005866,1.5638973277244503,104.76721923481648,2.366371669037818,0.37825953975070475,5.979479748747149,1.763247192659838,2.1595922897397344,1.0192499031220872,0.32520624949125926,1.0,0.21402431103153224,0.047477313091215834,2.069159647975746,6.457710184413306,1.0,0.0
1118,arnt,tgif2,1,0,2.2150551608601114,2.040185278008145,0.36852774586063747,9.999999999998899e-05,1.9960154608837797,2.6046647244000165,5.958253751193534,0.3159601665056924,9.999509872460963e-05,5.416187745165308,26046.647244003034,1.0492356086819756,0.7014881772811244,1.0,0.11294962852325165,0.025624293168057043,0.48910231684359196,0.575314832398319,1.0,0.0
1119,arnt,thap1,0,1,0.5101946255239557,5.677973167246055,0.36674953412427636,129.98694500873404,1.436946162126322,50.368735085777125,1.738300388602397,0.21337007512391337,5.440333402143729,3.9180585888335444,0.38749072133661394,1.0047639762756104,1.0428396177685952,1.0,0.14224759073548454,0.02403507083237596,0.28753026147211713,0.4300298293950943,0.0,1.0
1120,arnt,thra,1,0,2.2901138549492863,2.3460677346625287,1.8652541352452514,2.1757708776802946,1.8254236844168799,2.0191012978414005,3.769493032461046,1.027982202348009,1.1288562666104087,0.9786460997052637,0.9279935302719338,1.0386450293798006,1.2320256399853948,1.0,0.08116321908204326,0.028480961412045355,0.8073341011693138,0.023119074282323418,1.0,0.0
1121,klf2,tcf7,1,0,12.02570518990946,4.256416007817789,180.37212848231567,189.43099105646252,3645.849480235913,8.434672988554432,15.263470112430127,11.274046075280392,4.162878294105741,20.212931515044826,0.04452636256355942,0.3314616174992486,0.6072418902348397,1.0,0.40139743043856463,0.2226076798652568,89.27164229847082,13.829397795689479,1.0,0.0
1122,arnt,trp53,1,0,0.10825165712484708,8.070076168851744,2.867555664977875,52.29872890585643,1.816401795142121,449.00449552251274,4.107178016189053,0.10431376061412972,6.991271821300499,0.6334320959576336,8.585380656779845,1.0444118191039748,0.27794532977205844,1.0,0.24189098943524287,0.0948545635766868,3.689241721994168,11.36189819090971,1.0,0.0
1123,arnt,usf1,0,1,2.124179306922848,2.7665472146394987,13.171521261680342,7.094439411035262,1.6408009572754052,12.339444343674808,3.7717342579836384,1.8291854485035024,1.9903790905593346,0.12457186415125461,1.7393121047000617,1.0269316655127037,0.44110042167474606,1.0,0.2219854603915279,0.04139557283393883,1.4033538458761154,2.119220572673313,0.0,1.0
1124,arnt,usf2,0,1,0.5702303091934621,6.932539572265775,1.767823343706791,89.34434379415929,1.704063070979523,49.00837497355436,2.95095116110987,0.43115625282203474,6.433353233442191,0.9639328935471716,0.5485336048408941,1.0306136485563233,0.7068528091973099,1.0,0.1363302638558981,0.028299381156436626,0.9829820871628955,1.0032629441904592,0.0,1.0
1125,arnt,vezf1,1,0,1.7352755143136238,0.42560080216213514,1.4698932840921541,0.10194008272651708,2.1668107212358425,1.2812127295132014,1.440523246168229,0.7957989063814157,0.08224155174254882,1.474127914377215,12.568292032393328,1.0523753499127753,1.1167774713311078,1.0,0.018309061450919793,0.023108321055026877,0.28301650276332896,0.062111828915370045,1.0,1.0
1126,klf2,tead1,1,0,7.166763299215636,0.9635188326214105,129.86110004594147,0.39467184817811196,2662.964410828426,1.2494821219913186,1.4706696759878923,6.791930802137227,0.27998554532950726,20.50625175580939,3.16587597458291,0.3357179485427315,0.9940311348540218,1.0,0.2907978656003656,0.13392887930615746,89.36358462671313,2.7844714324241395,1.0,0.0
1127,arnt,xbp1,0,1,0.6016706109892299,4.806209737943466,18.866087815460098,25.023285272480422,2.1634519413108335,19.977416097643083,6.30661192567303,0.5830753769515854,4.031820093163009,0.11467411593080577,0.7983530491742994,1.0440625450749774,0.6969415865519761,1.0,0.1410318655741738,0.029185896286318656,1.1108942544856328,0.2789489533506394,0.0,1.0
1128,arnt,ybx1,1,0,0.4933040673579283,5.4746708752913475,0.3488007756801767,37.86753491701676,1.423390599929834,1779.0070728963765,1.8801992246323422,0.20432710102920718,4.783150435921314,4.0808125989804935,46.979743381630406,1.008955997759514,0.2876380781641278,1.0,0.22379070522184105,0.18724302052108743,6.284559673535769,60.73780235704898,1.0,0.0
1129,klf2,tead4,1,0,7.94643283888279,0.23348952987621152,99.4905348681386,1.9416946696652952,2196.242327398881,3.1981362625043825,3.5535396042394325,7.358685472119124,0.20842619934387976,22.074887126797606,1.647085050223509,0.3590868800753902,0.6895835849306168,1.0,0.3829767855682131,0.19502612959738788,148.2169164751348,8.92305006735107,1.0,0.0
1130,klf2,tfap4,1,0,8.332328987573002,0.0249376935200456,111.43915520624466,2.6123133856930503,2338.849708312164,3.811027520803815,4.021142928634617,7.752660906940393,0.02470188413390051,20.987683404307635,1.4588707241925127,0.33403388813405066,0.614268267512504,1.0,0.3712080717308596,0.20194270143851098,109.60632707663032,12.176304065969319,1.0,0.0
1131,klf2,tfcp2l1,1,0,12.47533034009017,2.595944584124508,204.0522065126209,183.2530621369115,4011.248453260787,26.476149753034186,16.681006411630513,11.756558633929576,2.5596843511389173,19.657951863474143,0.14447862122627672,0.332820343849447,0.2788583449626974,1.0,0.5180956302739615,0.3189970764498448,238.45532917274093,38.84029679377814,1.0,0.0
1132,klf2,tfdp2,1,0,9.035715242438538,2.4657825015011485,130.71306963524634,126.7328266174168,2718.463877827054,8.59586119704272,14.983877660521284,8.451494420669711,2.4187225262725223,20.797184898288315,0.06782663518578379,0.32435740033703314,0.6208112480886245,1.0,0.37171010672763727,0.21326065106836584,99.07808341532083,10.961894029329686,1.0,0.0
1133,klf2,tfe3,1,0,63.60545927095595,7.289759551835203,108.64205154492869,235.6810082997046,2356.1431916955285,12.559910493460187,2.7917516093606736,40.11801129620039,7.071047668123981,21.687211887021025,0.05329199235896145,0.35358247630503753,0.8953221045519224,1.0,0.3057878224129668,0.17396418791567553,118.26979678808135,7.94509944268066,1.0,0.0
1134,klf2,tfeb,1,0,0.19242884480441091,3.5279973263426667,195.97090502290186,232.42940785378218,4021.8217173121043,6.756785257495215,48.01844610549615,0.19224007935277085,3.475247275437592,20.52254500147407,0.029070268344639962,0.3390192814757109,0.8928436546254428,1.0,0.39903701180013584,0.20753544438787516,120.15243770057819,15.173771504187783,1.0,0.0
1135,klf2,tgif1,1,0,57.6425786911186,8.68077331843073,137.635999717895,264.58400533599433,2723.087093793468,64.43303265127287,3.4988979491216146,40.62756913281247,8.405012110648899,19.78470094579057,0.24352580409934296,0.32266988284522313,0.3157679356111879,1.0,0.5788085409595418,0.346826502812221,235.62791281578205,48.58626815553286,1.0,0.0
1136,klf2,tgif2,1,0,6.083797455873727,0.7523204477054954,111.66092287796855,1.168302923156599,2391.5296556984435,2.5213721749388913,2.323971076637065,5.769451374120306,0.4576317207940096,21.417785148633303,2.1581493335020334,0.3442055566161503,0.6986214538677993,1.0,0.2769683480262732,0.17742853633002376,65.33358022972106,7.959623086111173,1.0,0.0
1137,arnt,zbtb7a,0,1,0.8341306958643154,1.3278167679713337,0.5691357000447584,0.8659767847253644,1.5898513982482878,3.771485681572442,4.070060183168759,0.3383060827962131,0.5241416148838568,2.7934487295793557,4.355181048841314,1.020239443529935,0.7593235898127969,1.0,0.08171961715339598,0.021344445959899358,0.8024627386007436,1.3437144665627128,0.0,1.0
1138,klf2,thra,1,0,6.375668030031342,0.6171047095553426,113.03128275125931,0.8676271644498728,2496.5301857338663,1.3103807407734493,2.2432549019843577,6.03524276531105,0.36061515125678745,22.087072932082176,1.5103039582725706,0.34999814143268854,1.207390791027155,1.0,0.27531374576680967,0.1451280371170852,96.41595085234985,5.852391868821117,1.0,0.0
1139,arnt,zfp219,1,0,2.067507917475786,2.6902199814775463,9.582048482347055,10.737015883609216,1.5429134895243293,9.42445447994187,5.407503335373834,1.7005764359568787,2.151219726960584,0.161021256818605,0.8777536125590483,1.0242919304308225,0.5322916179999575,1.0,0.11616831088085817,0.024097908824595827,0.5761444610041008,1.0197456825518112,1.0,0.0
1140,klf2,thap11,1,0,95.01627467856763,6.021861311233386,150.07038758974463,291.0670134234676,2966.782530870554,50.6738123324719,2.628104178315496,58.17994760047729,5.899800821138926,19.769273462403554,0.17409671998368148,0.3177796687446887,0.48779728643383347,1.0,0.5283730002279542,0.2622439323822132,158.41047346777592,24.720698182749885,1.0,0.0
1141,arnt,zfp42,0,1,0.42331533118227993,6.140045669052844,0.2512250842324932,137.99401033067204,1.3945120735707084,1516.9454295461016,1.6316407832775326,0.1576590924767366,5.878482497486184,5.550847272401247,10.992835311555034,1.0028436719360805,0.2566296089624649,1.0,0.2462919519308499,0.10872611091798938,3.6121827390825683,38.21966511537185,0.0,1.0
1142,arnt,zfp57,1,0,0.6348189871861201,6.465029819065534,2.1719561503755203,8.02653930139539,1.6951629953644245,30.663431116001913,2.896686425864716,0.4912395671253775,3.5808279625258517,0.7804775409813588,3.8202555254007375,1.0328487322341453,0.3338850616277339,1.0,0.1628173042622092,0.04571360136844005,1.3989842106163228,4.577390129390028,1.0,0.0
1143,klf2,topors,1,0,29.5356486828187,6.169979280656195,180.90242720349698,198.7628585030118,3787.981437882808,34.617975939136386,7.332054593280631,25.39022709292468,5.984217717329224,20.93936215472505,0.17416722721670772,0.3389457896716133,0.28637314774935774,1.0,0.47603885126078266,0.29846811686480745,182.09581127157088,34.38342809554359,1.0,0.0
1144,klf2,trim28,1,0,16.434339039261527,7.869491298561627,238.78465943851776,271.1343657380957,4696.9626920676355,132.98161620695413,15.206477789779456,15.376081224332792,7.647527007616357,19.6702866218967,0.49046389174955685,0.3287143282386489,0.22848053200363191,1.0,0.6933104610447027,0.4983387613434381,361.85238881321766,161.47793603588414,1.0,0.0
1145,arnt,zfx,1,0,2.491445073231656,3.1146401150709293,0.15499634100029744,0.40364729443529224,1.6107275886824908,2.6219970467055362,5.718518399164898,0.14591854105570556,0.35733750807028397,10.392036213805845,6.495762718721412,1.0232496824690838,0.7858216968191095,1.0,0.0954882284590965,0.0200648490549838,0.9910805660378472,0.14449793103079467,1.0,0.0
1146,klf2,ubp1,1,0,11.547239143418635,0.288563410114381,284.48636727787147,4.586100909553731,6088.01664468543,3.2200237795044293,3.6821206356448783,11.096821593035711,0.2714814458607871,21.400029473957087,0.7021266742728011,0.3400934239707002,0.6086077648410873,1.0,0.4171518937502884,0.19552736145116298,112.58789141996016,10.0165458544043,1.0,0.0
1147,klf2,xbp1,1,0,34.730025681815725,7.7546736966765435,283.6985681940361,323.3146955239576,5971.171954235394,21.3355498988465,9.388592967254924,30.942128781043554,7.573035134693326,21.047592845626916,0.06599004064529303,0.35185539352508804,0.6939209591527514,1.0,0.3022225776853757,0.2066226847198473,105.55124128343428,14.51535542713672,1.0,0.0
1148,klf2,ybx1,1,0,98.8527771752899,6.466618978694225,137.48929981036306,310.2279904635263,2615.9436985993366,1920.323239875893,2.434573413938338,57.50647236194635,6.334576437492595,19.02652571660099,6.1900386132361795,0.30521147761782946,0.25014510224833236,1.0,0.7727019632049961,0.6786285292056852,627.762754683393,884.3239839566008,1.0,0.0
1149,tead1,tead2,0,1,1.287961284488478,7.894151323768842,1.569716721322683,19.259332766710163,1.427581897641049,23.359684194407098,2.683663272767312,0.7074745162214066,5.599137361107153,0.9094519273758722,1.2129020500016703,1.012813502091784,0.5274260597623998,1.0,0.17997526476372222,0.032217804016232164,0.5366904906925166,1.5099822895173007,0.0,1.0
1150,tead1,tfap2a,0,1,0.00010000000000000014,8.005118336950455,7.464522235350871,0.29375099399459703,1.7378698886701707,2.8771546686129508,1.0367092837926235,9.99986603474786e-05,0.28335323460934503,0.23281729679092875,9.794535941777513,1.0249326111215857,1.1950729467669134,1.0,0.15525133113205494,0.03450621079716476,0.36017901540219355,1.3196757136152355,0.0,1.0
1151,tead1,tfap2c,0,1,2.560477115431629,1.126093393932469,2.1256825302780893,0.9483116922504573,1.988965334815656,3.5882419752225103,4.00251276769412,1.1614545565968533,0.5147921874782713,0.9356831542269167,3.7838212947761742,1.0407747300623187,1.0261207500690184,1.0,0.061704865492906276,0.02012537342639055,0.29382839867058275,0.4635583321572443,0.0,1.0
1152,tead1,thap1,0,1,0.4054866345687788,11.851390691407195,5.22296982947327,24.23549492114764,1.6843368942000239,9.789921394275584,3.2813449071530933,0.3762744674561212,7.959243753919527,0.32248642997998844,0.403949720281264,1.02169571638057,0.9910781353284055,1.0,0.15464231537627904,0.026443765488849018,0.1950337087395514,0.7069091091369654,0.0,1.0
1153,tead1,xbp1,0,1,1.437068203669988,5.95475105377356,1.0979439532767326,107.49746167478156,1.351147955580074,67.42641312898286,1.7942564166984312,0.6224113522856297,5.642204834888818,1.2306165096566841,0.6272372582431014,1.0104207229787912,0.7015469072467806,1.0,0.09862677442347073,0.0173863947458137,0.481247024540963,1.342681803665127,0.0,1.0
1154,tead1,yy1,0,1,0.8391714068275598,8.980523701093642,28.497666851073657,20.99993480049599,2.063988254887233,35.84472554241504,3.4357082634875677,0.8151671619308799,6.290444563657221,0.07242656971440704,1.706896991964396,1.0344853494604167,0.45565681058020807,1.0,0.2505620623980602,0.04852603369723019,1.4150078386536051,5.577849758460238,0.0,1.0
1155,tead1,zbtb7a,0,1,2.978160437316619,1.2301079020799075,0.5146992445312137,0.2635025350966205,1.8189538645314007,3.3010649789742903,5.196497389063052,0.43885442497039656,0.21701545635499048,3.534013084064457,12.527640304347976,1.0280306494298264,0.7403961603113128,1.0,0.09826528903402494,0.019322542815734464,0.5998411757401623,0.6640899216760779,0.0,1.0
1156,tead1,zfp148,1,0,0.13944580363718778,10.394866538475153,11.667906686777103,0.0005211509698704019,1.7123008388865943,2.929406092704547,1.0120019643838387,0.13779893723188585,0.0005211248430590207,0.14675304532792458,5621.031643542795,1.0212301313773817,0.8244831734749066,1.0,0.14966936090922978,0.024658085104754826,0.540675185730987,0.6904608056920023,1.0,0.0
1157,tead1,zfp57,0,1,0.5728251020990687,6.597608488028183,14.10450045529752,4.364681598453419,1.4794866799290545,23.37651023692891,1.7290357751122372,0.5504689448882988,2.6268653843604914,0.10489465292429927,5.355834030416363,1.0175839757025331,0.3263976816481458,1.0,0.21143319682353842,0.04326021294253339,1.8753938641594274,3.7799716231245517,0.0,1.0
1158,klf2,zfp219,1,0,23.36767445152085,5.600243068291949,125.17801501767082,153.25631198569104,2559.4234907863874,12.220580716094705,6.579997240674906,19.69171312794767,5.402815128265839,20.446269981394778,0.07973949364797252,0.32992548688054735,0.5318515678685152,1.0,0.4036239710807092,0.21386091777488184,99.85191405395224,12.854559358374415,1.0,0.0
1159,klf2,zfp263,1,0,5.982329237557098,0.30669546568462025,304.8602934049796,0.035522696037783644,6502.294873676251,1.3551320865652343,1.1376935599109856,5.86719617503727,0.03183539339013412,21.328769322669828,38.14834564144148,0.3458460306743481,0.7926085179185152,1.0,0.17986909702024775,0.13980823308483686,39.66496333468103,5.069657909143657,1.0,0.0
1160,tead1,zic3,0,1,1.0989804661773002,5.946684346903874,5.392647617586419,0.09047554794964643,1.7120598240035443,3.4994564976816385,1.2221074139741661,0.9129319049450244,0.08911964137778855,0.3174803816997427,38.67847807486325,1.024872737719783,0.9625776229855402,1.0,0.12153336363691485,0.020332417107374965,0.24286389060768018,0.3543079717603248,0.0,1.0
1161,tead2,tead4,1,0,5.648719383149489,1.2034794483231104,37.72598753707161,27.509268681429926,40.468374835553156,3.9949251690173377,7.795401637031677,4.913082581539347,1.1530362522907787,1.0726922600975448,0.1452210604098721,0.5454173235163614,0.7151737695342635,1.0,0.22288927318425103,0.055442598241841216,3.1025798099276978,2.101966528652321,1.0,0.0
1162,tead2,tfap2a,1,0,8.960788702637343,0.07620372366280923,25.166553955113802,2.47544492313451,30.073970791645685,1.8556699800875265,3.9257609037299797,6.6079616753892685,0.07392793717967942,1.194997568808371,0.7496308896817631,0.5458243281645957,1.138504606434381,1.0,0.24684592377449768,0.04416825620910232,2.956123126137853,1.4313416258797345,1.0,0.0
1163,klf2,zfp42,1,0,78.75239124250402,5.423958980682426,195.4059909672571,281.44073128289745,3654.9850083331226,663.7492209547195,3.5426158185170067,56.1306531200954,5.321404250098142,18.704569856026392,2.3583978691681793,0.31141940287518866,0.22451509333958447,1.0,0.735984684688873,0.5451585355126496,412.58488318095823,286.23325839032987,1.0,0.0
1164,tead2,tfap2c,1,0,1.3069627015188865,1.126457482058083,40.14863731542131,24.825641870761714,41.796689580438205,3.416954436934341,17.574185977777677,1.265758340649341,1.0775633081558564,1.041048772143105,0.13763811041512863,0.5421915199305022,1.022448216699096,1.0,0.19699549880640216,0.038697284216981105,3.3618527574071773,1.686537829783902,1.0,0.0
1165,tead2,tfap4,1,0,9.039584209752702,0.2041250137291093,15.821347507431327,3.7501575259931887,21.746861273269122,3.8462977475673266,2.8999276287931486,5.7527370547553245,0.19358782504536004,1.3745264910624437,1.0256363155168198,0.5409564757337787,0.612062409658277,1.0,0.2716701793531852,0.05479712715156326,3.2433801121697874,2.279922612384375,1.0,0.0
1166,tead2,tfdp2,1,0,12.725051535581759,4.321211426293303,77.93676127250554,105.13061147502816,72.77089441233441,8.25328701170616,7.354018008545438,10.93899705941572,4.1506078886294056,0.9337171987156524,0.0785050794997666,0.5341262507761297,0.6153639761392043,1.0,0.3784307609486957,0.07694078675613936,6.812907654208436,2.8574003418620775,1.0,0.0
1167,tead2,tfe3,1,0,7.115499094050596,75.47994993836072,255.85924387952616,96.38836877494654,32.853242558871294,39.42013041072717,2.335251623396289,6.92296985422728,42.331182990794595,0.12840357870494046,0.40897185948615544,0.5444966020477641,0.926340243933234,1.0,0.2625272211946632,0.0540337738377512,3.982929356667677,4.522186222242219,1.0,0.0
1168,tead2,tfeb,1,0,0.5284202866365595,2.274539551407755,150.3091479554944,161.8130445633264,143.2940449608541,5.747958806546036,41.49699701408655,0.5265691032570924,2.2430104738189183,0.9533288353366395,0.0355222214751453,0.5486599185230462,0.8719143611219544,1.0,0.3077581870888774,0.05780655179132749,4.109355962562901,2.947327596563641,1.0,0.0
1169,tead2,tgif1,1,0,3.9076047733929933,38.48645930641611,101.01787022131609,47.501118211507254,22.37882372338369,108.17987996052646,2.3176017741111465,3.762078864972625,21.26062747465322,0.22153331558421102,2.277417543705732,0.5237307685692416,0.32661990824279186,1.0,0.37966833763540436,0.0949248347705192,8.41152282367906,11.29007777616998,1.0,0.0
1170,tead2,tgif2,1,0,5.930616309873816,0.7049500215358503,19.050353265366546,0.8790670381854095,23.827244247154205,2.419513564757031,2.582587097305641,4.52265615408379,0.39121947815972963,1.2507507821638155,2.752365245944663,0.5395114032951871,0.6957667925508194,1.0,0.18768679041876674,0.03800982144026427,3.8474253338316027,1.1402416796032944,1.0,0.0
1171,tead2,thap1,0,1,6.438453693182277,153.63772901575737,233.699938161081,39.67278323632073,42.21202562438826,18.80439758296966,1.288644924481062,6.265829542420036,31.53080631339128,0.1806248900044339,0.473987354780647,0.5503969387755102,1.0130326686660105,1.0,0.30342874640658324,0.05462024134609805,4.723877822646669,2.822955083553703,0.0,1.0
1172,tead2,topors,1,0,25.85556323798459,2.286548326009763,24.3191188410591,47.103022152046286,29.883483125396296,30.28703777588118,2.0347783271650433,12.531908305796492,2.1806898786377413,1.2288061636074832,0.6429956379044233,0.5313597737840162,0.28614324478373165,1.0,0.3057510154663907,0.0752273308191588,7.0314871588398695,7.2177844607693,1.0,0.0
1173,tead2,trim28,1,0,35.88750634896369,3.807793766686949,41.66428455329397,86.5013105296334,43.834943138821856,173.29949244597145,2.2560950710789185,19.280370692094987,3.6472419210829305,1.052098784577744,2.003431987155882,0.5305501225879798,0.23758246383401727,1.0,0.45907096111262385,0.17798121722151083,15.472771335675969,52.039397642953936,1.0,0.0
1174,tead2,ubp1,1,0,8.944765913303753,0.8818186111354265,95.93804155103437,3.1111368700373507,92.61200448264783,3.0481185808994127,3.0654574707707525,8.181925566271614,0.6870746259817475,0.9653314054090082,0.9797442890588155,0.5471383455630244,0.6029720646922915,1.0,0.25515844836500107,0.040721792183464486,4.391857173116761,2.1542317721536204,1.0,0.0
1175,tead2,ybx1,1,0,3.8059557723879185,24.706747329300082,77.84784798507694,39.15572872791089,14.707603501295125,1812.6732264619552,2.711190214360642,3.628556818820509,15.148343063123006,0.18892755396545455,46.293946897477866,0.5133448608335021,0.2753818200189387,1.0,0.5669277829388003,0.3120576924931851,21.913821947782754,341.3564539221281,1.0,0.0
1176,klf3,mafg,1,0,2.234688495573093,13.669554199098224,28.54399300195708,10.999798057319989,17.383753332301453,26.0745782177822,1.9459813877019556,2.072438768512905,6.09510676084133,0.6090161713222659,2.3704597195246198,0.4094095171771261,0.37725838505067455,1.0,0.4463514194750723,0.11327932821821934,9.477931236411726,11.35344751872616,1.0,0.0
1177,tead2,zfhx3,1,0,7.673199328586974,0.08593471045332778,45.4636709436939,7.360903850920321,47.490289029945124,1.9215064154775598,7.005841150877174,6.565155372770072,0.08494304474178654,1.0445766486556083,0.26104218373091737,0.5391214976103469,1.1556518486593386,1.0,0.125890498389488,0.02615088361867679,1.3537183392329015,0.5012401290280543,1.0,0.0
1178,klf3,meis2,1,0,1.418376145374197,0.2682727092017272,5.675322516098977,1.880829029779046,17.770404315119258,3.5955248221353786,5.555246403954926,1.1347736150478285,0.23478418457907863,3.1311708303291326,1.9116702077688421,0.4124941658540452,1.7962740493453024,1.0,0.15500849977487044,0.03955903741439503,0.8560382713473303,2.1541744734226738,1.0,0.0
1179,tead2,zfp110,1,0,0.00010000000001220144,1.8481701664673031,37.50528137145295,73.55179949652586,37.068741299846245,1.7193265759976637,13.722928318671961,9.999973338379674e-05,1.8028686500411466,0.9883605706811474,0.023375724153137465,0.5377981438136851,0.6505320711973297,1.0,0.14934656497202015,0.0396231875281747,1.7755749983559794,1.4556908731234413,1.0,0.0
1180,klf3,mga,1,0,1.8934067344861585,10.919715355558633,33.793970434882155,22.832625974026236,16.813885439728466,41.770251735211204,3.2641342393652586,1.79295135371711,7.386917962866184,0.4975409880329766,1.829410764347819,0.4062504915934907,0.36475556180747926,1.0,0.41633735608908357,0.10137216000252551,9.960419559625155,20.10486076672495,1.0,0.0
1181,tead2,zfx,1,0,9.23376610528103,1.1136091151566745,12.55120337038477,2.2776889633938575,17.281543442706923,2.0750910200898365,3.5127644461036667,5.319946690373128,0.7479304774681611,1.3768833898017812,0.9110510932089072,0.5162012083642823,0.7644915279874809,1.0,0.23409222986103184,0.03839642293838427,1.965201191582755,1.2597777685505034,1.0,0.0
1182,tead2,zic3,0,1,6.207540808488257,1.2473767505009525,27.665071756295802,23.90323828809197,31.899417244543432,5.129257451044434,5.7414429581599755,5.0699384810814605,1.1855115135951053,1.1530574554640007,0.21458420776400447,0.5458126416752842,0.9859851607584501,1.0,0.1434321300810917,0.0304781768717527,1.5171623579082367,1.706837591461451,0.0,1.0
1183,klf3,mtf1,0,1,3.0074221602507123,15.837475141087317,47.00354934354612,25.027409279675243,18.185553831599908,6.80875417617112,2.7453579175901583,2.826570083636276,9.699549574922747,0.38689745956593163,0.2720518971853994,0.4117179767945523,0.8806429365246693,1.0,0.27000739758938386,0.0510841984058346,3.466629427618596,3.728525917473192,0.0,1.0
1184,klf3,mybl2,1,0,0.00010000000000038177,6.760442982685884,368.8625352893472,596.8933613641143,16.244377575309006,3297.3903569678546,87.77717464904941,9.99999728900186e-05,6.684731392709901,0.044039109481710886,5.524253694884696,0.40175565093236254,0.2543760431162485,1.0,0.5096793640153237,0.1678166571799806,22.475742116195505,42.86354781783824,1.0,0.0
1185,klf3,mycn,1,0,1.462009639614984,11.04738476114754,19.242535087635325,8.103873267199237,18.07254013915574,37.2290345086977,1.865267940198456,1.358772779568798,4.6747114944519454,0.9391974631642279,4.5939803451003804,0.41093727856415163,0.5601664825987351,1.0,0.36693264973419176,0.1107608779654833,8.500920557192634,16.041093570536177,1.0,0.0
1186,klf3,myef2,1,0,0.0001,6.171505654641533,11.015481361059775,4.813676988842631,21.07372817923462,5.335740415664589,1.6982884476858153,9.999909219498525e-05,2.7043368982017917,1.9131009792936697,1.1084541875227651,0.4198194633368992,1.4200455833261396,1.0,0.14544117600260772,0.04524474766435376,2.879360190948227,2.488328748192086,1.0,0.0
1187,klf3,nfe2l1,1,0,0.0001,5.468056699508918,7.416351436697867,8.548197767273136,16.646633880753146,1.664567938083842,2.5633320490309015,9.999865164626433e-05,3.3348445678438368,2.244585362875558,0.19472735463101448,0.4070182059044674,0.8322548339578107,1.0,0.22525208098370786,0.04219553446418892,1.7986983340290663,1.1734846962163519,1.0,0.0
1188,klf3,nfe2l2,1,0,14.728093202696504,0.20415165588378378,0.545446464398827,15.771426392506031,18.620925769224336,13.75071336743793,1.0338719749980179,0.5259675582637857,0.20154280514462122,34.13886968677613,0.8718750622310062,0.4145569081225289,0.31952772351881104,1.0,0.3230458281245046,0.07862496507115421,5.079144045182385,5.658582912675973,1.0,0.0
1189,klf3,nfib,1,0,4.589536299680311,0.5489048303396471,5.587334489756975,9.071655218780862,19.679907395247216,2.704791578671461,2.3515783378733373,2.519760247502691,0.517586849761402,3.522235411415866,0.29815855138230857,0.41855577470962074,0.8167532586838694,1.0,0.1932010995954553,0.040403254885226204,3.9409747010906164,2.3780852559605563,1.0,0.0
1190,klf3,nfic,1,0,1.1665720238724644,9.010073562247262,22.36413107103784,18.650570448406395,18.953468674568892,6.143449790259065,3.2301064955634313,1.108737360734997,6.0751662778818085,0.8474940794419754,0.32939742016223394,0.4170666645400058,1.2308476205736258,1.0,0.14830094650972855,0.03385920184472992,3.851831688430866,1.9456031999269732,1.0,0.0
1191,tead4,tfcp2l1,1,0,0.22355931865108594,10.627204912260545,3.5172503434789695,19.978160024995532,3.367535107637301,41.240068350889814,3.0629569320557053,0.21019890380247816,6.937084422643536,0.9574340120204288,2.064257584246627,0.6974157130569999,0.2899887626252132,1.0,0.32004358187000437,0.06840061859976371,4.567885121634426,5.46688701810139,1.0,0.0
1192,tead4,thap1,0,1,0.00010000005724952743,12.962860688683119,5.4042201757379535,134.9662177645915,3.5981569503992805,50.984349840382784,6.3978245687118545,9.999820687591435e-05,11.826939617645806,0.6658050252195632,0.37775637996546546,0.703571067586083,1.0436603598996759,1.0,0.2476664760451986,0.047956815876050475,0.9338690937953181,1.5745951614259541,0.0,1.0
1193,tead4,trim28,0,1,0.33381304221612695,8.707465524453173,1.640458383281275,23.8498211966499,3.073175457550558,208.6647064844228,3.9034770893159134,0.27737138697335223,6.378648737322218,1.8733638651676954,8.74910988908098,0.685634791387926,0.23923493724857994,1.0,0.4339388494754054,0.13430955845474138,6.681962292242166,50.35484614138586,0.0,1.0
1194,tead4,usf1,0,1,1.6609739819241978,9.181395037258923,7.73280918992245,1.9599289846573256,3.395091203625994,11.039481349892554,1.4741155072338274,1.3672867083135607,1.6151475549687553,0.43905017183800993,5.632592525704547,0.7000745645335236,0.4340064917854476,1.0,0.2832648178626515,0.05863128372543048,2.390771438313865,3.1287213420553464,0.0,1.0
1195,tead4,usf2,0,1,2.2470206849676995,1.857387227212823,100.86766896257727,84.62705037949756,4.593293418322452,45.05286768781486,21.32346012160926,2.1980548007088125,1.8174969601626774,0.04553781668164258,0.532369584970549,0.7310989619377163,0.7039031141868513,1.0,0.3158586902222315,0.06449417305545449,3.67487404041679,2.531358233029839,0.0,1.0
1196,klf3,nfyb,1,0,1.778625654251567,11.85063235218219,29.217319267216492,16.97402594637276,18.316860649796514,33.67417352790613,2.580400751302439,1.6765636191699798,6.978502188764861,0.6269179072273438,1.983864855296871,0.4113708559404635,0.4062193533657464,1.0,0.37696594569759356,0.10201623540298847,8.575683239528717,10.04240270072186,1.0,0.0
1197,klf3,nfyc,1,0,2.2134474058943567,14.654379551652625,25.597266660384825,7.808538332209861,18.67485546278321,25.08988046952825,1.6653950937202815,2.0372797099846363,5.0941416006350035,0.7295644378969975,3.2131340594223183,0.41395526889187134,0.43995108743121675,1.0,0.4329567891387757,0.10682142660270773,9.525254288825817,13.256601512181879,1.0,0.0
1198,tead4,zfp410,0,1,4.449942333843623,3.8160346501686515,0.24375909155949088,2.4476537732091734,4.1592857958493505,1.572623877171483,2.699238361178528,0.2310998937681007,1.4911871374893961,17.063100166806503,0.6425025852858188,0.7181288285503825,0.8445787012926798,1.0,0.16557205294109542,0.025700602698506422,0.44614815410174735,0.6737309128967903,0.0,1.0
1199,tead4,zic3,0,1,1.9831651769213812,1.5290266805973127,3.2536065638537126,3.2144194804220323,4.182707361779664,3.7074299353311564,3.896467368806718,1.2321406309533915,1.0361524050988367,1.2855602789371938,1.1533746475567013,0.7240644333786028,0.9675131950130371,1.0,0.20488843070218793,0.035027350930738374,1.45698944324528,1.411360871527874,0.0,1.0
1200,klf3,nkx6-2,1,0,1.5974548548431613,8.298785455440893,51.96345528778755,45.57968483678017,17.58450307343308,293.02116619186125,6.684956631511334,1.5498107426265004,7.020541294797365,0.3384013433295647,6.428766834197373,0.41061192888730386,0.5076137563658635,1.0,0.40100679215345103,0.16268936570069847,15.600369745410951,40.22241986070476,1.0,0.0
1201,klf3,nr2c2,1,0,2.618742198003371,13.807266086320043,38.569949729360836,22.232560687601865,17.08886636882127,5.8520150798220145,2.7874298296787887,2.4522447838175263,8.51754596712154,0.4430616707755937,0.2632182213309072,0.4095983261358571,0.9504730914332322,1.0,0.23627532936758214,0.047159759552351306,4.039788827785157,1.2058182978595438,1.0,0.0
1202,klf3,nr2f6,1,0,2.169304990580367,11.977351039853104,41.18344678438137,24.342275136255804,18.148279319019956,15.960285493974652,3.192085916651914,2.0607563068293446,8.027504826231105,0.4406692672916976,0.6556612068772129,0.414695122038153,1.0309850857157783,1.0,0.32990560255210094,0.06733111228333594,5.869097546459432,3.445577550645986,1.0,0.0
1203,klf3,nr5a2,1,0,7.507669247760381,0.5602932366989969,4.46099142111045,13.286574435455632,19.556101779792318,4.347832692006094,1.6614181229196823,2.79827869077297,0.537621790815107,4.383801700951113,0.3272350381302022,0.417867206829528,0.506027530472981,1.0,0.3205012927130263,0.06489975149069689,5.580050355553552,3.285427743964477,1.0,0.0
1204,tfap2a,tfap4,1,0,1.517169384124251,1.7097465321346095,2.4280115405171703,2.147127270894706,2.9314273546875698,3.935728766957812,3.665387380777106,0.9337226464228184,0.9518183878820493,1.207336664496731,1.8330207157761065,1.1956179266636486,0.6159875957403924,1.0,0.14633912994044962,0.03402135549345101,3.0023621857432956,1.6978305238677596,1.0,0.0
1205,tfap2a,tfcp2l1,1,0,0.3956374499666472,9.9131333306291,3.5788343262613327,12.974412800830265,1.8787577838556493,32.09499586708978,2.5640477474237517,0.35625385369799606,5.619522654045675,0.5249636089799982,2.473714715245991,1.1425005225596463,0.28718012126684206,1.0,0.23951608176382824,0.04468438553068588,1.5736812341164694,5.8016896980187385,1.0,0.0
1206,tfap2a,tfe3,1,0,1.8515228366069771,3.3397608558088585,22.574653861268306,23.271903999261202,2.5324064662644274,10.717940794812318,7.6559961772950516,1.7111759924455108,2.920621255384045,0.11217919361365349,0.460552810597387,1.1839633015992712,0.8975094803005683,1.0,0.1459089404160866,0.023863147992291372,2.9985690022634093,0.6908716614226237,1.0,0.0
1207,tfap2a,tfeb,1,0,1.2327505601205684,2.895581318336809,4.908423225471052,3.8771313906743683,1.8557105675694185,6.9781043403750465,2.9264174157535336,0.985293966880523,1.657614859203588,0.3780665363042996,1.7998111586208871,1.1385046064343811,0.8911989210284665,1.0,0.16895019219516072,0.02447130186703911,0.871914305459644,2.0138956942412247,1.0,0.0
1208,tfap2a,tgif1,1,0,3.0497868391149474,1.7078633974643305,85.02229197899044,80.62374979602106,3.068615911529905,169.86794002482415,21.586193483054007,2.944177889163301,1.6724359684214463,0.03609189825520324,2.1069218493879514,1.1991155089719598,0.3358281789549576,1.0,0.3131928193834656,0.0606137210019282,3.8055005316401194,8.888282707367114,1.0,0.0
1209,tfap2a,tgif2,1,0,2.1082380102333804,2.7402654043160433,0.47588257729963407,0.12996973077782828,2.253543129839485,2.6133094865663966,4.290735523969513,0.3882457121819961,0.12408445304851477,4.735502490187967,20.10706239773334,1.1566686821754766,0.7024277895093423,1.0,0.1454666391508351,0.023088079489882233,0.5160628972136476,0.6596954322316777,1.0,0.0
1210,tfap2a,thra,1,0,4.073948034677945,1.7002584802977512,5.674122136502802,4.082943108054961,2.2820944382507085,2.409556166737526,3.38215632917341,2.37134923329427,1.2003833063721858,0.40219339368279067,0.590151785848761,1.161136005607216,1.2366552671484496,1.0,0.18202904221803162,0.032042186565430716,0.3626590491651041,0.7536918469425002,1.0,0.0
1211,tfap2a,usf1,1,0,1.4586500373102989,9.506700075178685,6.563562197484261,6.593253342267877,1.9310763121481094,14.624516623167887,2.069900022240972,1.1934289400527265,3.8931840620537113,0.2942116268644897,2.2181032434190526,1.14530776041243,0.4427980674500194,1.0,0.2276581855351409,0.04275856497148457,1.4057644696044889,2.561586043914637,1.0,0.0
1212,tfap2a,usf2,1,0,0.985801663788299,21.80313790303171,12.7399601200963,79.64849353877962,2.154463423353738,43.577098447730236,5.013123994175796,0.9150001348364581,17.11738947629226,0.16911068818459163,0.5471176730607368,1.1586324849029528,0.7032862019471203,1.0,0.2734791016244366,0.04327950186188378,0.9849240085788005,2.703368573572161,1.0,0.0
1213,tfap2a,xbp1,1,0,9.999999999998899e-05,7.084914510786609,3.9480379590567694,164.53508383736002,1.9884011658288945,113.70380117910173,6.46082721005051,9.999746716043178e-05,6.792431035036145,0.5036428693061366,0.6910611313237965,1.1455854158017251,0.723803907966239,1.0,0.11322466114460314,0.0283540034960571,0.5375912399825036,4.56482536890604,1.0,0.0
1214,klf3,pknox1,1,0,0.0034478470256791107,4.553364836000127,7.569078167040936,8.486545288358743,18.91183606704474,1.5268000763476026,2.8651009748982683,0.003446277186355957,2.9633898183815264,2.498565300777988,0.1799083165728181,0.4131125263930764,0.9688944858406716,1.0,0.2590991998357269,0.04217043506845396,3.2514176009767435,1.4100284772651013,1.0,0.0
1215,klf3,polr2a,1,0,2.1923974955507206,12.880388676593375,23.976585330856985,7.894039544410305,16.647123190404706,5.792681945229814,1.7603524385061156,2.0087217749320874,4.894396922924813,0.6943075071236465,0.7338045258883404,0.40773663334609583,0.7797542131577033,1.0,0.2594836235129628,0.053506960135078344,4.051999239778833,2.2199749246525124,1.0,0.0
1216,klf3,polr3g,1,0,2.1080124749915434,14.999473620291088,25.329271201796654,8.060953860381106,19.57349423767623,14.233545778960114,1.6653662330290215,1.946053417853561,5.243184016623684,0.7727618407073569,1.7657396414234257,0.4137303326492517,0.6663376242756762,1.0,0.35860117635262706,0.07810365580809515,6.8763605164625705,6.954979116199242,1.0,0.0
1217,klf3,pou2f1,1,0,7.080912796570789,1.1446103692376346,4.324541646224818,12.630925091830017,19.131253577643182,3.2957622908393063,1.7566965923697866,2.6848296519564974,1.0495045999505528,4.423880064687118,0.2609280212556311,0.41743541994337846,0.8433160633381277,1.0,0.26542104280935414,0.047558057179957675,3.092334618278432,1.6518362243394902,1.0,0.0
1218,tfap2a,zfhx3,1,0,1.4660529989221884,1.1849331866362431,2.12045250960105,1.041382250760746,2.9483421295181165,1.898195266332848,3.1595201392523022,0.866775682732109,0.554264848625005,1.3904306350500766,1.82276514214275,1.1981438770410247,1.1515180340864053,1.0,0.04885504619975263,0.019654826764702413,1.1585092226541884,0.022675209038633466,1.0,0.0
1219,tfap2a,zfp219,1,0,0.5924389604038325,10.3915704734784,6.847380627412607,24.755334386123184,2.0323644375380763,17.943631765409407,3.6748856763301787,0.545262558118601,7.319187931213989,0.29680903518080576,0.724838997750233,1.1531101367419736,0.5410330578512397,1.0,0.17027254252618504,0.021847807427302166,1.0554839833382943,1.8824697288516932,1.0,0.0
1220,klf3,pou5f1,1,0,1.8072469259200838,7.039294607880922,96.6510983832974,93.37290499823126,15.169513064381832,2402.1146555854707,13.594687160327332,1.7740741009961023,6.54581205525367,0.15695127440996912,25.72603535930443,0.40045397870649957,0.2662968670976569,1.0,0.5782354085495592,0.3335917351934911,35.63550434057777,272.2593146512935,1.0,0.0
1221,tfap2a,zfp57,1,0,2.262193438190909,4.352975919610047,10.257427680523167,6.24849224301954,2.015288329413805,25.201873146112657,2.9725547102056584,1.853433532178702,2.5656386314126944,0.1964711224082467,4.033272694587523,1.1474918221077146,0.3293966922164029,1.0,0.27032666255035065,0.05029860976719751,1.856237222674951,5.2246915567211,1.0,0.0
1222,tfap2a,zic3,0,1,0.32932830315296435,0.06532050964336711,3.482843359978914,3.734273518792001,3.0604939337736394,4.0699134384625,5.721267150343236,0.3008780808540797,0.06419755573088656,0.8787343033974885,1.0898809147164654,1.2002855778641996,0.9758503287712892,1.0,0.15453380244484133,0.031098105712059298,1.6580681093765388,1.7134080171439983,0.0,1.0
1223,klf3,pten,1,0,2.25863128597199,15.05921215543471,25.257235207511577,7.034033033807734,18.9388368843985,10.661847413757853,1.5982865526302665,2.073232244034509,4.79454217146987,0.7498380851585068,1.5157516836377825,0.41301975843207483,0.6396708989924548,1.0,0.34008455321437686,0.06717748146267749,5.829914396095752,3.617276869383523,1.0,0.0
1224,klf3,rara,1,0,2.0013058817273652,11.700514316737621,42.94584599670851,31.754918773474273,19.137126418351997,11.582405895096063,3.887050211632887,1.9121962259460805,8.550113422286094,0.44561065160571567,0.36474367885239733,0.41599479759045416,1.0542684888821148,1.0,0.24477935339313536,0.042376301454291845,4.769917212953115,1.5267233588833735,1.0,0.0
1225,klf3,rarg,1,0,0.1584295272211572,2.5656073251136307,7.186942180741784,11.175097906882968,18.44670118129267,1.8214448698988785,5.473794176417867,0.15501242103600538,2.086567797262536,2.56669675605888,0.16299140151398708,0.41416942690755376,0.8004361971042083,1.0,0.2448186191698468,0.04276075374810853,4.712740148128741,0.9752925863721023,1.0,0.0
1226,klf3,rbpj,1,0,2.9301199226558796,14.351190938009413,51.436410049834464,30.214704765188007,17.347715062628026,15.631485702030215,3.2822803123044784,2.7721991805101283,9.729794282799206,0.3372652765972701,0.5173469614715579,0.40601788756128915,0.5689528402665723,1.0,0.3842834675710875,0.07349146040624627,6.933848147973144,3.695771831365607,1.0,0.0
1227,klf3,rela,1,0,8.465909840144972,0.5305827179980157,3.6696084520194976,12.425563358821472,19.308804439630812,1.7122479061067897,1.4946669738304181,2.5599709510132547,0.5088541870777107,5.26181599265845,0.13780042454905572,0.4184314880605298,1.0640019151191817,1.0,0.22334320283487796,0.043835145817076995,2.7554082253905197,2.1087888870826133,1.0,0.0
1228,klf3,relb,1,0,13.166642361141529,1.5990040804545633,5.287910409215685,19.625369525631935,23.4286869558953,7.3309892550372995,1.5158126416221245,3.7727289337368646,1.4785381436611624,4.430613445164306,0.3735465589813521,0.4232110673206277,0.6236035556366343,1.0,0.30070272160854133,0.06378517745546057,7.141588822636866,3.2761931245070657,1.0,0.0
1229,klf3,rfx7,1,0,0.00010000000000021103,0.0001000000000000445,8.928618826178878,3.472703853363768,22.118373784786158,1.5183301111719227,13.360348867053382,9.999888001870029e-05,9.999712048239183e-05,2.477244713363132,0.4372184255508057,0.4176070619824539,0.8576841761316972,1.0,0.20416796502980236,0.04033608353899565,5.344388211465308,0.8333932368821282,1.0,0.0
1230,klf3,rxrb,1,0,8.799242939164492,2.279126394820524,3.7812442463146563,18.129111557170525,18.886569737107543,2.222710076746448,1.6094640856143034,2.644737540374783,2.0246008872393646,4.994802902646426,0.12260446794301454,0.4142238295635835,1.1325472421314646,1.0,0.34076679135016796,0.06280678829560625,4.266987476540003,1.3564542435474407,1.0,0.0
1231,klf3,sall4,0,1,0.9669622343849357,7.907032383025603,34.7957594524931,41.819212748546946,18.450388943649614,47.68678074097316,6.463628577297777,0.940817245451675,6.649725282101565,0.5302482036306769,1.1403079495471873,0.4140249317865138,0.5163304809766553,1.0,0.24417506189242758,0.06544578439608535,7.656282252380668,6.22209073349107,0.0,1.0
1232,klf3,smad1,0,1,7.009592425815763,1.53354329255245,5.2881537165229275,16.43470130811705,19.739379950085144,2.217367701618728,1.9181243813218234,3.0141947808039014,1.4026593312975488,3.732754569597535,0.13491986620551338,0.41292420432400695,0.966679504685877,1.0,0.307967450285427,0.05766718381010333,6.91466600401747,2.7677243380966146,0.0,1.0
1233,klf3,smad2,1,0,0.46614314397614187,2.5392469399652393,7.236508594406189,12.581197894955695,18.57561280615428,2.0351223504043934,5.3508916815300935,0.4379334522938335,2.1128193386269785,2.566930248727018,0.16175902862320887,0.41226141621081297,0.759042447725682,1.0,0.27947008934085527,0.05056070271281017,3.154105969247745,1.9537594274583663,1.0,0.0
1234,klf3,smad4,1,0,3.1545017522149776,18.32220622553965,38.30190720226094,10.671212777237908,18.666005249422764,5.163542414511581,1.7127459349589682,2.9144693529868,6.743604856068749,0.4873387936233347,0.4838758744953159,0.4143478417853346,0.9496537428605359,1.0,0.30487753015967084,0.05256198490530325,5.649078104860069,2.370295093673926,1.0,0.0
1235,klf3,smarca5,1,0,2.0308551573198907,12.055883070882263,43.99088419805133,41.60132392118315,18.04984521589356,216.79815041711805,4.656175946901975,1.9412372348384048,9.347126414199064,0.4103087615750427,5.21132814974491,0.411091134948221,0.1648659710654754,1.0,0.46588632767493476,0.18718283072089542,22.52170498994561,60.96000857021873,1.0,0.0
1236,klf3,smarcb1,1,0,2.076428759751068,13.08974764899322,25.33088783983382,8.991314552050499,16.626140329135737,46.08712184057824,1.8251761869064187,1.9191146944117907,5.3300895331701215,0.65635837299751,5.125737907819933,0.403903659397441,0.29728215463358604,1.0,0.493052402915805,0.14071019620713962,14.12589357401547,20.786680820680708,1.0,0.0
1237,klf3,smarcc1,1,0,1.617930902218969,10.768774815216029,17.06983169927937,5.077627876992989,15.670153734710903,36.72109468215395,1.6109885858089223,1.4778552569865533,3.4506147713691897,0.9180028257321625,7.231938923397527,0.40379268611369623,0.21358493610458038,1.0,0.3629382372454237,0.1293902131144514,11.525562913691264,20.31943715625455,1.0,0.0
1238,klf3,sox2,1,0,0.9087010472102749,5.830573094099185,281.2705935462968,285.34427210888106,16.95386691450835,1423.3023511994832,41.95764975780519,0.905774760239466,5.713819936449407,0.06027600219685874,4.988017949967408,0.4051545664502318,0.3667952892955521,1.0,0.5085581982175119,0.1873921023773743,18.75513213158038,37.25085436473372,1.0,0.0
1239,tfap2c,tfcp2l1,1,0,2.1073268744053513,4.505798507806441,18.230670564357634,26.30294409762554,4.537321329291921,48.57702946686064,7.538792401394296,1.8889756542833995,3.8468225653941976,0.24888395154058315,1.8468286016410556,1.0621751682112335,0.2930453379501282,1.0,0.18878387953316278,0.06260922850156556,3.728257418963728,5.1730012703711035,1.0,0.0
1240,tfap2c,tfdp2,1,0,0.7157023552716855,2.936210604658722,7.75637415830896,12.762169660181739,4.186624880962536,12.49865950941526,5.764096180086343,0.6552413973801533,2.387024474022081,0.5397657198470298,0.9793522451289269,1.0503924374510216,0.6304141094841021,1.0,0.12069696411982363,0.029263953155996385,1.2315570633730788,0.945898078133687,1.0,0.0
1241,tfap2c,tfe3,1,0,0.4860634151027216,3.344298002764381,13.232743793295823,31.506436464825086,4.471417613018223,14.814559520255374,10.409196574190942,0.4688419730405658,3.0233771010343173,0.3379055532899837,0.47020739831351216,1.0600378787878788,0.9162170072829323,1.0,0.09076213367475788,0.026916124966715357,0.519052544944383,0.9746441698959352,1.0,0.0
1242,tfap2c,tfeb,1,0,0.07313333330656413,0.00010000000000509601,2.8142326309649457,3.8137622668631312,4.9653294886669705,6.082272188477812,6.582398566605251,0.07128095833688187,9.999737799116334e-05,1.7643635547514973,1.5948220583451729,1.0715055891776433,0.8848992427031817,1.0,0.1722446322596507,0.03642027809604042,1.2029367026682785,1.3641024212833197,1.0,0.0
1243,tfap2c,thra,1,0,1.7993021916851208,1.1395767233753613,2.259850916416065,2.738960053827832,4.898428467374676,1.6465890221916373,3.183300182388373,1.0017248914986467,0.8047506837998469,2.1675892120986346,0.6011730692787752,1.0632941654880566,1.226057487539738,1.0,0.11064206924970461,0.022287171027563293,0.074401761268671,0.5661895389083758,1.0,0.0
1244,klf3,stat6,1,0,3.9125905496654494,1.025680295797953,4.802836372703372,8.772553904489737,17.583374696291763,2.3243458664252064,2.4879751283772706,2.156122972610644,0.9183119631286555,3.661039713163205,0.26495657840707265,0.4103715885756487,0.9953556750977313,1.0,0.2102119238931872,0.042311429237881434,3.4647291197826027,1.765673779748191,1.0,0.0
1245,tfap2c,usf1,1,0,2.1457538182954026,2.341676153686842,6.82123873646348,8.010920624167607,4.812350714924596,13.359703751494967,5.396901514648628,1.6322862960896694,1.8120073829997225,0.7054951308476844,1.667686446822476,1.0638136703762064,0.44025343787745774,1.0,0.17986705567567615,0.046011118356641754,2.1323437520019866,3.9188224056113032,1.0,0.0
1246,klf3,tbx3,1,0,1.775533111862548,11.628245557768814,22.34723207600531,9.83624665740782,17.18790583749366,23.921119966506414,1.9925525273366798,1.6448466915136153,5.328721050211883,0.7691290706175945,2.4319357575779246,0.4082944472554862,0.3441493801796151,1.0,0.35367491430915804,0.09415428975998408,7.560264645226748,10.059182556651468,1.0,0.0
1247,tfap2c,xbp1,1,0,0.0001000000000001548,3.591800447404553,70.70367577572422,226.28718542766518,4.23282890649807,161.35045427402676,63.300794242858316,9.999985856499253e-05,3.535679482694073,0.059867168998749457,0.7130339880673621,1.0538094987423359,0.7440825086504744,1.0,0.10864222465910088,0.032995761356367365,0.8093237508721034,2.3237749737743814,1.0,0.0
1248,tfap2c,ybx1,0,1,1.6273025793936464,1.0997964096965918,30.074666424102688,38.64808148703692,3.8198827792277608,1779.4729664481592,16.66596632317246,1.5437710585405044,1.0693658003965438,0.1270133049976707,46.04298319555702,1.0415792370808086,0.2858586800523867,1.0,0.30576187862812526,0.23944103512589354,14.317859564800758,141.0479020305667,0.0,1.0
1249,klf3,tcf3,1,0,1.5754388669586332,10.679800554823084,18.413156170800878,6.421356820630968,15.618315309274934,21.24976259671039,1.7382666399341529,1.4512676773960222,4.010185312610795,0.8482150025991778,3.3092324862617386,0.4023866847703711,0.4101294180446576,1.0,0.3750239711804018,0.10260239588628751,8.371844949521762,11.632104829207442,1.0,0.0
1250,klf3,tcf4,1,0,1.5606159224414151,9.73458271717272,20.568814777966498,9.94456371353849,14.893649076481639,14.32951329593188,2.174953179359231,1.4505578694191668,4.9192264713554525,0.7240888324025286,1.440939362319509,0.3999172194447167,0.5365626502163113,1.0,0.3363004065005694,0.07678624747549037,5.828440904636143,5.749174666258026,1.0,0.0
1251,klf3,tcf7,1,0,15.998887744972905,1.0224284480757455,9.999999999998899e-05,16.619389634827794,17.25093218009226,6.852640398912445,1.0609681465923373,9.999937496044528e-05,0.963173788123911,172509.3218009416,0.41232804269489953,0.40878594069633867,0.595658999702735,1.0,0.2850747581584506,0.05768169960256976,5.622040795352607,2.729832650084861,1.0,0.0
1252,klf3,tcf7l1,1,0,2.1099972185851508,1.160970612868108,5.031125679834182,4.526915937889994,16.778613199614895,2.826743517038383,4.251497989534444,1.4865534933101623,0.9240016171057535,3.3349620477316106,0.6244303088066474,0.4077197812047796,1.004729320027627,1.0,0.19221775410157188,0.05871571659590382,4.261918532901025,2.0122295789802767,1.0,0.0
1253,tfap2c,zbtb7a,1,0,0.9435880018521907,1.0004158729470516,1.306699768977284,0.6567137584344911,3.902918343558256,3.3234945968531058,2.14039480102945,0.5479237989083972,0.3964607568889183,2.9868516366333773,5.060796357877178,1.0398755819007275,0.7409881085744578,1.0,0.06488991801194853,0.023252405090006045,0.8622223807155929,0.8838213934555333,-1.0,0.0
1254,tfap2c,zfhx3,1,0,1.0611097583172384,1.4215861058105435,2.4411600232501662,2.08407415533179,4.486178905064588,1.9595612910247928,3.537919486658037,0.7396171294164006,0.8451163666764195,1.8377242222292658,0.9402550701046555,1.059526490721593,1.1556403890429952,1.0,0.1461675623064125,0.029559229272967537,0.950883051795884,0.3102435316831994,1.0,0.0
1255,tfap2c,zfp263,1,0,3.203126913431648,0.9312386393477203,55.439502362583404,0.3112292912996274,52.276689300902525,1.4940593069261605,1.4012155782080882,3.028168488984835,0.23326858955950228,0.942950190263333,4.800509941359588,1.099097106316234,0.8252397120934435,1.0,0.06043381753432861,0.023095768977609007,3.3606548119657926,0.49325650507614954,1.0,0.0
1256,klf3,tead1,1,0,7.845815386859703,0.38774786462999244,1.7692287028857203,12.231803419602507,15.80914584480814,1.622152076870083,1.2643479685715004,1.4436794725443785,0.3758339381250959,8.935614609361954,0.13261757250533035,0.4049635126455705,1.0227670268282363,1.0,0.22210129286249186,0.048178214609625986,2.0636585947866135,0.9093177948329824,1.0,0.0
1257,klf3,tead4,1,0,4.419477159833391,1.3551548476037114,5.836948277683275,11.263388117513571,19.720984994539112,4.001452695052921,2.5999517878108356,2.5151315878523066,1.2096194505249434,3.378646521494706,0.35526190283996484,0.41752465483234713,0.7192070985817475,1.0,0.285793815392747,0.06359969368915733,4.372065491437776,5.024238253584188,1.0,0.0
1258,tfap2c,zfp57,1,0,0.5126029299332452,3.0208913016358694,2.2458315848002073,9.628872895468882,3.6469326415926973,31.836132199140394,5.143111734374207,0.4173453617826603,2.2994719839233744,1.623867375574885,3.3063197058216147,1.0346300608307295,0.3372776838851581,1.0,0.10681610439780412,0.055130976493647295,3.9812307857702907,4.49023874585255,1.0,0.0
1259,klf3,tfap4,1,0,6.659466776746902,0.6653324201458135,4.260284604809903,3.780688959989809,19.259692325660918,3.695065649370099,1.9282968492936812,2.5981565691263047,0.565767620193461,4.520752511209354,0.9773524583678154,0.4173974398297969,0.6065804020833462,1.0,0.23690529937339602,0.050051043534552704,4.388380632167238,2.9523395122201737,1.0,0.0
1260,klf3,tfcp2l1,1,0,1.9743511230323687,13.35362854819145,23.39632483616251,8.659900515388024,19.13291306797517,27.7070312319392,1.7876182313571796,1.8207067202072862,5.253182913688613,0.8177742958330959,3.19946299414246,0.41524932517392515,0.2827764320520716,1.0,0.3411329017866253,0.0980987201050228,10.259505367922916,9.409574429535839,1.0,0.0
1261,klf3,tfdp2,1,0,2.3199598249905065,14.541242237491163,23.19171077576321,5.285361059574277,18.072148646965,10.033544492000347,1.4998675873604215,2.108989180464743,3.876393466310391,0.7792503460267161,1.8983650083516763,0.414110847572711,0.628301890026077,1.0,0.35249061900229944,0.08219702047874876,6.065072035373653,4.838894963466661,1.0,0.0
1262,tfap2c,zfx,1,0,2.471292745357812,2.918897140545833,2.7553654241802703,2.3855616776961037,3.674807042873112,2.9515727961938336,3.440359614850121,1.3028046531285289,1.3127086849419074,1.333691353830637,1.2372653466852992,1.0323006387415947,0.7916672034297877,1.0,0.16754080768463264,0.0281813551246925,1.591947521427158,0.685171524610622,1.0,0.0
1263,klf3,tgif1,1,0,2.004187647483501,10.741364539869055,35.01531084459443,23.57661869050338,16.264542592895648,57.88553144500799,3.3778072517388775,1.8956835269540178,7.379368836221635,0.4644980210251803,2.4552092140474824,0.405533189787411,0.31628119828014095,1.0,0.4633196111983822,0.1251853269967267,11.302248713347712,18.024377214322286,1.0,0.0
1264,klf3,tgif2,1,0,3.5371467751340253,0.8808469061974161,4.645990429159807,8.201632807847684,16.871584636664803,2.7956324132639274,2.561943544048054,2.008221254702071,0.7954196554260519,3.631429055637531,0.3408629084917022,0.4078842250938752,0.7113964563386503,1.0,0.21448405625680914,0.053235657661377125,3.8933159692214554,1.7194662664201514,1.0,0.0
1265,klf3,thap11,1,0,1.6185735971304922,8.499673768082571,48.236687382295635,47.662157579754705,15.898355764044611,44.28901726280883,6.803645296850352,1.5660258732220957,7.21331161731177,0.3295905383809545,0.9292281237730061,0.4036393972937162,0.48842456323184047,1.0,0.34478646167296273,0.08098239901573763,7.529828946810667,8.013871852043092,1.0,0.0
1266,klf3,thra,1,0,0.9191270671309959,2.554402255370459,5.4817192773889865,6.637134042638377,15.898129691156097,1.2211600577777728,4.201646198777213,0.7871453697018601,1.844513214987167,2.900208654743185,0.18398906062959974,0.40394014651286725,1.204996537396122,1.0,0.172109766583013,0.038566247212011934,1.186854778975194,0.9659884079113341,1.0,0.0
1267,tfap2c,zic3,0,1,0.407093566979269,0.00010000000000032205,8.50512026799347,8.648045408818803,10.784141027252701,7.175810158841361,9.212861169615971,0.388498280180205,9.999884368303928e-05,1.2679586751801333,0.8297609251130739,1.1162975483772357,0.9976808905380334,1.0,0.06727811988243429,0.02755620406415901,2.604465307921698,0.8883424820480335,0.0,1.0
1268,klf3,topors,1,0,1.7520056729090439,11.482041309192004,28.455246014232767,20.782764764825476,17.515495226046376,32.81964190427488,2.9830384282986158,1.6503902095197658,7.395939805170913,0.6155453801835156,1.579175931386263,0.4084171517351917,0.28561615245882555,1.0,0.3328032708115986,0.08288723419385156,8.096401152908406,9.929701703908844,1.0,0.0
1269,klf3,trim28,1,0,1.8762827029920561,11.68857778961684,25.646996792703487,12.231488425695936,16.267465248534926,137.60593034307715,2.1961620214093687,1.7483750972833052,5.976935960780138,0.6342834359913432,11.250137804487828,0.40466402802756063,0.22947045834641583,1.0,0.5124543170200069,0.20640349515270892,21.76474697949343,54.527560838887055,1.0,0.0
1270,klf3,ubp1,1,0,13.419973054754777,0.7782386452700152,0.5153459395434301,9.886834049407472,19.108534778397857,3.1833206402853653,1.1173934140718753,0.4962877868371615,0.7214499663429632,37.07904402104542,0.3219757330180074,0.41127930124727025,0.6099821466078554,1.0,0.37300431337259454,0.07102415724799932,7.300178929207228,4.219621088524226,1.0,0.0
1271,klf3,vezf1,1,0,1.0157720298077975,5.179060758809972,6.9456125364243215,7.234758378098479,18.766894155458154,1.217862082204441,2.7474668292865165,0.8861723593037298,3.0183501791224656,2.7019782714685605,0.16833486601172898,0.41383962514391076,1.1114442593254712,1.0,0.18263678183513254,0.03499653813689613,1.949148941023001,1.2241452430056874,1.0,0.0
1272,klf3,xbp1,1,0,1.3540948625535068,9.164612980161134,27.566195872906206,22.27707884875287,17.54789926879996,17.68739402959433,3.5992963840162977,1.290693947480906,6.493314898201688,0.6365731183839966,0.7939727712812095,0.41046808355861386,0.6883603882552042,1.0,0.2569369436351852,0.060963888698511826,6.740945285368282,3.718570819546101,1.0,0.0
1273,klf3,ybx1,1,0,1.8258596904126971,7.725351903966941,73.72832471081912,69.05108359039342,15.750761349396162,2916.9481677007493,9.900442723600648,1.781735547779247,6.948016232470319,0.2136324324630266,42.24333661443893,0.4021352053943189,0.27920874511525645,1.0,0.5508270278027049,0.3770169362663409,38.53503256715737,418.8811937442482,1.0,0.0
1274,klf3,zfp219,1,0,1.9658235942810034,12.394477986567054,28.576867428869903,15.151064887760372,17.576793726537414,13.003112303026079,2.3752853008560604,1.8392970088893408,6.817420193210848,0.6150706955647763,0.8582309163978636,0.40879566254934396,0.5384305996862807,1.0,0.3052492540724852,0.06667212645051972,6.4103452367798,3.59479674624617,1.0,0.0
1275,klf3,zfp263,1,0,0.00010000000000000006,5.635480351805493,12.703053910818953,17.763805402388172,21.880957907989693,1.400829430916264,4.152169560918849,9.999921279391957e-05,4.278232137940934,1.722495870804271,0.07885863412621803,0.4224030279628858,0.8149082120976564,1.0,0.16333029444007982,0.03423353179677049,3.094905123505966,1.0804064241869302,1.0,0.0
1276,klf3,zfp42,1,0,1.9635533292171021,7.567311221290791,109.25841615706906,113.09498636889613,16.42313297300132,1185.682237897002,15.178232158957393,1.9288880405651603,7.092728851623311,0.15031458033760575,10.483950491222602,0.4043476306784368,0.24378337286391302,1.0,0.5549484287713249,0.25839339617095725,25.838614673390815,125.14987116677085,1.0,0.0
1277,klf3,zfp57,0,1,13.220767057295141,0.9861627716463163,0.0001,14.07294076034677,15.613528235306513,21.65083518942847,1.0700831982775714,9.99992436199565e-05,0.9215827646017382,156135.28235306512,1.5384727014863788,0.40237173552338734,0.3193124389150255,1.0,0.42146045838429474,0.11536257224976494,9.059389719013318,14.047186043429825,0.0,1.0
1278,klf3,zic3,0,1,5.692777390137994,0.972726985831168,3.448234721772012,9.549329519911367,16.485368259283998,3.8641089252306866,1.7692838403632463,2.147468181823775,0.8828018092796269,4.780813833581589,0.4046471448255722,0.40707854753177336,0.969153471651731,1.0,0.22119061956645086,0.04808419008935474,2.7171805429825437,2.459293315682972,0.0,1.0
1279,klf4,klf6,0,1,0.7965374447017434,9.140138706707452,18.06527565453004,10.245451052561373,66.95069357177246,28.216523766578934,2.127045557251071,0.762899538447767,4.830641981806018,3.7060432872489235,2.754053835387245,0.3109407301284714,0.6598813401436673,1.0,0.18991224040796023,0.13692982993928599,14.496346801107297,19.023106356405908,0.0,1.0
1280,klf4,klf9,0,1,1.993834774239191,11.47240851018629,57.38672141917681,60.69875951931796,50.93891035929192,143.50164877860698,6.50941527951534,1.9268873193514875,9.648741793710414,0.8876428048086706,2.3641611445607253,0.3003783688132757,0.2543144865140947,1.0,0.4582630166467175,0.2144762609189793,38.30619349725327,32.686663936685036,0.0,1.0
1281,klf4,meis2,1,0,2.8577745225639912,0.48448588384694646,8.023259510265943,1.344810445884646,57.43130628904512,3.3453203599126304,5.032278938362888,2.107213941908238,0.35617065802380293,7.15810154408697,2.487577613744668,0.30393206509909765,1.7877612746421818,1.0,0.10327255442256456,0.06344243499111903,-1.043609643147647e-14,2.6636879747945854,0.0,0.0
1282,klf4,mga,1,0,12.057354237636295,0.8560816933893229,3.5020552233018534,15.90209842514114,52.07816986615071,19.452775287836182,1.3297903445637527,2.7138253860547836,0.8123492677576192,14.870744904202192,1.2232835420689787,0.3016212632591911,0.35246655621301776,1.0,0.33119807805774115,0.1474547588783571,24.82091495630826,16.379013976894264,1.0,0.0
1283,klf4,mlx,0,1,1.9020415764439884,14.204395446526139,50.4183276875629,43.15445151533082,61.955762614905986,26.852195496258318,4.190443821114079,1.8328952342179536,10.68680643126117,1.2288341453695046,0.6222346606981889,0.3105899446956517,0.5591593183622002,1.0,0.2924793984932917,0.11104340706972679,17.48419378435922,7.321807153407639,0.0,1.0
1284,klf4,myef2,1,0,0.0001,2.96711519523931,14.161704525519376,9.623350200512615,71.94442879675975,8.253070092496225,4.150992548724198,9.999929387529803e-05,2.267873959503065,5.080209706897639,0.8576088285820256,0.31495543366727513,1.4477799569456884,1.0,0.0883453175972891,0.059754854285705886,5.977822113950587,3.3485600385778884,1.0,0.0
1285,klf4,nfe2l1,1,0,0.6177285633713351,2.1330417297067137,8.447583484933553,6.789898160061923,55.66519702442448,1.7000269806691142,4.489091934225737,0.5756352988514263,1.6231350087293317,6.589481728556404,0.2503759173692246,0.3055001645434496,0.8362915007054653,1.0,0.15744920341884958,0.0652650640060851,7.750965752220328,3.3874442052014633,1.0,0.0
1286,klf4,nfe2l2,1,0,9.93860666304204,0.0001,4.477476866576551,13.848876301207465,52.94670062036388,14.214774274076571,1.4273080257611817,3.086821835372069,9.999927792496842e-05,11.825119860607247,1.0264207698091148,0.3015542039948346,0.3195801300001897,1.0,0.2364749855009547,0.12168679351333622,14.585249782692012,8.726668467256063,1.0,0.0
1287,klf4,nfib,1,0,5.825113513225284,0.7045272812760753,9.766859705653117,1.9069971279231788,70.21875909768838,2.1833256742306295,3.665563419235388,3.6488689182900007,0.5144625480827709,7.189491936394391,1.1449024449283713,0.31542225208277347,0.7901785714285714,1.0,0.19226077319659807,0.07512549485009405,9.819650263149688,3.4361943199564022,1.0,0.0
1288,klf4,nfic,1,0,0.6244367049212254,7.882613966368442,18.53813599907387,19.00057204727144,60.80143555821365,6.181981325463235,3.5253174478549076,0.604088643913134,5.571295549300587,3.2798030805929557,0.3253576423953506,0.3114771704674743,1.2344365997577882,1.0,0.09905721611063545,0.05487782449775589,1.7967697104262417,3.485055072975155,1.0,0.0
1289,tfap4,tfcp2l1,1,0,0.13736275737538306,9.918385167433053,2.6978125514847733,21.486763257191186,3.7442999009536955,43.677303664846086,3.32757639289363,0.13070760379288582,6.785957229202953,1.3879021724074103,2.032753986351489,0.6107704409051693,0.2920855326069087,1.0,0.3306324225500265,0.061011302659417455,3.2060257378821153,7.303261867524785,1.0,0.0
1290,tfap4,tgif1,1,0,0.14647802723610925,8.574390875518066,2.3754652443075654,85.94304677719803,3.754416867557027,178.55414252512384,3.861423041033234,0.13797037652680155,7.796543097245643,1.580497494776615,2.0775868347792494,0.6107087132882538,0.3342102977045675,1.0,0.3232007510541383,0.07206047153598374,3.9648521375224606,9.525724626895013,1.0,0.0
1291,tfap4,tgif2,1,0,1.3335299915800114,1.892969521605845,0.06545596808374998,0.00010000000000010001,3.5845228750271505,2.6552039949458317,7.849322251531447,0.06239340428303061,9.999471757392078e-05,54.76235368546997,26552.039949431764,0.6009477196560562,0.7086253175212666,1.0,0.19344094924046967,0.025955674817289765,0.6567226011529581,1.166724756205764,1.0,0.0
1292,klf4,nfyb,1,0,1.86957753460693,14.887913147179763,23.339263509382576,7.70334973818732,60.60810325010423,23.74127310279483,1.6095610319624019,1.7309229986126897,5.07659985306834,2.596830153862365,3.0819414812628514,0.3093813344067781,0.40009914630104865,1.0,0.3264031294189133,0.15384841776735905,24.549575202472486,14.090657751645441,1.0,0.0
1293,klf4,nfyc,1,0,11.073070350672026,1.319630750570584,4.19058906955941,15.856208694706126,52.97579386882551,17.55985622706509,1.4632029333596748,3.040076190148967,1.2182426744069839,12.641610281867909,1.1074435613935731,0.3013296251461382,0.4275288763572232,1.0,0.33111945125011766,0.1421396116920926,24.344844234416076,14.369572674637514,1.0,0.0
1294,tfap4,usf2,1,0,0.0904459740663004,9.461692412856719,2.5020546704205016,42.78726590012663,3.740611959976033,23.391459151240653,4.277563057335101,0.08729053638407708,7.748287472240617,1.4950160778650676,0.5466920743625132,0.6110245909934223,0.6857572172593507,1.0,0.2600878878253686,0.04539855013529364,1.681002342643098,1.895407344242404,1.0,0.0
1295,tfap4,yy1,0,1,0.15345102304576397,7.864198221243399,2.3880497943141386,161.08112094802144,3.7584971052265757,230.31138559703743,3.7097519218851858,0.14418593986619122,7.498129401064691,1.573877192249267,1.4297850936321432,0.6117317620900262,0.4826614564878048,1.0,0.2835508407091776,0.05931022272168018,3.2726248196666576,6.426544105957799,0.0,1.0
1296,klf4,nr0b1,0,1,0.4075628076837959,10.135274776540538,15.49060195634373,4.567916069722113,67.96142104443479,27.970060220565912,1.3167636135242553,0.3971145927688928,3.1487780446362637,4.387267921283275,6.123155459436333,0.3135297217670824,0.6352178358255702,1.0,0.24735774952311138,0.1653286453754602,25.29882376342225,14.93292969767639,0.0,1.0
1297,klf4,nr2c2,0,1,15.385699720273049,0.3591198698793213,6.05411925122527,20.82623354333059,65.57832123813141,3.826876831965556,1.4079051048726736,4.344573104553912,0.3530323112520612,10.832016766907799,0.1837527090053726,0.3131541931310171,0.9421907538525616,1.0,0.1774438481910839,0.07549377100177136,6.325055808879474,2.3553385301020295,0.0,1.0
1298,tfap4,zbtb7a,0,1,1.526282531792957,1.1707794945046248,0.3418094216645866,0.38141126676796655,3.9519896775676324,3.382496743192238,4.5374323547270885,0.27926770335011153,0.287689181798027,11.561968240435665,8.86837133012643,0.6186622180378684,0.7437576115100476,1.0,0.14704313393703727,0.03430994799883992,0.8340761656546976,1.4099641943150476,0.0,1.0
1299,klf4,nr2f6,1,0,1.230781803232642,11.118711632879226,16.740979844348445,5.915060581600917,53.60197573178827,6.621772986380638,1.6054552040183605,1.1464926902968224,3.8610269099362062,3.2018421998090907,1.1194767821952634,0.3042670600515698,1.0094230717603156,1.0,0.22299614476771779,0.07653531058449253,14.81749290901939,5.506961884874583,1.0,0.0
1300,tfap4,zfhx3,1,0,1.0304932207531385,1.4565495326031295,0.5071435692876958,1.4457352259976683,3.5870293553240122,2.181236230729346,2.7797318641611044,0.3398774102469553,0.7255611157569495,7.07300569809481,1.508738385498026,0.6000069800531559,1.1627677019469587,1.0,0.0551586635880571,0.018613631571600335,0.05158916480857505,0.7356126918907153,1.0,0.0
1301,tfap4,zfp219,1,0,0.5595852243699835,9.495568848682392,4.6009586799757045,8.270702012106504,3.844271183370012,9.843396556886649,2.0985650522745063,0.4989064220698008,4.420456098990603,0.8355369936489653,1.1901524855421055,0.6148759442522466,0.537217838851636,1.0,0.21403851784205322,0.036106344825669344,1.0662012313266205,1.7091056155939162,1.0,0.0
1302,tfap4,zfp57,0,1,0.5220224541474208,7.8789466259045335,4.145165880254182,7.244978689827723,3.8037852576982734,30.300024015103517,2.161273742213555,0.46363452910367275,3.7743376280488197,0.9176436764130232,4.1822102330882105,0.6126584440006322,0.3351414496124867,1.0,0.2644600042417039,0.07677851618317191,3.404258001564164,11.500998938096378,0.0,1.0
1303,klf4,nr5a2,1,0,6.866904585205128,0.16587344913049853,6.708649137769064,10.873700184892,58.06653570845394,5.522604832989665,2.0071114389671876,3.393427219599711,0.1633811426303948,8.655473630532383,0.5078864359956157,0.30853499394044315,0.5192547047803018,1.0,0.24180275752042463,0.09866732627821433,11.601340678741163,5.850526000267733,1.0,0.0
1304,klf4,pknox1,1,0,0.19367192634285543,0.9622575684132983,11.088408129490787,2.699068220719273,62.03928616288158,1.3626235195084468,3.871390798674281,0.19034728985138172,0.7093602079224572,5.594967775210364,0.5048496029290146,0.3104899951302732,0.9753244672328152,1.0,0.25515063221102235,0.06272706730311654,12.329997723888152,2.439814871116972,1.0,0.0
1305,klf4,polr2a,1,0,11.683445187630737,0.45347820415402834,4.242725218805093,15.610630936375161,54.5609488159933,4.802696619159261,1.3811722038115644,3.112464972750551,0.44067684182239836,12.859882740970829,0.3076555098082706,0.30499883842215325,0.7769562171106572,1.0,0.2056255401177838,0.07245719020235843,15.634621655881265,3.4970513500206977,1.0,0.0
1306,klf4,polr3g,1,0,1.136749318500129,10.765652324176678,15.46771511421686,4.687998556867788,50.05051822455539,10.773123912714663,1.504826871860919,1.058926934144004,3.2658536774236704,3.235805537855581,2.2980220198515924,0.29955672909566383,0.6580152750728708,1.0,0.27753237507913,0.10007417445378804,14.159395207777866,7.233914016580007,1.0,0.0
1307,klf4,pou2f1,1,0,4.452984995540629,0.3229644650334747,6.8665484330142865,8.193690093433142,54.99803303904521,3.34559668298105,2.6422071193026397,2.701227690730813,0.3107171624150228,8.009560199796349,0.4083137932764126,0.30580328068149254,0.8454312446810369,1.0,0.1778878533285293,0.07139063147787503,7.955973730639132,3.976451413732499,1.0,0.0
1308,tfcp2l1,thap1,0,1,3.709855084846055,19.443926856188455,101.66052499659641,87.04329977856837,29.718478047659183,32.49401920414103,5.668653633662505,3.579239396263358,15.893582805201515,0.29233055848033596,0.373308678402627,0.28439360929557,1.0259893317460682,1.0,0.30593118682735443,0.06969707609314124,4.465450519324079,3.615537539040959,0.0,1.0
1309,klf4,pou5f1,1,0,0.2810095495726952,6.855436351808701,132.1845284285077,191.76340971504038,40.98853018923676,4919.361771991133,28.179022619152093,0.28041342194466173,6.618817277111819,0.31008568609756404,25.653286929457938,0.28739512618732577,0.2766653161500994,1.0,0.4863691580857362,0.4526669205645242,87.50556020651545,347.9864264402893,1.0,0.0
1310,tfcp2l1,xbp1,0,1,1.671788969284798,13.459011837067298,115.85577320230588,167.94236714797034,33.77348746593562,117.1179056874689,13.516730550150267,1.648008348754766,12.460425163449681,0.2915132024276493,0.697369625523254,0.2874251320493153,0.7265877287405812,1.0,0.21128282893510186,0.06341791529152434,5.309842488902908,6.144712463172493,0.0,1.0
1311,tfcp2l1,yy1,0,1,2.308901926953759,12.811457099840485,132.901888677394,154.194096125148,26.943205182030145,214.76279468624412,12.89278220133859,2.2694743924762015,11.828654852540756,0.20273003980727522,1.3928081559746421,0.28174018848037696,0.4787265944503673,1.0,0.39235582085288856,0.10169014839367545,7.927266161819382,11.734285352759514,0.0,1.0
1312,klf4,pten,1,0,1.321917755742876,11.359096589017032,18.55503960926704,7.621920437055874,52.05621084569249,10.13383182726163,1.7749163369993841,1.2340035684324777,4.561300920777544,2.8055025449632445,1.3295641053917948,0.3009640189238611,0.6327154897984137,1.0,0.24977233961810955,0.09627406906114656,18.396965187801943,6.320266393331769,1.0,0.0
1313,klf4,rara,1,0,2.3655284807782855,13.698746625682702,65.1150691613809,59.77005895144097,63.81082088877532,20.579242744538114,5.558013051168846,2.282605015532073,11.144524358959416,0.9799701007861461,0.3443068838405751,0.3066122531137029,1.071131231851987,1.0,0.23223274765632057,0.0689949109242098,12.269345498788187,3.6907440897539687,1.0,0.0
1314,tfcp2l1,zfp110,1,0,0.00010000000000000002,7.719584766029494,21.29546025379969,35.019181845068495,30.283837723342888,1.7011772068842,5.536433448315721,9.999953041855295e-05,6.325253724561388,1.4220795118968808,0.04857843950811103,0.2851876588390336,0.6617725490196078,1.0,0.22157163106699213,0.041114541762285156,3.8981269882509992,2.8443524823536124,1.0,0.0
1315,klf4,rarg,1,0,5.779202800053058,0.6525525490655134,23.94588118816242,0.4551898319252011,129.8717345964098,1.8151447558649485,2.006837667660477,4.655600087361575,0.2681447331335628,5.423552116370289,3.9876654278235755,0.3253206488247083,0.7960096141049076,1.0,0.24544866732135548,0.06451328507839035,15.971315640279808,2.1338687515977908,1.0,0.0
1316,tfcp2l1,zfp57,0,1,13.532293526196138,1.6219546727490182,8.76651948295339,23.506834092069045,28.182263298872066,23.253675750734057,1.7615206973740378,5.320064112729516,1.5172645109957554,3.21476081284857,0.9892304365469444,0.2840888685492337,0.3260682694877739,1.0,0.4144205863294043,0.13079378747473383,12.867995141825357,14.94377771988798,0.0,1.0
1317,klf4,rela,1,0,1.6499525271045181,12.48897150231933,31.276267781627887,23.466037675540598,50.32962937611202,5.808935924551344,3.030816846731085,1.567272422428896,8.150927575972931,1.6091955001637483,0.24754651828613503,0.30044833773535884,1.0838754325259516,1.0,0.19333467363514348,0.05812314008830537,7.003290216887319,3.1302400143210023,1.0,0.0
1318,klf4,relb,1,0,1.5565256091704023,12.991738794707032,21.901065677719025,9.24704817886494,58.323395208376574,11.258357165717907,1.810570244419413,1.4532425421933852,5.402058786059258,2.6630391446070902,1.2175082196986944,0.30720717195284647,0.6341554542421884,1.0,0.2473186923661506,0.08832608727312155,14.163619711107104,7.268398510551036,1.0,0.0
1319,klf4,rxrb,1,0,9.056279126808569,0.9068118601428289,7.228179108787113,7.438765348218843,61.84616503951011,1.8015029253316843,2.017339699171056,4.019808742832762,0.8082797000339027,8.556257960504231,0.24217767882180083,0.3078509266479364,1.108544,1.0,0.25937826937140807,0.06455306517625667,14.06068381362959,2.368963897657373,1.0,0.0
1320,klf4,sall4,0,1,0.3444309675831594,7.6605773184284045,109.02151718823377,182.4233109083076,53.60391586097261,198.71544622485416,24.57418824839653,0.3433462360608646,7.351848128389847,0.4916819839190227,1.089309503458884,0.3044825200654502,0.5400491210415488,1.0,0.2584055226180204,0.11642302639563794,13.714820186632132,12.038286607336605,0.0,1.0
1321,klf4,smad1,0,1,6.372394300660804,1.2017524719405919,8.653293852797932,15.587450196919233,64.42232652132749,2.6083269191332272,2.539725171984374,3.6698618969288024,1.1157323653101558,7.444832871415474,0.16733506033262244,0.3115424067283476,0.9738572485207102,1.0,0.28362095209091726,0.077798050576479,14.578663060152726,2.8406487624253387,0.0,1.0
1322,klf4,smad2,1,0,0.4865331952470741,2.0478800768738967,9.397437638028702,5.2116726625024175,57.28398568031905,1.7715027589937011,3.728441330358464,0.4625838580757831,1.4701843207001717,6.095702667768434,0.3399105956403453,0.3042848086330301,0.7508100244660453,1.0,0.17564505657410112,0.0692014782199065,6.260872101615984,3.540741081520008,1.0,0.0
1323,klf4,smad4,1,0,2.7184652251654966,19.36404032788376,66.85325092839462,46.33670119924684,72.09165592171534,13.913943735813385,3.530892360683906,2.6122431339334415,13.6568588090105,1.0783567727907726,0.30027911732394846,0.31234972653325216,0.9796407092814186,1.0,0.2522601983040071,0.06941737421457617,10.702170617354586,3.8752679886754544,1.0,0.0
1324,klf4,smarca5,1,0,2.5358999975894663,37.06611090524949,86.10901623453533,42.44534631102098,118.35064789288153,243.43876212499723,2.183886306226107,2.463354508562948,19.786883159450937,1.3744280572260816,5.735346352016643,0.31862241527605883,0.17161120850257713,1.0,0.4281842203767812,0.288800695977037,62.78770413248802,74.9861520157541,1.0,0.0
1325,klf4,smarcb1,0,1,1.6010140480220065,12.778313039546811,20.967661715953685,7.983501264214742,53.6952582261789,44.67507757430389,1.7373915794692945,1.4874386655418663,4.9136205927470815,2.560860574420835,5.595925408636876,0.3039245535742141,0.3005563844297235,1.0,0.3783148817368373,0.19125517135295836,33.02910039187934,26.38108425720028,0.0,1.0
1326,klf4,sox2,1,0,0.00010000000000021103,4.318466685549872,340.0065003650689,999.9933972284285,42.09964168984889,9999.948102879907,134.56152458251574,9.99999705890173e-05,4.299897598412412,0.12382010827630065,10.000014130688923,0.289611555108805,0.364413272245305,1.0,0.5112354984960364,0.25377475918720294,45.08282671281841,49.58408869357891,1.0,0.0
1327,klf4,sp3,0,1,7.480214972299948,0.0001,15.178705721488026,13.997648315371054,90.67261513241303,5.006401811807481,3.029202055598954,5.010829215229878,9.999928559938537e-05,5.973672379987617,0.3576602082729759,0.311577681935214,0.5428153233530657,1.0,0.16947504300051047,0.08664177374649885,20.074088447734987,5.584674846928551,0.0,1.0
1328,klf4,srebf2,1,0,5.292474664386092,0.8728432564894757,9.284671155168429,1.3909466571520563,67.66344838112144,2.509318492571925,3.250239064476931,3.3709539208949857,0.5363034805110448,7.287651576486447,1.8040364665814856,0.31407201289577313,0.6624718175511618,1.0,0.18110940045928964,0.07305101455557421,11.56969237675165,2.881328840821891,1.0,0.0
1329,klf4,stat3,0,1,5.526399673741234,4.139467099137902,8.596519369758385,6.119482427761908,63.3972729206726,2.7676295157108703,3.2663866911040174,3.363879782502148,2.4691998052092905,7.37476066693891,0.4522652934102928,0.3063357804862094,0.4915891181297872,1.0,0.08909296448245031,0.07538949199449356,9.801294918988614,3.289417389181817,0.0,1.0
1330,klf4,taf1,0,1,1.1278993280580543,10.371365419574149,18.694599583101372,10.42905504991694,52.51640547901874,15.674336186851475,2.122291246618399,1.0637219052247693,5.2000651170581875,2.8091751976592185,1.502948839739446,0.3017460379146322,0.4791023637875423,1.0,0.2441269292886183,0.11484639487798885,20.35246597706724,8.855093164463199,0.0,1.0
1331,klf4,tcf3,1,0,0.8275342620878373,8.699328417583125,15.23899033647293,8.44836432797103,47.727206231228394,23.541213507216284,2.0732190961157855,0.7849106722300403,4.286004943695347,3.1319139376969294,2.7864818079963145,0.29657791813518875,0.4165531647646184,1.0,0.27441708172467716,0.1390610629041805,17.156696736040228,15.707922889527918,1.0,0.0
1332,klf4,tcf4,1,0,1.395618429497527,12.49777665068915,28.734497162163677,19.728056549365395,60.18140317599726,22.416316519460267,2.702059003228154,1.3309737787052742,7.650906742287636,2.094395556545235,1.136265828484831,0.30607925445328005,0.5440009974508084,1.0,0.2701366252969252,0.10739194421362512,18.618889691452843,7.808713567068804,1.0,0.0
1333,klf4,tcf7,1,0,8.485813412321953,0.21974398692013083,6.581059402363033,13.378756044220822,59.25175516830551,6.9595914909353,1.7817029394783148,3.706518454806996,0.21619304970816075,9.003376439214366,0.5201972042790639,0.3095152409992719,0.6037939334929072,1.0,0.19331802059121814,0.09333790326093333,17.71876994629841,5.745967046835334,1.0,0.0
1334,klf4,tcf7l1,1,0,2.8083363577461893,0.5285005418743497,19.033334046370886,9.052014107412349,105.26406678054326,3.1259139552382122,7.862913835385893,2.4472489064515983,0.4993462810662127,5.530511182333508,0.3453280030439326,0.3194358442969181,1.0205259203606312,1.0,0.17119875490618774,0.0760974769823639,19.644592295259585,3.445922917383302,1.0,0.0
1335,klf4,tead1,1,0,5.692743873959872,0.18686510763103242,6.850568545378034,9.74723570533772,56.459805414688724,1.933044903620045,2.2456273634743487,3.1091095251457923,0.1833500870864078,8.24162331063474,0.19831724214501995,0.30578771517180053,1.037719334165967,1.0,0.16880044915675121,0.052229227462690424,5.2840942365107,2.240557667654212,1.0,0.0
1336,klf4,tead2,0,1,0.7535556039812842,7.701858769848851,30.923935382356635,39.570208285891354,47.289939043987864,40.810175658720695,6.287312713515301,0.7356297509351416,6.447024103094108,1.5292341824956956,1.0313358818803955,0.29753526815636644,0.5372540933659639,1.0,0.2577491932777142,0.10306002410319634,16.250285919759513,11.134308801863716,0.0,1.0
1337,klf4,tead4,1,0,5.193212091666558,0.797115713184467,8.166751951741972,7.123122123326165,61.11303188309967,3.507162841312959,2.8604677955587463,3.1745351145875818,0.7168916753056358,7.483150246783758,0.49236314927523356,0.3090425464398847,0.7021206304361445,1.0,0.237890380978932,0.08793842958175782,13.33863560899534,5.535936571478931,1.0,0.0
1338,tfdp2,tfeb,1,0,8.770284886585296,3.1616393469252304,7.3605433675995275,21.0994314019029,10.155315077284461,5.897486324992597,2.1148629039003617,4.00190624044159,2.749622768452138,1.379696385186354,0.27950925371670055,0.6297629324656352,0.8809482014481178,1.0,0.26657497431987787,0.044787846491336596,1.4850215654538967,3.1916912904498034,1.0,0.0
1339,tfdp2,thap1,0,1,2.081898152588717,8.24831886660072,162.10046015549275,176.7200941632058,8.790581090257035,69.68791157810142,20.97807935277202,2.0554988490190897,7.880500583410076,0.054229217374366395,0.39434062044887064,0.6228203778057317,1.06740013589903,1.0,0.19740640395730782,0.03770965342928393,0.9789621311843144,2.1251954342777775,0.0,1.0
1340,klf4,tfap4,1,0,5.597050023026067,0.3162213336346039,8.778123343067472,3.8111940011985967,64.90863100961417,3.8104013689323133,2.781448478605191,3.4178088992879383,0.29199408153285034,7.394363062906355,0.9997920252115127,0.3099860899277977,0.6138017809575848,1.0,0.21081349659069074,0.0869019178803993,11.846557109849911,5.506524710681159,1.0,0.0
1341,klf4,tfcp2l1,1,0,1.6528019300788839,13.63435839316177,26.27071806118973,14.026333429990338,56.87683992633332,34.7701978258539,2.156386243380961,1.5549720640402658,6.913784302618404,2.165027990245864,2.4789228061205337,0.30588465467664183,0.2883874317825974,1.0,0.34176581481930696,0.16562255660809663,24.655770168337664,17.28718015410329,1.0,0.0
1342,klf4,tfe3,1,0,1.3696345456952776,9.750294406149239,47.69498620794603,51.94718561636634,52.20378132067336,21.621819629247383,6.509466801427128,1.3314013185766784,8.209417194115758,1.0945339431081784,0.41622696923229024,0.3034459792548534,0.9055270191554647,1.0,0.23782374640838125,0.08099054462673351,10.581566319595828,3.7115558942617537,1.0,0.0
1343,klf4,tfeb,1,0,7.06067674335899,1.8489170749457302,7.479854130298445,15.273744412717381,60.63513855911379,6.584716429284114,2.3086565610998595,3.632111685632817,1.6492697039754578,8.1064600328903,0.43111343566817056,0.31005529417616806,0.8880182355294041,1.0,0.26242909423553684,0.07759753018637275,14.322545408207148,5.777066636837825,1.0,0.0
1344,klf4,tgif1,1,0,1.1562639823266851,8.981431914060028,51.163088234581565,64.95625271936939,49.128058458231465,133.83010542006403,8.397230448022126,1.1307104091233475,7.890430489998333,0.9602246493210196,2.060311360605275,0.2988256778715482,0.3267852161391715,1.0,0.3698928020942604,0.17185337606134896,28.14963764566589,22.793810138864238,1.0,0.0
1345,klf4,tgif2,1,0,3.6396087960321655,0.24768940586346352,6.379518948713217,6.330055370562597,51.924224937866185,3.224843416974851,2.8605178644984868,2.3174625448176243,0.2383624946101009,8.139206945743076,0.5094494800111419,0.3035192033595909,0.7207513708092613,1.0,0.16702809990623232,0.07255282356072991,7.863181910018577,3.977293838901807,1.0,0.0
1346,klf4,thap11,1,0,1.1108404033837427,8.65717443483593,53.02921033292394,67.47858775944783,49.05039321834724,62.48715606609115,8.943020077908375,1.0880482858107492,7.672792496110114,0.9249693312497548,0.9260293989680035,0.30026856609223096,0.49451188345866026,1.0,0.3076876258458411,0.1257055461066156,17.60040691640404,11.119770745685074,1.0,0.0
1347,klf4,thra,1,0,5.37866496443222,0.00010000000000013525,7.266071831814136,9.866894142942131,57.371604244170406,2.865232885224706,2.340497596699122,3.0907536171435472,9.999898652025928e-05,7.895821232178256,0.29038852993819037,0.3064976830459784,1.2448832752271373,1.0,0.11226341746778794,0.056610249256551205,3.446420061983023,2.6921910545272554,1.0,0.0
1348,tfdp2,usf1,0,1,12.565783871355329,1.4484548894710962,2.166204315645152,18.019278927024462,8.029322260451103,8.882310090930325,1.2666299960438951,1.8476837549743055,1.3406857168180875,3.706632011791447,0.49293371432355465,0.619256845417628,0.42309368911295236,1.0,0.36541104635524974,0.07353232909257604,2.9313637075151555,4.788799237974776,0.0,1.0
1349,tfdp2,usf2,0,1,2.7908347370548032,23.40319261374303,50.403789294466705,16.961844952979423,9.98392924657698,12.941212355049174,1.8194450530329327,2.6444147054941634,9.834286017022896,0.19807894180830984,0.7629601845155408,0.631347022831115,0.6795466969086296,1.0,0.32097991320845426,0.05869254223254496,2.808733346969187,3.1446694413438583,0.0,1.0
1350,tfdp2,ybx1,0,1,2.827965567393893,12.744658604117822,60.59778526223355,40.23856589842225,7.5292217675289725,1813.0952036991685,4.351300197705517,2.70187499462562,9.679040675791706,0.12424912453395258,45.05864369709706,0.6135984393636974,0.2763431966228964,1.0,0.5234411921044546,0.285313421497327,14.52970967151157,330.43385490526146,0.0,1.0
1351,tfdp2,yy1,0,1,5.91467100574668,11.313282506283183,196.42464944213117,161.23149816009524,9.477941763065672,227.5970494164729,14.622972332821469,5.741776617108896,10.571501963442847,0.048252303313174434,1.4116165390368067,0.624806450964226,0.4802686992253241,1.0,0.36868538609319773,0.07882716015978432,3.125908533958054,8.023453351934242,0.0,1.0
1352,tfdp2,zbtb7a,0,1,10.045273648158114,0.5688944068750514,9.095587165797957,4.125131868563175,11.61048679190604,3.221013615228214,2.168240105389274,4.773435372587682,0.4999470198808229,1.2764966769341548,0.7808268239313585,0.6314666403684078,0.7363006958395204,1.0,0.2689393471005312,0.039688247406279596,1.8243338570346335,3.154934362251868,0.0,1.0
1353,klf4,ubp1,1,0,8.534824437414542,0.3433400603897329,17.111956831745868,4.845727608447964,101.89120681818453,3.17602439712446,3.2178708790471875,5.694576087611655,0.32062260812439564,5.954386621006275,0.6554277610626379,0.31976374753497433,0.6039599807489887,1.0,0.26500038750584404,0.08167193916272006,23.303347655410928,5.252269541096885,1.0,0.0
1354,tfdp2,zfp148,0,1,10.833105076021615,0.5565367386974013,6.161130183199355,7.254780804745827,10.085531225426895,2.3299575110627204,1.6890740263204473,3.927459496915693,0.5168848951002954,1.6369612271672003,0.3211616689422984,0.6290251802929812,0.8068960099211863,1.0,0.21173000540595585,0.03190075629995703,1.0195661783320338,1.484975050396321,0.0,1.0
1355,klf4,xbp1,1,0,0.8216367187961343,9.010639990438428,29.639121163831312,36.816862574267354,69.09038125018255,27.699680234110595,5.226920994401717,0.7994742072698174,7.2389607914105,2.33105363915087,0.7523639522035457,0.3165983975995351,0.7000038651824366,1.0,0.14954589489881595,0.07752085251066608,11.560684037773925,6.650889985393973,1.0,0.0
1356,tfdp2,zfp263,1,0,0.21101766895542234,7.986063836318983,19.776802194098046,28.323906600735484,12.353595416624522,1.4065512662149826,4.592434513849353,0.20878988939184479,6.229598192582821,0.6246508052910182,0.0496595079923918,0.6367727149534492,0.8138551254385579,1.0,0.15937356766234623,0.02289246752388721,1.2486120868715802,0.9956901490477585,1.0,0.0
1357,tfdp2,zfp281,0,1,7.6024888853472214,0.8100322354344873,9.556997073782245,2.1653624679064656,11.414361831874714,3.3537273613117495,3.1014334070613248,4.234215652134341,0.5895061244932311,1.1943460632825542,1.5488064520459843,0.6297284573758161,0.5494822929171668,1.0,0.21363796619359585,0.04103903254290425,1.6243664510861988,1.2367680446966531,0.0,1.0
1358,tfdp2,zfp410,0,1,0.10187786677034119,7.566997917726841,13.971687264779021,17.560083688272773,9.997655463258903,1.6018718984959284,3.3379325246001725,0.10114037775169814,5.288203333272972,0.7155653625644639,0.0912223385111606,0.6277417252947548,0.8454963839579224,1.0,0.23026495598301158,0.045965945504209585,0.8939304719265857,1.0783580256512915,0.0,1.0
1359,tfdp2,zfp57,0,1,15.598638555053968,1.9231146137662258,2.1156756154014227,19.945935001427998,8.565023918018584,24.57842039847034,1.2435968267179742,1.8629938989921264,1.7540002771691905,4.048363489973617,1.2322521053392927,0.6212834497297903,0.32850549183074146,1.0,0.34516668084253105,0.08689622374025219,4.726993880375269,7.959072744771916,0.0,1.0
1360,tfe3,thap1,0,1,0.39725374684840287,5.493531779226364,57.61505118483182,71.26217092887494,2.9029096267352634,24.791852210926777,13.522172184380683,0.3945334526009851,5.100350681997159,0.050384570820263465,0.347896392823493,0.8678320168615223,1.0104351455702807,1.0,0.15993418640399162,0.026508675591898196,0.7036247432245659,0.7631702447311487,0.0,1.0
1361,tfe3,vezf1,0,1,4.435854158841704,0.43031308852966993,62.073532464539355,0.34550731914974764,25.34977145732445,1.3132894108507882,1.860114346842984,4.140004157548865,0.19163754928494986,0.40838293634740336,3.8010465714087824,0.9059479315012552,1.1244770556113075,1.0,0.03824161200054335,0.01613191264660684,0.29310679074140067,0.06622625720938613,0.0,1.0
1362,klf4,zfp219,1,0,1.4952598748650159,12.821939667085973,33.24984452777434,26.246750231284548,60.14907350288452,19.22166936840448,3.184044445518872,1.4309111808023351,8.61391177431423,1.8090031504550539,0.7323447359777672,0.31004327579616975,0.5451332350821011,1.0,0.25313563077863416,0.0898993250607573,13.121918729492734,5.89990708417648,1.0,0.0
1363,tfe3,yy1,0,1,5.442071092351247,100.53008486745202,164.2093199462995,40.443748466422775,14.859582802089529,71.47629886695168,1.4456621072190927,5.267500535676837,28.840908766792996,0.09049171391093379,1.7673015379940058,0.9034338899658764,0.4680750453167193,1.0,0.2939272425426036,0.058627844915365025,2.8671989103669677,4.252322693618674,0.0,1.0
1364,klf4,zfp263,1,0,3.5324365639988327,24.175990569499312,18.873192188559557,13.150404859476266,78.32629527608565,1.372351496119248,1.8329201706315794,2.9755181121008443,8.51740598614029,4.150134990071527,0.10435811754725731,0.3207524721915091,0.8015961173050068,1.0,0.1723287907981095,0.05455622745130334,9.661792556980497,2.1787200450726125,1.0,0.0
1365,tfe3,zbtb7a,0,1,7.817812942275376,9.999999999998899e-05,55.81145688921103,4.036250354337744,23.122717202882345,3.3891148259198665,6.144566923968675,6.857277022842831,9.999752251435912e-05,0.4143005485196754,0.8396691306022672,0.9071250000000001,0.7459547715419778,1.0,0.1374482253558064,0.030939275310586573,1.0334205963581848,1.096939309877544,0.0,1.0
1366,klf4,zfp42,1,0,0.6026436243483404,7.040503759924996,95.50194979106185,130.45166768655633,39.76003833435346,1384.5917129985423,18.99486133353005,0.598864623521628,6.679983646873958,0.4163269799343369,10.613829148780066,0.2863252470503832,0.25149590859357457,1.0,0.5185981003025769,0.35726076684959296,61.52328212629771,150.85619609292087,1.0,0.0
1367,tfe3,zfp219,1,0,0.9919044129874166,7.809722989099355,20.881042880087172,18.927933849923257,3.2515981232709623,14.173121752476797,3.5862689205478144,0.9469230782216429,5.528604133633616,0.15572010181406168,0.748793918282542,0.8736138505369274,0.5389919269292183,1.0,0.16693105221447807,0.03941616025440201,1.210664723709277,1.312474793456792,1.0,0.0
1368,tfe3,zic3,0,1,6.0588027173506935,1.38672536731461,29.791773149172325,25.71339506141275,13.748689214024543,4.862357431232021,6.236215529478271,5.034855696124326,1.3157660057349705,0.46149281364296735,0.18909822758212125,0.9082899395523059,0.9815909275368734,1.0,0.11922817048385008,0.0264820493248206,0.8368506684582803,0.7820695221721768,0.0,-1.0
1369,klf4,zic3,0,1,3.357917414424317,0.3280951090760506,8.654636044863985,6.976902182044237,61.72090201257933,3.5338125385564756,3.7456111629799,2.4192652452324612,0.31335911448088805,7.131542180702913,0.5065016602427219,0.31084483645598354,0.9586280098252843,1.0,0.15250522699836314,0.06934048802788935,8.745743982400956,3.9526836252171904,0.0,1.0
1370,tfeb,usf1,0,1,2.7814205213089105,7.448009061109868,15.235376897478245,3.459096352687297,4.84021040556126,10.893805025972869,1.7317839371431616,2.3520267763200677,2.3620731624613414,0.31769548191239105,3.149321069796078,0.8628193038739294,0.43134142719239615,1.0,0.30816727791603904,0.05919920689631851,2.5674205036609576,3.3241826943438824,0.0,1.0
1371,klf5,klf9,1,0,3.595734060116534,31.565147419559388,87.79270896415456,58.11322615729321,53.070476766848515,142.0965864060142,2.9574181213112167,3.4542577092430613,20.454792805861395,0.6044975419145228,2.445167749272875,0.29036094647258065,0.25364449698969543,1.0,0.4243051889492684,0.16136628058716185,23.359870022590062,25.8431297037437,1.0,0.0
1372,tfeb,usf2,0,1,4.409203653143572,9.509152490710019,39.3775911188466,21.298894814701114,6.392863986777348,13.34464363122848,3.6026027078344374,3.9652095915519525,6.574075814308834,0.16234776696936254,0.6265415998025222,0.8871043939683828,0.6780809638208614,1.0,0.25497917367561834,0.04659367867472727,3.0472046274186977,2.576768835070199,0.0,1.0
1373,tfeb,zfhx3,0,1,2.99880365351449,0.8985657544823998,3.7150285659113242,7.218170752258856,6.732358748174652,1.915934003929904,2.517524871686508,1.6593565153640903,0.7990897625664456,1.812195688062806,0.26543206993687857,0.8889224797580205,1.1540407081777673,1.0,0.17472053698397189,0.030179124104932103,1.2153643030033165,0.4045324141064953,0.0,0.0
1374,tfeb,zfp219,1,0,3.9776757855923104,5.091790189833567,43.503434331583335,36.61752932148749,5.1856906447447315,23.791424709190064,8.245237913044349,3.6444505384099783,4.470194641379504,0.11920186818400079,0.64972774378934,0.8643535795992499,0.5464207029930015,1.0,0.2590039853377807,0.049555173426605335,1.5029873005139898,2.2158497187849364,1.0,0.0
1375,tgif1,ubp1,1,0,10.41285569514216,0.861339218481362,86.69417194013498,3.07229430021939,183.18556983424722,3.0393763982395567,3.1282808880372954,9.296277766971029,0.6727336339074517,2.1130090493365867,0.9892855635680857,0.33765592083062884,0.6042781646753862,1.0,0.3780710247038882,0.08674045092380639,8.279411811800802,4.186196898352579,1.0,0.0
1376,klf5,mafg,1,0,17.915152566467825,1.7177123647503714,11.66795168136869,31.551196548925525,41.684288528639144,19.10128433157641,1.7411891684121026,7.065963489114972,1.6290248825226799,3.57254552186742,0.6054060200841068,0.28828162796136103,0.3687215713706449,1.0,0.4458392887199046,0.12124049582663976,15.854764949413575,12.420555358654164,1.0,0.0
1377,tgif1,zbtb7a,0,1,9.289459630072596,9.999999999998899e-05,48.982546931706764,3.0234094720866747,106.13865412059553,3.273662597923526,5.318231719842572,7.80857600669401,9.999669258518103e-05,2.1668667876453602,1.082771827020881,0.3256683123356334,0.7387753448015199,1.0,0.31423159452538296,0.06876063924118375,8.32130581594673,4.091833276698925,0.0,1.0
1378,klf5,max,1,0,26.832845790940933,4.328958766431861,67.04525589080009,103.66728930850729,140.41932951477142,23.84910976988277,3.6447226819604883,19.163308376546727,4.1554352937602586,2.094396205206216,0.2300543395024956,0.30500850507973015,0.43606245461048704,1.0,0.4305579513159665,0.11083264362639042,18.37363445431999,8.798757462995393,1.0,0.0
1379,klf5,maz,1,0,3.955051501589167,22.019585569214904,102.90173025050005,89.16513632587514,42.31492845096773,145.14706139977955,5.243428934204426,3.8086646076200634,17.65871529517243,0.41121687991016165,1.627845449249415,0.2870616469788391,0.3584489125417152,1.0,0.424154529053994,0.13524152023933636,17.04329887462846,14.926327124996337,1.0,0.0
1380,tgif1,zfp263,1,0,6.560064071864728,0.48843203185120276,75.72152827467508,0.0866849178816919,161.17062125835156,1.4069357750501055,1.2757561350414903,6.037049878778561,0.07361927098735924,2.128464981236449,16.230456340401684,0.3349923472340289,0.8113289632909124,1.0,0.159665808119371,0.03910781906665873,2.931659970267946,1.7115808868464635,1.0,0.0
1381,tgif1,zfp410,1,0,6.239452368980475,0.045572804119382374,71.45143391275214,0.010593747532237328,150.12793016587125,1.4967385429935312,1.3377537311990864,5.738354135609828,0.00859562794902186,2.1011185072813143,141.28508711755472,0.33197102194238676,0.8401208369377161,1.0,0.23052528220635476,0.054160676891990354,3.563445687097611,1.9219573460965451,1.0,0.0
1382,klf5,mecp2,1,0,5.898275580530363,0.10670259187829859,27.95679433689204,0.06587214863547827,66.18896417411665,1.1949156811962365,1.9023532051722967,4.870670116747894,0.04072860820229336,2.3675448399594616,18.139922652419195,0.2971202850316731,1.1230196594621664,1.0,0.19238588913196142,0.044956921479640824,4.6459074272996785,0.5439443270936213,1.0,0.0
1383,tgif2,thap1,0,1,0.7522611945119797,6.744692183907619,1.337645178397929,114.13282887309745,2.5384925137120744,41.5252309312848,2.4473364296597424,0.48148499510709614,6.3683536202286755,1.897732339417824,0.3638324865973144,0.7049448917658082,1.033306014056455,1.0,0.16193441078969315,0.03360719207732702,0.5049591180463214,1.9057491413723913,0.0,1.0
1384,tgif2,ubp1,1,0,3.4119646494097116,4.351546684338061,9.999999999998899e-05,9.999999999998899e-05,2.8454639027400903,3.4366304385654423,7.214595697239241,9.999706922316397e-05,9.999770201931056e-05,28454.63902740404,34366.30438565821,0.7147036194347642,0.6161779041912075,1.0,0.20350488874807607,0.03553472490530266,0.9862158727474194,0.7677305242304365,1.0,0.0
1385,tgif2,usf1,0,1,2.434554048163445,2.2475935855583082,15.418915924835586,7.980694575237507,2.4448416712438727,12.563743334405597,4.15883953141457,2.1025707741896524,1.753700878741002,0.15856119088799964,1.5742669032076946,0.6951812608074599,0.43934145283889803,1.0,0.27895956299463587,0.05496036676151746,2.1162833122167517,3.5832078695294034,0.0,1.0
1386,klf5,meis2,1,0,1.3866404356786806,3.988940293725844,28.477221364094913,25.10409007580709,65.7179921070269,3.5550197278094204,7.617154942773751,1.322255872464765,3.4420173893462174,2.3077389211114,0.1416111763889585,0.2961611354888194,1.7980914792387543,1.0,0.2085816821584159,0.05155092602911859,6.394437874047604,2.9112929546622115,1.0,0.0
1387,tgif2,usf2,0,1,0.7453361086494935,7.173067306576243,1.0967272811792195,39.24845687006116,2.4983875713464885,21.88953338131545,2.5154706659238286,0.4437580424851005,6.064682877213459,2.2780390478298127,0.5577170448709501,0.6945625986753238,0.6888258767674214,1.0,0.18945346295890889,0.03633209693277184,0.60543043735032,2.1452249369604632,0.0,1.0
1388,tgif2,xbp1,0,1,0.7279696187068283,7.058017684647128,1.237054143085316,22.34270354273191,2.5195165606984387,18.125745214667816,2.859459768639894,0.4582834316671111,5.363650622984659,2.036706780201677,0.8112601583779294,0.6953171151346881,0.6906226937611831,1.0,0.21902311984747905,0.03518729885362013,1.0975597852444952,1.9013522484002052,0.0,1.0
1389,klf5,mga,1,0,21.08084188198537,1.7786267363479327,20.45682487580398,41.28985841373115,55.73282526958519,27.05191035363644,2.051458369314833,10.382073050201337,1.70517365212108,2.724412297995723,0.6551708190077056,0.290244095648768,0.36030184700408435,1.0,0.371726319134876,0.1114308143554948,15.478601686292132,18.572141901757778,1.0,0.0
1390,klf5,mitf,1,0,36.96115409406016,2.4904711752771767,28.23954490840125,64.60424226858652,73.42399295611514,20.23519346764747,1.82239119160284,16.008511977243483,2.398028025041862,2.6000416506100117,0.3132177200302329,0.2958592152199762,0.5204124410764175,1.0,0.19786160880709636,0.06907133363851646,4.5580462570679,4.584202495929213,1.0,0.0
1391,tgif2,yy1,0,1,0.7494553681370812,6.53147394440693,1.1487849695214674,136.11127093867375,2.5147016160617977,190.72571964064633,2.3018201458637293,0.4535585116187354,6.232404041332408,2.1890098519562895,1.4012485397082188,0.6993446378010373,0.47630573354643757,1.0,0.24761033387397044,0.05175447129621969,2.5534095024338135,5.69309376215744,0.0,1.0
1392,tgif2,zbtb7a,0,1,1.0184479982828842,1.1557757135610502,0.49250116867682203,0.7181573339876814,2.5381062587003194,3.5082638020094525,3.7933284490504797,0.331968037283591,0.4429340771936672,5.1535030170980525,4.8850908233844335,0.6984563510005166,0.753675171587638,1.0,0.08764018989240067,0.02079456709585894,0.532406824960336,1.479131870391912,0.0,1.0
1393,tgif2,zfp148,0,1,0.9975910969251892,1.9136952949109582,0.309428527638196,0.5950403246112159,2.4641032572415664,2.3069006443385756,5.199727596305601,0.23617330490324578,0.4539042937125676,7.963400388611733,3.8768811943053527,0.6965068493150685,0.809324667434037,1.0,0.0766100608070073,0.010740063987203006,0.610504313549155,0.2232935876272551,0.0,1.0
1394,klf5,mtf1,0,1,46.43449418063694,3.694951394658194,15.15034647076861,62.049576091053424,55.63563898324269,6.9844781946232635,1.4052509661167165,11.423244220336915,3.4872890031100354,3.672235423169182,0.11256286722046302,0.2915800216388763,0.8725556584347924,1.0,0.27624533999034906,0.05962499209064969,7.100999075598619,1.49879384310678,0.0,1.0
1395,tgif2,zfp281,0,1,1.8954788851394864,2.4006547427621507,9.999999999998899e-05,9.999999999998899e-05,2.6578845993671147,3.3060538089370826,8.906262192713234,9.999472456667499e-05,9.99958346432277e-05,26578.845993674076,33060.538089374466,0.7042395366594583,0.5491955448965669,1.0,0.18295337255467378,0.025847153927032924,0.6442301796097469,0.8973204897158649,0.0,1.0
1396,tgif2,zfp57,0,1,1.5909804907417258,2.812261976065667,9.029618947610015,5.407772781937706,2.4971788345220487,21.70847426512508,3.3713703187180792,1.3526494119157633,1.8501228057507957,0.2765541767610259,4.014309613309331,0.699505535747795,0.3221475155305624,1.0,0.23900550396595122,0.05548342387226728,2.5051423478645467,4.709819147225792,0.0,1.0
1397,klf5,mybl2,1,0,5.600448214534944,42.298308184899405,150.04052930199268,92.19024182171046,59.791429280263955,425.0222078942971,3.298205232307943,5.398926605610605,28.99496841941904,0.3985018551882026,4.610273272916027,0.2922350807019729,0.2564724358591647,1.0,0.521307691148919,0.20593207454094198,30.561538074544078,48.71539258269087,1.0,0.0
1398,klf5,mycn,1,0,16.12831646974628,3.350040034917197,16.467598702556117,37.89175083611869,48.8834928116811,31.0414720801757,2.1460599810476495,8.148095918389524,3.0779187715452476,2.968465147507715,0.8192145096284849,0.2920187155744961,0.5518909396384023,1.0,0.3303164464412226,0.12213315171469467,13.007639014704264,12.963929528863279,1.0,0.0
1399,klf5,myef2,1,0,7.986474387826742,6.167971385425628,43.14675127106951,61.3143387260868,94.83775211356354,4.5160708011049,7.046540942842133,6.739070721707443,5.6042107354336075,2.198027645644634,0.07365439952438878,0.3012696336716501,1.4049858340953894,1.0,0.26824748988538616,0.06675489504130162,5.572709739218629,3.7802099996969205,1.0,0.0
1400,tgif2,zic3,0,1,0.5896800119197091,4.6140790661828825,2.952168411915475,6.5256446026353245,2.7450225287806176,6.916106346528284,2.8965313138003257,0.4915045750157472,2.702925229523513,0.9298326334301322,1.059834969212892,0.7117291294864168,0.9985274279007579,1.0,0.11289199711102262,0.022735226982466945,0.3226798123915945,0.8029556924850271,0.0,1.0
1401,thap1,thra,1,0,6.627711732436206,0.4613304987707764,174.81588134537336,0.3561495956536537,71.09198131015536,1.2140817070532288,1.7724644156913314,6.385616863925554,0.2009867539534309,0.4066677510248806,3.4089094073656954,1.0644933765346383,1.191263282172373,1.0,0.20612809446937158,0.03349194559158829,1.5797331557655034,0.17956749824771545,1.0,0.0
1402,thap1,topors,1,0,31.68961519530599,4.790334022993389,107.5817409196167,133.72752422606553,40.0936047212984,34.316362593791084,4.552288760424467,24.479003198407607,4.624670906757589,0.3726803858961129,0.25661405752027155,1.0277676317562356,0.28546537369124525,1.0,0.2603597800900379,0.05077471485042268,1.8375721931748188,5.009948681265076,1.0,0.0
1403,thap1,trim28,1,0,39.753046327337415,4.35291101739187,34.19919213683896,89.51295301210735,12.580546048542137,155.62920913886524,1.9507549020316428,18.38378523230026,4.151050260861926,0.36786091315269764,1.738622220605493,0.9861078890533622,0.2333156048265084,1.0,0.42351656685651,0.11926126340417875,6.219585760522522,46.32124698879791,1.0,0.0
1404,thap1,ubp1,1,0,16.134879434558368,0.4141602242955114,54.73682200324237,11.516164774585667,20.224861946348756,3.524263254559351,4.550420582199708,12.461560901402898,0.39978268710313863,0.36949280586934197,0.30602751207041046,1.0094047979085332,0.6196733923646391,1.0,0.22958320678797028,0.04565214905724607,1.8937639673907785,1.1500613452337518,1.0,0.0
1405,klf5,nfe2l1,1,0,6.555491492900145,0.3834056976710846,42.385119928288354,0.1978105513964598,90.85641500175362,1.6905617039922618,1.7159625992883178,5.677397258571052,0.13048790804891602,2.1435922596296564,8.546367683915761,0.296256058651149,0.8348092780779436,1.0,0.2215912010078127,0.054985787241847474,7.8564106405005,2.3623683392684014,1.0,0.0
1406,klf5,nfe2l2,1,0,14.20154836979823,0.914005938912099,15.822637942096604,25.446352745353963,46.60862977664793,14.85155778126499,2.190086768544528,7.484164790952777,0.8823141525304051,2.9456927439794516,0.5836419045938366,0.2893965635666075,0.3206711282873032,1.0,0.3441559941811968,0.09005243698791739,13.104136382713529,7.698318326831782,1.0,0.0
1407,thap1,vezf1,1,0,5.574581389307549,0.2612073520031737,95.47616068528804,0.13801170914917213,33.09464869356655,1.232864362992966,1.591782267826332,5.267053141340069,0.09030048061390167,0.3466273513307088,8.933041773002067,1.010079490905888,1.1127632361689468,1.0,0.12022063134182681,0.021551494844331946,0.782751342648392,0.1481825460468581,1.0,0.0
1408,klf5,nfib,1,0,10.002040477004634,0.00010000000133736364,52.116547883061365,3.8645891566871082,112.16924429742565,2.4533440257650474,4.5112421585089635,8.391559357830458,9.999741380707025e-05,2.152276941847913,0.6348266080289268,0.30215390507202833,0.8033534942984791,1.0,0.2687587691967664,0.05800036175526921,6.769007267126849,2.751137791997601,1.0,0.0
1409,klf5,nfic,1,0,7.773424049209688,0.647128769605339,26.732726060790863,24.207221339171927,63.69161589516854,2.121169899460919,4.557656792466564,6.022254438685132,0.6302795805250327,2.3825335190407544,0.087625501074279,0.2950357053346786,1.204695564176084,1.0,0.1893676021992564,0.042067208937105215,2.0507688298606084,2.186451401862625,1.0,0.0
1410,thap1,xbp1,1,0,97.47838914317565,4.435124332161195,65.43318603536267,199.62049625195525,27.677612883839096,29.950092662725996,1.69409097013191,39.152046527343124,4.338727439071843,0.42299045118911105,0.15003515783731872,1.0299822000711998,0.7033892640857906,1.0,0.1592160307234167,0.03611276230404206,1.161844828564004,0.9640947960165439,1.0,0.0
1411,thap1,ybx1,1,0,7.775019305407921,186.19491475289772,207.32064466413203,24.537757931258348,15.04229346101337,1809.6806982515557,1.1742299808744867,7.493977260748079,21.680576096928103,0.07255569499787397,73.75085789505755,0.9940616210749609,0.27641837069508746,1.0,0.440368874192005,0.22131228126444266,9.111879814666654,220.6822513660734,1.0,0.0
1412,klf5,nfyb,1,0,20.089803884947322,1.8338720794614007,16.49767516874871,37.97635439049361,49.83628161596814,22.90576216147675,1.9030576824280594,9.058701699871436,1.7493941173386225,3.0208063321777745,0.6031585319103355,0.2904738335788908,0.39417956882845273,1.0,0.3856481925027636,0.11157448717643388,14.486265613584525,11.767823006962445,1.0,0.0
1413,klf5,nfyc,1,0,10.683850631745228,2.2259139967501267,42.67831745570846,51.49993687550994,92.89532924912892,15.812739446210673,5.21053440245056,8.544794659836917,2.1336922256569424,2.1766399142968944,0.30704386074170503,0.2992530180866133,0.42331905133534115,1.0,0.4636678968338391,0.12090470993537203,19.86154175264962,12.346891576183078,1.0,0.0
1414,klf5,nkx6-2,1,0,2.972641374560129,40.82693916870167,64.95054602056702,25.55125323336757,60.88440237543077,192.33120383667386,1.695469495545325,2.842544465380324,15.715695527289927,0.9373963131295512,7.527270857521271,0.29339625534134206,0.5038454554663708,1.0,0.3509592632521728,0.18546652963729363,24.685611377583257,38.02974434867579,1.0,0.0
1415,thap1,zfhx3,1,0,6.794991263705211,0.37570436205464103,68.755239127209,26.037321582213693,25.412667060509495,2.0693220642325247,11.24416820341232,6.183849430848764,0.37036026524556204,0.3696106272496805,0.0794752278070758,1.0142043400945513,1.1624887791159242,1.0,0.09026918865394454,0.02072108297536411,1.3067641327624382,0.4391767977903511,-1.0,0.0
1416,klf5,nr2c2,1,0,9.80538742120615,0.42981625415501656,39.49674217286815,31.903173781571482,87.66958793777586,2.3628054276296377,5.0821208248834,7.855256194187031,0.42410252300513784,2.219666309541841,0.07406176713974728,0.2995326589564148,0.9200090874408995,1.0,0.21815319258424953,0.04856734081028447,7.8094706034347,2.451479870859357,1.0,0.0
1417,thap1,zfp148,1,0,6.670929619845561,0.9027195933242779,29.626541979833114,33.99248713853456,11.613447557668866,2.7760297907690603,5.514662435431193,5.444913039855268,0.879366739437112,0.3919947041262588,0.08166598046961082,1.0062778490697333,0.8219280663033199,1.0,0.1825919109147714,0.02940909005840794,1.5654177068471595,0.5500693790704516,1.0,0.0
1418,thap1,zfp219,1,0,12.471040842273908,2.6060395871443274,100.30967463068424,99.87112355546735,35.52881877244103,8.693340790417329,9.101345495519158,11.092020864989271,2.5397668477212805,0.35419134697873833,0.08704558916461114,1.0291351154812907,0.5306631515775034,1.0,0.22473856818559554,0.03742217466645087,1.2556319225963237,1.0838742619270878,1.0,0.0
1419,klf5,nr2f6,1,0,7.24256535448585,2.7968678709858352,38.42540291447054,44.159253526828856,85.19037854309123,3.911381805703762,6.644458651105545,6.093953868091878,2.630276814167482,2.2170327981391074,0.08857445480430078,0.29972811418195233,0.9785328143214556,1.0,0.3060345946256984,0.06310544295860623,7.883139910788676,2.544224927452589,1.0,0.0
1420,thap1,zfp263,1,0,7.975259916188703,1.3189546416873466,181.1784285959639,0.32323286430453324,74.3839313488403,1.4369676067233281,1.2941949135655477,7.639000172955201,0.25961072360178367,0.41055622308503315,4.445611091604509,1.0612131495562063,0.7931900623892086,1.0,0.15351582528614383,0.025517121380759938,1.56845821671978,0.07013900370285832,1.0,0.0
1421,thap1,zfp281,1,0,9.012713396323196,0.7251015020051721,88.03797295290421,2.2848700902426855,33.297874230391486,3.4779094804141613,2.9950251766223346,8.175738349367125,0.5504247078572552,0.37822172766522166,1.5221475808476963,1.0210786756852974,0.5588514569227816,1.0,0.24504217364845493,0.0391560996420341,1.2987037771202172,1.8388523287999563,1.0,0.0
1422,thap1,zfp42,0,1,1.25769970160809,5.9219006615390395,128.38136359577334,117.58861186701292,2.6682879978945637,1250.154513940214,18.088894931524656,1.2454980665515598,5.637966065793357,0.020784075843718573,10.631595135709901,0.9612670865853122,0.24652171315280755,1.0,0.4380709921920855,0.1369956812206629,5.672899428336798,64.07163767997581,0.0,1.0
1423,klf5,nr5a2,1,0,19.552337502305015,1.4684987930773692,19.05636971446891,35.89436860594529,54.47146008645358,11.65177679367116,2.053531282795788,9.650584002567218,1.41078136250013,2.8584384592987346,0.3246129475513672,0.2935238269762405,0.5324231681581827,1.0,0.24886364021056956,0.06910283918731594,6.074722795076135,6.14216238212126,1.0,0.0
1424,thap1,zfx,1,0,9.862855228170504,0.7886375475735203,92.42546661162491,2.9554197931545745,32.99750680000355,2.261469066046155,3.133352233567507,8.91185797352589,0.6225211864064053,0.3570174759155963,0.7651938554665678,1.0234736975179966,0.7781622452902729,1.0,0.19858623490483757,0.034787965466383006,1.193566133479591,0.604861063641734,1.0,0.0
1425,thap1,zic3,1,0,22.585349746115252,3.955157540784588,20.57372259268596,57.51581930543871,9.443386188190296,7.749194146663218,2.0056315473465745,10.766327799812762,3.700675312341096,0.45900230965238425,0.134731526738948,0.9954815509838948,1.0031264758101637,1.0,0.19874493129420637,0.03857287269605762,0.9514368302265208,0.8299013941374944,1.0,0.0
1426,thap11,trim28,0,1,26.544808406190135,4.252637979180756,56.95559269023639,93.45272497259735,52.56854657104532,136.6652856870653,3.2887843689588605,18.106203991492325,4.067541386367357,0.9229742697429059,1.4624002213647482,0.4888623126309333,0.22859902458643133,1.0,0.5333042443871314,0.18104932600366924,16.525883897961876,46.72938280863979,0.0,1.0
1427,thap11,usf1,0,1,11.835730750938472,1.5997818865704627,21.057104885266792,34.96979616846852,24.35323524844608,9.874483908062613,2.906250795865069,7.576915124397627,1.52979742897713,1.156532931812745,0.2823717890859831,0.48399472876606586,0.42829682119158313,1.0,0.4123818164550953,0.08503284795560224,5.134736706697014,7.279899867062685,0.0,1.0
1428,thap11,usf2,0,1,11.580087207321139,1.5292937271608165,11.91895110878034,27.76862693079429,16.919970297336956,4.412753951929915,2.14101966394495,5.8735379466529345,1.4494676080570907,1.4195855107478805,0.15891149256056114,0.478124582219456,0.6542110339163676,1.0,0.35312772907824735,0.06034960292951807,4.4524171359747235,1.9900120390574594,0.0,1.0
1429,thap11,yy1,0,1,2.592798706215843,26.097168714553256,47.86852055567049,17.33944627164898,14.491900338389579,32.924504588089874,1.754571923213356,2.4595757697312597,10.417719127328317,0.30274385274839816,1.8988209930280981,0.46948169415853175,0.4408964148324512,1.0,0.4157728475970948,0.08364056986634567,5.552178873169833,13.515283870136741,0.0,1.0
1430,thap11,zbtb7a,0,1,8.351085833199718,0.17676651401551666,15.042120252333255,2.9481973294252763,19.1689548762613,3.17851428482056,2.969171883168936,5.369851267126339,0.16676755017381234,1.2743519234456266,1.0781212821463961,0.47910125588697,0.7361214970190914,1.0,0.22835384259052086,0.04102856057472689,1.592180515498698,3.2644589752406397,0.0,1.0
1431,thap11,zfp219,1,0,16.92230963337015,1.7912304595232955,20.023834926288863,36.73612325461095,24.16501252104574,8.096157189918037,2.2897356452343565,9.171445050862948,1.7079517951506902,1.2068124118082901,0.22038681473832009,0.48143309336964557,0.5259848734774812,1.0,0.33058720437490446,0.05635519201925445,3.5609446926579165,3.291942102561557,1.0,0.0
1432,klf5,pknox1,1,0,5.843793100347735,0.2634833235712755,27.651343167301633,0.203076030105991,65.27663938063128,1.4758933094010995,2.053457447800458,4.824244544796557,0.11468454533868258,2.360704107054823,7.267688405326763,0.2951382699762281,0.9788090706693477,1.0,0.17088094683040758,0.04274394323698625,3.934133026754144,1.0571990938559468,1.0,0.0
1433,thap11,zfp57,0,1,11.347460966877346,1.2946037518918252,9.587557596606525,21.168514281382,15.286661214644434,21.02954682915042,1.957736851859407,5.196768049919323,1.219992610556513,1.5944270540867556,0.9934351815916621,0.47445312738351036,0.31948230109207176,1.0,0.3615279864330481,0.08213899337367261,6.793457972332774,8.058566827183226,0.0,1.0
1434,klf5,plagl1,1,0,4.561919209960446,93.72617514655975,144.02978930524466,49.44579894903031,109.26107321972357,29.468410522128895,1.5707271224341426,4.4218635696682655,32.369223389098615,0.7586005210919583,0.5959739987719787,0.30393748170974944,1.027415553285393,1.0,0.19872574424913897,0.060311901949137124,5.8393437200955445,2.8514935971240765,1.0,0.0
1435,klf5,polr3g,1,0,7.756658686332372,1.9870331544773068,12.896247212070413,20.834917082845525,38.361586593488816,6.329917734298687,2.916536810360066,4.8434727999381275,1.8140286252440858,2.974631764005251,0.30381295539258174,0.28410008014173693,0.6324633319107837,1.0,0.3359380803867036,0.08156339891226697,8.54103038922129,5.176139434892038,1.0,0.0
1436,klf5,pou2f1,1,0,5.5073762453490716,1.1408131881547767,45.3452458720358,38.03637107531656,95.86930011396842,3.2464000114850684,9.042837994494153,4.910923361605522,1.1075934773783354,2.1142084086281376,0.08534988800737085,0.2971816819899271,0.8426448859023714,1.0,0.2718309925101743,0.06197768981292734,5.951093005358581,3.591261754446827,1.0,0.0
1437,thra,usf1,0,1,1.7871124455205538,7.92659128844098,14.273640701403144,4.52035608262861,1.67807771647929,11.92172490544326,1.7668819504646571,1.5882568337246528,2.878699015671672,0.117564800150415,2.6373419897732293,1.2267319025909036,0.43225445881531216,1.0,0.23008574738934343,0.03916463036309596,1.2392622916936642,1.3015848825734984,0.0,1.0
1438,thra,usf2,0,1,2.2593560758427595,16.454552656449234,33.83483053980428,41.683612257481606,1.8479929797529875,23.265879255357188,3.7691942461717036,2.1179291493461063,11.7975033064278,0.05461806517928189,0.558154104103137,1.2318534360586464,0.6859950922036793,1.0,0.20822523538822063,0.03210921362663839,0.6325982072526999,1.5042013839103072,0.0,1.0
1439,thra,vezf1,0,1,3.537197975382781,2.8073912210045853,0.9684032811684744,0.7373859094985263,1.349272226935446,1.9586822304603373,4.500305662255027,0.7602612682430573,0.5839946074479525,1.3932958026612792,2.656251231858197,1.2104366482630966,1.1547026443416504,1.0,0.10240624272134322,0.01904921861199809,0.3081503774020598,0.9862612295458201,0.0,1.0
1440,thra,yy1,0,1,0.3430348404215843,9.298485031414053,2.3280837268140058,177.30715313810413,1.4726390995636456,252.63190152155963,3.3905585518411954,0.29898104843104584,8.835145205631905,0.6325541829111788,1.4248263369542977,1.2207792207792212,0.48711091171286647,1.0,0.26899082056891777,0.052122661815695394,1.8882716456885649,7.998607896423841,0.0,1.0
1441,thra,zfp148,0,1,2.6621885864011796,2.9128438753949033,0.6496890099029045,1.1118424469519241,1.4760458701428034,2.808168217141841,4.124015344086941,0.522239912732267,0.8046896584277224,2.2719267951960544,2.525688981240402,1.2187333935593578,0.8239674961799327,1.0,0.09239133832369203,0.021582001883546722,0.11402915545306305,0.193757362982029,0.0,1.0
1442,thra,zfp281,0,1,1.8829670668366405,2.1094655738398282,0.15645353716085164,9.999999999998899e-05,1.552974097072795,3.2938243499716386,7.727251107116314,0.14445125119680727,9.999525968751708e-05,9.926104102562826,32938.24349972001,1.223220835178197,0.5466034755134281,1.0,0.13163194216729607,0.018668506885577193,0.6492685860642996,0.3974617974227683,0.0,1.0
1443,thra,zfp410,1,0,6.7014296560830715,7.084878713627261,0.2306361587083549,1.7406651982148948,1.7103149548902965,1.568090120341547,5.244702888890128,0.2229626831348478,1.3973531754611535,7.415641001257881,0.9008568229833464,1.225909309405544,0.8436933906974265,1.0,0.1520565803092814,0.025499202174016505,0.6628233602744509,0.690311448897402,1.0,0.0
1444,klf5,pten,1,0,14.19688884806981,1.7764950084923028,29.964394094574804,42.0257132784193,71.23724535215226,8.716896424588995,3.242122446906357,9.632898865572734,1.7044453416233134,2.377396490224713,0.20741816722633055,0.29556869372215083,0.6324223449737547,1.0,0.323294820572352,0.0771534307171041,9.969709673871495,4.7505416201288,1.0,0.0
1445,klf5,pura,1,0,3.601013490913177,34.84597615404566,69.66448152602962,28.907632332691165,44.61928890071023,28.988064233454995,1.9241557151304172,3.4240229695396436,15.800120037823984,0.6404883510693834,1.0027823759427323,0.2894620038171872,0.6673572361736103,1.0,0.43947848512673765,0.1013715747598233,12.704927370957627,6.10928424283455,1.0,0.0
1446,klf5,rad21,1,0,6.734376566938892,0.9101227856559695,20.301133453273327,19.726731528192776,51.26159178323031,12.190604903653957,4.1997702690310135,5.056885455751056,0.8699847165310488,2.525060578573999,0.6179738841293378,0.2907992143799189,0.3739837256499881,1.0,0.3368361164464322,0.0983012135742464,14.80825215488186,10.90221808495445,1.0,0.0
1447,klf5,rara,1,0,18.911777720324228,2.614547841800333,30.179086766293363,53.645207672566244,73.48155061642981,4.5658906052641175,2.7222953116723807,11.62619943028514,2.4930425072220985,2.4348500398792856,0.08511273985801121,0.29782195931215044,1.043769744822945,1.0,0.30864937329163183,0.06811211996215309,6.100730076270437,2.492123037879322,1.0,0.0
1448,klf5,rarg,1,0,7.102445084879265,0.7623293222152152,30.847177566963563,0.9027567314472984,71.87259731941522,1.9714967561817374,2.4144595435361254,5.773190071027999,0.41331072691149257,2.3299570005519303,2.1838627035447704,0.297061376179145,0.807630787127661,1.0,0.22728745259601862,0.051859526071253784,8.796384825039409,1.7278468380844814,1.0,0.0
1449,klf5,rbpj,1,0,49.289486617003035,3.706486383588202,16.14017405047751,66.25527614104365,57.969240459979446,14.200268370633106,1.4017179888031877,12.158719527831906,3.5101213862528655,3.591611854908369,0.2143266045771766,0.2923230447849966,0.5633148808331219,1.0,0.3122585869205938,0.07266402333797631,8.469745366143615,4.968712407715826,1.0,0.0
1450,klf5,rela,1,0,10.017854573090307,0.9532826195608295,54.266708008436055,3.2810809664219933,114.4684838558338,1.5588900925815068,3.247188214106558,8.456711334069087,0.7386700256482472,2.1093684886512563,0.4751147894657018,0.3008446746758294,1.0556782557664899,1.0,0.23727855783937343,0.050147285679831365,4.171350778262544,2.1892404003315225,1.0,0.0
1451,klf5,relb,1,0,17.270679566422768,1.989165030478904,26.680855851665726,44.640528480636185,66.27204683092987,9.508178365902712,2.65826246178911,10.484196003363998,1.9043097114634153,2.4838800973767263,0.21299430561237853,0.2956996158833783,0.629285228631084,1.0,0.3361913461925704,0.08916913760883514,12.76031061719083,4.356293624639594,1.0,0.0
1452,klf5,rest,1,0,2.507752517074483,35.069239623797564,46.78782927550431,9.995326118343307,46.72871276153344,82.92374240739942,1.3465172963648904,2.380178757759604,7.778361579425957,0.9987364980404889,8.296251810655654,0.28929028202083573,0.27866127355730025,1.0,0.49109474956990934,0.18495888853512563,27.898059651009532,34.63641925111486,1.0,0.0
1453,klf5,rfx7,1,0,6.502635527140802,0.6711819682524516,22.755875513283915,1.0348378348575842,56.45056909218789,1.8582311861152345,2.7695924093267337,5.05744001666482,0.40712569312246155,2.480703019281084,1.795673798852713,0.29344478323873924,0.8949351930121159,1.0,0.17087723384179004,0.047765361248542505,4.651377784852784,2.4471022488281626,1.0,0.0
1454,klf5,rxrb,1,0,9.814876944302927,2.407682675502712,34.50159071874321,43.26380376802507,79.5208948420513,3.323778302872153,4.766512592884963,7.641152039956892,2.2807558702391315,2.30484720227265,0.07682584547336205,0.2999625424119508,1.1517568030725027,1.0,0.2742116678366582,0.050970463613030974,4.666393983928839,2.7750521923385874,1.0,0.0
1455,klf5,smad1,0,1,14.980562987596603,1.1174771669425765,48.14134841334721,24.136279392610003,103.96287450388861,2.3608283826227474,4.408670902434368,11.42526400433429,1.068028871371451,2.1595339127448465,0.09781244011227269,0.3011758423392107,0.9692554974180089,1.0,0.2739653266564214,0.052753410413461585,5.820066613285468,3.0271852257459337,0.0,1.0
1456,klf5,smad2,1,0,0.00010000000027687861,0.00010000000045229385,25.73305241992711,6.108537176726742,55.97375639041293,1.7620449563979144,27.781923853639597,9.999961167310818e-05,9.999836342593246e-05,2.175169718578278,0.28845612385093244,0.2918083606989173,0.7393308864765264,1.0,0.24523465457570054,0.053620954751521115,7.999422714097007,2.428924590751702,1.0,0.0
1457,klf5,smad4,1,0,3.245154107945364,24.35995410855487,67.411537189797,40.4139647126163,37.73459311391306,11.845308193377729,2.7870372484710124,3.0961091273371206,15.19874578627955,0.559764614292527,0.29309938476983677,0.28581042991172906,0.9712482364297914,1.0,0.30194704068380157,0.05477238553764191,6.063377771071091,2.7121384540471114,1.0,0.0
1458,klf5,smarca5,1,0,71.6895449301099,5.1017710307919115,32.324761008195715,103.07489888945112,86.55312550253558,232.5708540608922,1.522712604001648,22.279121951038235,4.861163997225269,2.6776106861421387,2.256328714038583,0.2975520393932611,0.16836134959318558,1.0,0.5046998893524158,0.23589847846118406,33.45628507668975,66.36006328122986,1.0,0.0
1459,klf5,smarcb1,1,0,24.638982909047183,2.1518678780952865,15.832574063388684,44.96832030593146,50.66647684402308,46.637374329388415,1.7164050307828163,9.638831587817181,2.0535971465206613,3.200141470437487,1.03711621897598,0.29143552333429523,0.30195263110287035,1.0,0.5252823764698106,0.16260158725710483,24.55157644949454,22.4229840787864,1.0,0.0
1460,klf5,smarcc1,1,0,15.875398263734986,1.7294481243378577,48.35623277622856,48.767727454905334,101.98865982494875,48.09171078455795,4.189468126210558,11.951657484438984,1.670217270721459,2.1091109453647383,0.9861380321448752,0.2971007991731949,0.22054341715976333,1.0,0.4133049552544858,0.15638408245263824,23.75197432628425,26.16553232993079,1.0,0.0
1461,klf5,smc3,1,0,1.712601857391437,20.518587487838737,36.576558986005054,16.457917957814043,34.665149668240815,78.26177446641356,1.8864765313182066,1.6360004104718595,9.132643158543292,0.9477422324364743,4.7552658037923745,0.2816274700762806,0.23968728585668791,1.0,0.47034482403826866,0.18114320113104299,22.611506000008788,28.328477397160704,1.0,0.0
1462,klf5,sox2,1,0,5.008627800175192,14.20675307237369,221.24770846108146,222.71459700107118,37.48216081887749,1101.2264035709554,16.12997993285034,4.897751999500506,13.354859256992208,0.16941265100366354,4.944563214083623,0.28587122538521126,0.3659433758205901,1.0,0.4879841677210565,0.19159589555584675,29.155119851172437,42.333582573338575,1.0,0.0
1463,klf5,srebf1,1,0,8.17208237985602,1.153525466968173,30.345025593174725,1.3480815241550126,70.36115133242023,3.1612095491009446,2.4545206549702883,6.4382312695931745,0.6216189733959305,2.3187046297382605,2.3449691227556984,0.2951820514248566,0.5218982567803006,1.0,0.3049562757019031,0.06727154643567351,9.084725569694772,3.2293738940589467,1.0,0.0
1464,klf5,srebf2,1,0,7.754602734312435,0.9314895897378384,31.220950056784222,1.201893450849812,72.51981120508292,2.4773063733395966,2.5131989212639496,6.21174165189714,0.5247774150919942,2.3227932229219452,2.061169708170046,0.29694009481664674,0.6581197970863681,1.0,0.27264944472454516,0.06060436126002617,9.532858445665626,2.0600442703951707,1.0,0.0
1465,klf5,stat3,1,0,2.86244349372228,0.7231651798172389,44.75993981829628,92.38684649862667,95.01885101193038,2.357439292100708,9.704929223108124,2.6903903081211054,0.7175485133828476,2.122854753551077,0.02551704470328199,0.3001851642177372,0.48427443131327386,1.0,0.22787936326165006,0.06317794157570118,9.234481636015406,2.0021920772369537,1.0,0.0
1466,klf5,stat6,1,0,7.4637719474168325,0.10618233201693672,66.09051988213515,2.3408532592278553,137.49598268861024,2.009371458447544,3.9974636215629005,6.70640089132484,0.10157484380838981,2.0804191423190272,0.8583927465450558,0.3069273015913607,0.9775963804317087,1.0,0.1768018308408106,0.050009453647954956,7.184335747279981,1.9142641862254914,1.0,0.0
1467,topors,trim28,0,1,30.738109220537243,2.7212395010797685,20.795717281135413,57.36656202576043,36.307139367128016,146.64224386347078,1.7551813512256338,12.403911614950747,2.5980007698552767,1.7458950261871278,2.5562320398008365,0.28566973038086646,0.2335728996290263,1.0,0.5241307290073436,0.2148038269580049,24.527176847926615,57.855113997078014,0.0,1.0
1468,topors,xbp1,0,1,19.720515783187093,2.1429585521430288,32.18878165851084,52.518478265345934,47.2569589001054,10.64451778969862,2.7362319471688963,12.228625853608989,2.058945550956539,1.4681189055694028,0.20268138265389068,0.29440232242285014,0.6847995585872425,1.0,0.27350262090785826,0.05972894571175051,6.728261272736545,4.325051699022888,0.0,1.0
1469,topors,yy1,0,1,4.421671495999531,21.17109278521258,162.44911404597062,164.2687032923314,28.56532443217441,227.68971518969124,8.917190516727672,4.304507914878752,18.754054052422703,0.17584167571446932,1.3860809188010468,0.28446036865555474,0.4775045004227586,1.0,0.3895881875138327,0.09347500114167007,9.698363876283889,11.611035766714409,0.0,1.0
1470,topors,zbtb7a,0,1,7.717627387248009,0.22360347851178863,27.26933795178874,1.6344824145213426,38.83896206112324,3.0352188433190133,4.115607389788124,6.015228453495832,0.1966948647657607,1.4242722771557272,1.8569908225093237,0.2897092085512898,0.7212681180524836,1.0,0.16978242757874767,0.03845993972030721,4.187394129859706,1.9050784743149192,0.0,1.0
1471,klf5,tbx3,1,0,9.35451688083029,0.7238795536575678,47.56839359420541,34.939115848754575,100.80920365324667,16.927249008182926,6.2026678168457,7.817227495177456,0.7091864073783285,2.119247593543433,0.4844784590845995,0.2975027584912741,0.33661783273797813,1.0,0.3114902310551876,0.10471490987764795,14.717084745961092,9.231570848584001,1.0,0.0
1472,topors,zfhx3,0,1,8.53399847752852,0.1311826022987469,17.194406666076645,3.0641674051474403,29.356236239413814,1.717184198278566,3.143882607114394,5.703308832835915,0.1257970028790373,1.70731312859615,0.5604080884725485,0.28682280290717255,1.1397266688750265,1.0,0.14959468735616233,0.04100948755979129,0.6281659744489893,0.7512054812635148,0.0,1.0
1473,topors,zfp148,0,1,11.385020250683944,0.09029107904931045,33.33248626295582,4.5214592289837885,46.57682988032762,2.370022547018009,4.006184423508167,8.486408583484945,0.08852331661393138,1.3973404057797798,0.5241720486663946,0.29226530387786054,0.809748933607254,1.0,0.23710645956648882,0.05023686382908382,5.239149405270752,2.874153958792282,0.0,1.0
1474,klf5,tcf3,1,0,17.310987837367204,2.3292315344899004,8.365929856089371,29.14323930883151,36.511297261679914,19.95734553352127,1.6018212659496076,5.640182817735027,2.1568485154294996,4.364284411864172,0.6848018959743242,0.28550453923662483,0.41386661317212764,1.0,0.4181755828484581,0.12076148015821174,15.933454099881985,12.232789298706892,1.0,0.0
1475,klf5,tcf4,1,0,1.6218691962734317,21.710884523465968,32.473235284631315,10.358882439673677,35.675257315719975,16.964197209140135,1.545428431369153,1.5447185399000558,7.01285109737189,1.0986049589153222,1.6376474303993103,0.28469126438553577,0.5413188695771844,1.0,0.34793354688374617,0.08349087966511269,9.641084495948043,6.571615574958404,1.0,0.0
1476,klf5,tcf7,1,0,12.058386426349836,1.63519222561812,35.13896313377345,41.24679020951192,79.41032246089318,6.541000160474407,4.069238181962169,8.97760573501141,1.5728384475770316,2.259893729891215,0.15858204062060535,0.29544004445377686,0.5983808516114273,1.0,0.35017020391563164,0.07779871281946982,12.568866199385928,4.2207075687444435,1.0,0.0
1477,klf5,tcf7l1,1,0,2.3354674781755387,1.2635855015090196,50.20164361593704,25.246769101935406,106.75821946955641,2.9222917773102464,16.632173161839038,2.2316473741000626,1.2033581547417926,2.126588130984319,0.11574913865260585,0.30333591809977223,1.0027447065391673,1.0,0.2020025486056917,0.05344405219104888,6.123076434570817,1.8835929824034097,1.0,0.0
1478,topors,zfp281,0,1,8.834389991804168,0.8815586993085203,29.905600129469224,1.7412518584261212,42.035834281793896,3.3278142898366037,3.0255273873259583,6.819767729821923,0.5852560410647767,1.4056174796629959,1.911161945776495,0.2904562492900685,0.5480825892188109,1.0,0.2401661530569257,0.04763383696106898,5.890239742284622,1.7267063092399213,0.0,1.0
1479,trim28,usf2,0,1,19.58247041343033,1.8359906647402793,9.957006008076368,33.6032528973309,137.39357489047478,6.372455861226641,1.5908837187688403,6.600752592132713,1.740874026172375,13.798683537906028,0.18963806512115391,0.23077248609222317,0.6638701162116529,1.0,0.4725604427223764,0.1341662123101934,37.141285047623754,6.699950494031544,0.0,1.0
1480,trim28,zbtb7a,0,1,8.03741783898695,0.16105582463823906,13.173873250876895,2.4845129112629345,140.76724794533885,3.127063048747018,2.810143459336684,4.991866050329643,0.15125113565098902,10.685334925016752,1.2586221768344366,0.23306232406240807,0.7314356377192388,1.0,0.3140996623081944,0.12027427901054824,22.670772377816043,7.248856604670987,0.0,1.0
1481,klf5,tead1,1,0,11.768683639609296,0.4128591687170037,22.04832830999057,5.838622654386467,56.08137031424574,1.6761317662245083,3.0766628535661837,7.673055237678701,0.38559320234023886,2.5435656402501077,0.2870765701847946,0.2906221041229239,1.024256837098692,1.0,0.23163981809246048,0.049753975505614986,5.467115661291702,1.3450333764926419,1.0,0.0
1482,trim28,zfp148,0,1,11.348303251232283,0.573505969781276,16.02765905043109,10.054882621941799,161.1220274501446,2.4613512241341846,2.5499337270234808,6.644030748851454,0.5425596890223187,10.052748623063014,0.24479164170082063,0.23359065335322898,0.816783970123528,1.0,0.3014503213907618,0.09546337512009745,24.020452643182583,5.91135408258727,0.0,1.0
1483,klf5,tead4,1,0,8.875448572676438,0.010088366278237615,38.9288445608174,2.376352924701707,86.50644864622888,3.2918791117870123,4.4964692287506125,7.227613572873212,0.010045719038371056,2.2221684106519617,1.3852652430405417,0.2990471987501285,0.6945677001156291,1.0,0.30833003637857165,0.07737144351262894,7.770588929990177,4.615421168020113,1.0,0.0
1484,trim28,zfp219,1,0,15.468758606516166,1.395278041414758,14.489340990805806,29.798672649716405,154.89967991607145,7.584496299293989,2.0273664738796606,7.481519895017324,1.3328684789925251,10.690595246144243,0.2545246356591045,0.23012453267946145,0.5251774467309123,1.0,0.4445310774037645,0.14668384162248352,53.7574437854343,7.256585341314595,1.0,0.0
1485,klf5,tfap4,1,0,7.8889087964046745,0.4253182724235339,43.72539351255383,1.7477168687740192,94.47772725353305,3.554204739333622,3.4069654033147643,6.683140642735587,0.3420726638147158,2.160706163259752,2.033627301329883,0.2990122106451639,0.6006664022559176,1.0,0.29152051784556726,0.06611421368497124,10.801704914688813,3.6356966096226087,1.0,0.0
1486,trim28,zfp57,1,0,12.159306995610553,1.4493492473747558,11.883959870489203,24.99292817158026,136.51300182891777,21.05473237708784,2.092022599942756,6.010028387304384,1.3699077829508193,11.487164490340728,0.8424275952198916,0.2300173657531878,0.3183856902456899,1.0,0.570461709590567,0.2430690617097588,70.19631822906574,29.825167472902837,1.0,0.0
1487,klf5,tfcp2l1,1,0,27.767238631722158,2.150736512718226,18.795864575506933,46.15056394880576,56.23038184420236,38.73811316974932,1.7531160132562675,11.208644205582196,2.0549695767777725,2.9916358259718843,0.8393854777748982,0.2933245776176419,0.29025772309324793,1.0,0.3648855157717633,0.1270148727524054,17.34749991679478,11.787139682203298,1.0,0.0
1488,klf5,tfe3,1,0,51.20067312366515,3.6610568471816034,28.424122785628224,92.83516653249042,78.55167816662686,10.634619096342067,1.6096817998008959,18.277399683783862,3.5221567247844936,2.763556812607919,0.11455377841779567,0.2990789763315154,0.8993229383679193,1.0,0.3136191373349186,0.0701006808536746,6.002632156054723,3.3356678587637854,1.0,0.0
1489,klf5,tfeb,1,0,6.2428880199470855,3.3482796433388815,21.57502501217064,29.22338964414343,53.94888025631534,5.2768137607068315,4.966472112577768,4.841860890967244,3.0040855379939013,2.500524575331076,0.1805681621797881,0.2932611599843919,0.8676603914020734,1.0,0.32668798764616264,0.08111956169591335,13.593864284401521,4.624068405577054,1.0,0.0
1490,klf5,tgif1,1,0,5.623511707226905,75.59532076041293,177.79139560239958,78.11449831091285,87.47529371906904,168.60602820945937,2.0976264569533427,5.451094511780883,38.417132955651056,0.49201083900985154,2.1584473030649236,0.2992330486832823,0.33176436561895745,1.0,0.41452104646976773,0.13949421972665804,17.328236363965598,18.250655574265103,1.0,0.0
1491,klf5,tgif2,1,0,8.593849358776193,0.6149506015963718,35.9077074755925,1.962440855375852,80.71590083854502,2.686056897596352,3.3188122737802246,6.934261423994098,0.46822696697705557,2.2478711817904258,1.368732662815416,0.29723653237142034,0.704052983022458,1.0,0.2963955863219423,0.0693245470163572,7.048211480214824,3.187365586792314,1.0,0.0
1492,klf5,thap11,1,0,2.546044615584548,28.86954011452355,52.534931412141944,22.834626511629544,45.40268380441932,27.550238887788836,1.8777558968185044,2.4283571007285296,12.749942782062009,0.8642379952536835,1.2065114738687606,0.2894849950692958,0.48576700355251007,1.0,0.35561297239449596,0.08843507205131224,12.615919332552906,6.781634832710556,1.0,0.0
1493,klf5,thra,1,0,7.9611083213092595,0.4616551939453917,45.42362636218374,1.6106238178477874,98.51505100348456,1.445248161227398,3.2654412697401582,6.773891674464765,0.3588092369657203,2.168806387626962,0.8973219849428439,0.3005032059086113,1.2044669979004723,1.0,0.2199974516977413,0.040683563236095094,3.6035557791183312,1.6647083551878872,1.0,0.0
1494,trim28,zfx,1,0,9.427767537871791,1.1304946438253736,11.502570329538356,1.8557167669555206,130.81019737284376,2.0159975017635383,3.5522017944607995,5.181166201992486,0.7025215488516133,11.3722579932353,1.0863713351423632,0.22887922083790596,0.7661007154477671,1.0,0.3395704708671791,0.104393999734046,22.631906197118013,4.4946193620948485,1.0,0.0
1495,trp53,usf1,0,1,6.638198290900638,1.0158655548399556,40.96605896119255,46.710804174242185,349.30329059819786,7.466391147442415,7.126974350239699,5.712531573405984,0.9942427843561091,8.526651073004006,0.15984291598986472,0.2694803456498931,0.410924535090226,1.0,0.5489247622081447,0.1935544399838955,57.57424701366048,15.047656792729592,0.0,1.0
1496,trp53,usf2,0,1,7.531857006253276,2.584117445411856,151.57398394734875,172.4586395192328,1169.9124068046626,5.4375791206452435,18.20425775994491,7.175309002593311,2.545968692001678,7.7184248664404524,0.03152975771932167,0.27879080747108165,0.6603975129109355,1.0,0.5194834190029837,0.15689321208373552,75.39156005174549,9.565865011098296,0.0,1.0
1497,trp53,yy1,0,1,5.962793692028508,70.37874876721527,162.84228329406048,53.20340501587254,232.93971215698733,76.49904667890902,1.820256285968149,5.752166682174859,30.298784739944495,1.430462085429894,1.4378599763696804,0.2588924791275291,0.4475906118563082,1.0,0.6167585280808268,0.21150321664369784,61.78405881308837,25.157029855152757,0.0,1.0
1498,klf5,topors,1,0,2.0071313891375246,22.067427072378713,43.16264533760005,22.23433171728726,38.079236344685604,37.156455262361995,2.1009182723810094,1.9179439566285552,11.075282496205677,0.8822266579549479,1.6711298425701158,0.2860032535048074,0.2898885027650654,1.0,0.38711448993196657,0.11435596374871282,15.118412721895968,12.497675878247094,1.0,0.0
1499,klf5,trim28,1,0,2.1739326625072075,27.815297071295596,42.98248249594315,13.269592621023477,40.27312707498416,165.14945875755313,1.549477479356323,2.069274593337355,8.983781227915618,0.9369660553874544,12.445706772934468,0.28716931528107736,0.232887035654049,1.0,0.5487288791722346,0.2449811724986388,32.930738986585,71.29445209497668,1.0,0.0
1500,trp53,zfp148,1,0,8.290853899282364,1.0166055411379644,136.97253181754738,1.9533740774245207,1064.0750572696709,2.0749816818345463,2.5120359410129254,7.81765648590773,0.6686277907813352,7.768528792963098,1.0622551542049552,0.2766331760933986,0.803287088214581,1.0,0.32807754277678947,0.11666080480773361,41.27923745595282,6.490951298362735,1.0,0.0
1501,trp53,zfp263,1,0,0.7286257838527461,0.21393308895488033,107.89119528931258,24.267336420227025,622.8377285420925,1.338864341434764,82.85344354089818,0.7237381351008906,0.21206360393766702,5.772831850383524,0.05517145838547034,0.28196396717829464,0.7947026109906682,1.0,0.19393674665619104,0.08334956237198053,17.65161615457333,4.114946956104543,1.0,0.0
1502,klf5,ubp1,1,0,9.039794357317286,1.1923137738521103,26.590538219288813,1.7089313780490816,63.413395643440296,2.7539469529010545,2.746206679594529,6.746302376941016,0.7023130807407834,2.384810533749939,1.6115023623973503,0.29399308907313626,0.5897954717616362,1.0,0.3225371455720003,0.06973913182482396,11.394092697171263,2.948279813595407,1.0,0.0
1503,trp53,zfp57,1,0,9.459726762829447,1.4142934659987638,36.63175852857363,41.09263866033157,322.5713047165034,20.991539031305223,5.040084797905282,7.518230847442174,1.3672369999611271,8.805782678024869,0.5108345366872054,0.2704072550677463,0.31883217099458283,1.0,0.547119038942148,0.24064666176102334,64.34594926898214,29.611738648903717,1.0,0.0
1504,klf5,usf1,1,0,11.203877686217359,1.1096118884829391,12.597765943643983,22.380204878260923,39.76430610204948,10.34279921497392,2.229739683173098,5.930003446278976,1.0571960456822485,3.156456968635139,0.46214050636419457,0.28562396974125503,0.4290928058745793,1.0,0.36381651957811817,0.09198288689937772,10.971210130930377,8.15219265806666,1.0,0.0
1505,klf5,usf2,1,0,3.7129208552757222,43.09785465701668,74.71657612138333,25.17354772076851,52.42576318140181,16.75063257888179,1.662821530079898,3.5371479406331083,15.891366854713658,0.7016617449952709,0.6654061145724921,0.29332733412604045,0.6782666122009291,1.0,0.3655352848296727,0.07620936347339616,10.681542313314122,4.836055665157692,1.0,0.0
1506,klf5,xbp1,1,0,3.6903984940957795,72.52606002651687,93.22961476320121,23.26290693835128,85.57316707337742,23.414525465243283,1.3626670731259267,3.549880136869915,17.613374885031707,0.9178753692239231,1.0065176087964331,0.29989493971104975,0.6952590557156882,1.0,0.2618113656538612,0.06959634860784274,10.156622902678068,4.770812145498771,1.0,0.0
1507,klf5,ybx1,1,0,3.914926454638437,40.437657035428245,85.56772421615224,39.15845645251085,54.08903403024061,1922.068509074887,2.0584235260298525,3.743645775866246,19.893888817867023,0.632119581603065,49.084378783057055,0.2911847762099016,0.27835685972256935,1.0,0.5633577677702243,0.4276661089452787,63.06208126809342,430.33531170057773,1.0,0.0
1508,klf5,zfp148,1,0,8.65055349182977,0.7665466507012452,16.125728270383203,19.943395588465926,44.840147260045406,3.3710298023947955,2.974212714392808,5.630242517277615,0.7381741057218573,2.7806587403807126,0.16902988196976843,0.288791546535797,0.8320750000000001,1.0,0.23356613441934468,0.0512002432621878,4.185204929693972,3.211616875793632,1.0,0.0
1509,klf5,zfp219,1,0,20.03754830011717,1.8896390584844491,17.852567395778003,38.026394538461105,51.80773704039176,9.92315875033221,1.984922610532902,9.441029009915441,1.8001828813651062,2.9019768357039726,0.2609544993884606,0.29061558202762033,0.5348876357208989,1.0,0.3552820375822386,0.08811553863848107,11.443318189948156,3.9858484349328935,1.0,0.0
1510,klf5,zfp263,1,0,11.185940786330246,65.33595968675644,78.87958634780355,38.53519145495116,139.31499734815526,1.370820772558668,1.2829135516627446,9.7966714925533,24.239008499937373,1.7661730214186724,0.0355732181624477,0.3070665370910269,0.8057998617674388,1.0,0.10180866554576609,0.03957559707138572,2.7225481224569865,2.2919652155767487,1.0,0.0
1511,klf5,zfp281,1,0,7.323813225103443,0.8026483465575175,26.32394714475363,1.9091599739701928,63.669618383833786,3.3935226109012677,3.156917495484116,5.729702961400685,0.5650783223951354,2.418695723468779,1.7774951586923695,0.2960707274196297,0.5533077802331366,1.0,0.23027257386399183,0.06248344730431094,7.488268506297759,2.7875901713457845,1.0,0.0
1512,klf5,zfp42,1,0,1.8528930586118395,11.089637215041867,103.7938169432325,124.06150986539713,28.47080982280401,1307.2393796323777,12.08358471339723,1.8203959492688981,10.179692636561548,0.2743015977375167,10.537026198139065,0.2772743368497286,0.24783698216925423,1.0,0.5424359901743085,0.290529606204337,33.9583629247812,134.3398695448185,1.0,0.0
1513,klf5,zfx,1,0,9.743936028485054,0.973570542609524,18.402950716854527,2.595883836248041,49.794560551938126,2.1544157350408297,3.6689018307728176,6.370764061502615,0.7080286695851187,2.70579220246095,0.8299353403096469,0.290956816022856,0.7704137241951597,1.0,0.28203596881770654,0.05446252388502754,5.595815316544799,2.147732203956907,1.0,0.0
1514,klf6,klf9,1,0,5.601271682379978,14.874873387119848,90.74450021301432,61.43121581121208,19.658960018846823,147.41333728742183,5.446509625053337,5.2756295307565955,11.975211504203129,0.2166407878460869,2.3996487020612864,0.639696877626275,0.25567266145968826,1.0,0.40277929980678956,0.1238343614172741,9.860456991619355,23.479014089077598,1.0,0.0
1515,klf6,mafg,1,0,14.344121961405385,1.241075628017259,6.849352627970799,20.381499074550536,24.2667656569802,17.792649484107592,1.5628869631262408,4.635764137586723,1.1698413399805287,3.542928357620495,0.8729804132182051,0.6541075138644709,0.364323356294241,1.0,0.352355583133827,0.08488134419239367,9.000871031154759,6.670320769234818,1.0,0.0
1516,klf6,meis2,1,0,1.7970185613751644,0.2534365823060488,6.76395947911872,1.2755345208220459,19.899300754666264,3.116054584838533,5.628854218624067,1.4198098248672304,0.2114278738879738,2.9419603733727504,2.442940221508332,0.645717350583373,1.7533339782479516,1.0,0.11186752522317919,0.04156283495401356,2.079181138856746,1.3026597131869986,1.0,0.0
1517,klf6,mga,1,0,13.06939926961312,0.9680884501126598,4.36747123120499,16.75357122632301,19.97904058624899,20.802118540003896,1.383501992175077,3.2735361151239095,0.9152042810024882,4.5745099460533245,1.2416527950363119,0.6456670565626245,0.3515010219044147,1.0,0.28713565882435355,0.077397004221125,5.7889867778713855,8.696738615183063,1.0,0.0
1518,klf6,mlx,0,1,50.9333097168526,4.819575833243948,4.275569400727165,47.373130924845654,30.194709876585467,15.261734208028269,1.194221164288325,3.9444542976383667,4.3745268473760355,7.062149399668292,0.32216013402702903,0.6669061508262749,0.548283553449384,1.0,0.31066307148625427,0.07109009759164112,7.3903322747915965,3.9340339700818947,0.0,1.0
1519,klf6,mtf1,0,1,50.6782659905521,0.00020898130545018024,0.0001,41.60550412045524,22.705855486834817,7.134897141379567,1.0000069961668663,9.999980267714231e-05,0.00020898025575813626,227058.55486834818,0.17148926066904002,0.6534190342324807,0.8744161126889506,1.0,0.22753246498319982,0.043808677115357075,1.9886175740375607,1.5270798638413496,0.0,1.0
1520,klf6,mybl2,1,0,6.6798190678566165,14.513596295231293,130.98817295079996,93.55838493779181,21.038909936202828,423.6443254888176,7.825984465840463,6.355706090504162,12.564483537070942,0.1606168668686232,4.528127818479383,0.643621914192613,0.2557220422996171,1.0,0.4128867353905528,0.1636110256326793,15.130356798447096,38.284964710545765,1.0,0.0
1521,ubp1,usf1,0,1,1.258271817355977,14.109391541781028,17.37758100288744,1.6648854810628262,3.425553349241903,12.877050480158177,1.1989501551724675,1.1733147197858302,1.489166260394919,0.19712486730303352,7.7344962320998505,0.6129678367815269,0.4423722582064933,1.0,0.382558724835007,0.07432606402208841,2.310952342104189,5.545045233998357,0.0,1.0
1522,ubp1,usf2,0,1,0.5384227365720977,13.607334550877027,3.895021654100366,47.40180267054957,3.099262249062383,25.875754854124285,3.9069031786249866,0.4730336129670501,10.572386639591649,0.7956983360541086,0.5458812407191578,0.6074784467937457,0.6880002431848162,1.0,0.3441036998228191,0.057464741971193396,2.8355156488768047,2.272382619497812,0.0,1.0
1523,klf6,nanog,0,1,3.960073579857202,0.0001,8.828488308083587,7.817885960834297,24.491825576492815,30.90043017407853,3.229143983477075,2.733807257240361,9.999872089818911e-05,2.774181119327924,3.9525301761732203,0.6544459139138891,0.22214042561925315,1.0,0.2014293171033244,0.12249600987250293,14.99689650218294,14.905571493778194,0.0,1.0
1524,ubp1,zfp110,1,0,13.72151458371524,12.207646809828772,0.0001,0.2704606132292242,3.097771950237708,1.7717365141137984,15.5289986105278,9.99992712227895e-05,0.2645984307019959,30977.719502377076,6.550811569047926,0.6075417347413771,0.6700052485312579,1.0,0.2193829731097936,0.03788913579244467,1.3544890352774346,0.923694190100629,1.0,0.0
1525,klf6,nfe2l1,1,0,0.00010000000000331966,0.00010000000000243148,9.381134742292367,5.082046884836003,23.137767244794233,1.5961378082549715,15.016323637470784,9.999893404555658e-05,9.999803233006247e-05,2.4664145522272185,0.31407380617002684,0.6552799527385589,0.8091839135661999,1.0,0.1938730930108465,0.039455201464227374,2.9354963309513002,0.4755652998893052,1.0,0.0
1526,klf6,nfe2l2,1,0,14.369294000011571,0.1341593096106049,3.322288597729045,16.816878395721726,19.06485143026214,15.536987958486717,1.2243494426516008,2.698398594354783,0.1330975032086563,5.738469392241826,0.9238925080435488,0.6413470755935596,0.3189679110745982,1.0,0.27422234079355295,0.06843895833888454,6.049168926467096,5.013094121834705,1.0,0.0
1527,klf6,nfib,1,0,6.248818698034586,0.32463957915360314,8.406408084227994,4.929283044431006,25.231416743053334,2.4462785161059264,2.4997387781072926,3.584394892040218,0.3045801180797126,3.001450380501064,0.49627471055241534,0.662575076485781,0.8006584675629249,1.0,0.18479777192705737,0.03760138366940085,3.516525031490514,1.7405725031958286,1.0,0.0
1528,klf6,nfic,1,0,29.554971545478573,3.6619717092434687,4.119405647805998,31.813642558749997,25.132381723324908,5.36311907846334,1.2369308874897698,3.6154764201390917,3.283964532313534,6.1009727790975035,0.16857922096029435,0.6608515645195262,1.228238234069138,1.0,0.1614575590000147,0.03175220593711817,2.5170011476184153,1.5927372561509188,1.0,0.0
1529,klf6,nfyb,1,0,27.34783611896655,3.3660399037794093,4.98469762231295,30.911224898272213,25.582542613917177,29.534427576311458,1.2745334366447132,4.216208193531514,3.0354935577023108,5.132215542905212,0.9554596323344756,0.6556675675975645,0.4015812519303633,1.0,0.28937092077779836,0.09016661267560365,7.9465519821533,8.870574118550897,1.0,0.0
1530,klf6,nfyc,1,0,15.169243656033801,2.005859468524646,8.642015711281193,25.21217416309936,27.71810789775955,18.363017016833776,1.6926935197552222,5.505498049533823,1.8580357035192565,3.20736606178309,0.728339289505225,0.660328059224851,0.4286930567982356,1.0,0.394577739084057,0.11724622909589454,11.783437856713672,10.998930469309872,1.0,0.0
1531,klf6,nkx6-2,1,0,11.691029387519691,20.597371448230238,319.75618618247665,184.12634560998305,27.747850567541786,1112.28275197607,10.302717146878459,11.278655526104693,18.525058007107372,0.08677815087432522,6.0408669291254515,0.6664948466473974,0.5146791803772189,1.0,0.3304439383114471,0.15857210623542095,17.47306593856296,46.07239476039976,1.0,0.0
1532,usf1,usf2,0,1,3.2508304201676466,18.925852467333755,64.4870210541305,37.174831833465994,14.316804467393782,21.66930789085725,3.1136644714790584,3.0948187045510513,12.54111944527725,0.22201063459538992,0.5829026473591156,0.44568632305575623,0.6862340728928689,1.0,0.370679520797804,0.06751045280827468,4.9659624850848605,3.46921997855376,0.0,1.0
1533,klf6,nr0b1,0,1,3.7809728831481157,18.6945028780775,24.937137846366582,4.81751362522386,21.904934470261356,34.44855281648559,1.207243479687019,3.2831770470031882,3.830425277188769,0.8784061188262218,7.150691310164137,0.6510962762460877,0.6528289353049629,1.0,0.30654261037936004,0.11120100110573009,7.430198843855653,11.839912120224108,0.0,1.0
1534,usf1,vezf1,1,0,1.7672723578040899,2.103780719663104,8.638174034984864,7.329158056029031,13.776309374719533,1.3478916570466928,5.401138523199027,1.4671168941400936,1.634585125196685,1.594817298068442,0.18390811696821097,0.4420183783552729,1.133725407827487,1.0,0.12693772334719428,0.030266583740333194,0.35439570509067353,2.0142458175885753,1.0,0.0
1535,usf1,ybx1,1,0,2.3618159098950797,35.667258311137424,56.980591706333044,184.9122668874149,7.544748250769876,8174.021051655873,6.438271595282821,2.26781611082545,29.89993555401259,0.1324090892150445,44.20486098216882,0.4118897000968006,0.27059607909912864,1.0,0.5769634814839419,0.3277016554526704,24.511195266305407,339.8361741204795,1.0,0.0
1536,klf6,nr2c2,1,0,23.589656370079158,0.5923156860920012,2.546420722261586,24.14453386066645,21.276411940668925,3.9250137272900028,1.1297711959385222,2.298324633783815,0.5781328827674521,8.355418943407132,0.16256324309015519,0.6465483732127898,0.9342408469552037,1.0,0.18698092344133846,0.037153871970933686,1.5209688197787068,1.2808265080090129,1.0,0.0
1537,usf1,yy1,0,1,1.10067787425236,8.18918821435707,23.536505079738276,14.266805546241935,7.774956770820624,27.268448900457393,2.8703873502917094,1.0515045663652072,5.202778246260612,0.33033607770058443,1.9113212703484461,0.41676558009446507,0.45210565735874614,1.0,0.4063665078118274,0.08472941462017959,5.856666954053994,11.069285890251148,0.0,1.0
1538,klf6,nr2f6,1,0,7.0142476839212184,1.5984859135557148,9.859555870162788,17.600722699839757,26.896845772828247,4.058636026646324,2.6241269966448764,4.098504922444879,1.4653993229942013,2.72799770365155,0.23059485089684842,0.6587567911527735,0.9856968749455576,1.0,0.23053122675588755,0.048571501906594886,4.409529986546022,2.348110599546606,1.0,0.0
1539,usf1,zbtb7a,0,1,6.349207867232955,0.827470959953908,5.33290125585586,4.41521956499601,12.476094941760353,3.182976256228625,2.1847594654045324,2.898423414136354,0.6968685171225942,2.339457331609285,0.7209100723921759,0.440444863321326,0.7331222987495345,1.0,0.1842293880494989,0.03958944805519771,3.0751792526586694,2.508747248490526,0.0,1.0
1540,klf6,nr5a2,1,0,8.506812486199177,0.3341454500148995,7.210233812230574,13.562895497062575,23.545305502703002,6.3464918041594816,1.8910249382603732,3.902521240802508,0.326111136653454,3.2655398029899634,0.46793045080484413,0.6586367965472292,0.5220379629303554,1.0,0.23753130660234914,0.056228986361987435,4.676691705516492,3.1931198460023014,1.0,0.0
1541,usf1,zfp219,1,0,1.4958304474288293,11.721536788923876,28.572023646645658,14.931582883973364,9.33105012860907,12.934144668798357,2.3929021072293053,1.4214151359651461,6.56662710554418,0.3265799526140505,0.8662272961482915,0.42459324155193995,0.5393364280970013,1.0,0.3473990786978878,0.06192648475981649,4.965951826250738,3.5829910386953174,1.0,0.0
1542,usf1,zfp263,1,0,3.6021744475921706,1.680118130305894,4.198989622463303,8.334029004160742,10.042444974509028,1.4690309030881943,2.602276921723598,1.9388764276604236,1.3982372178448532,2.3916336732020094,0.17626899334700952,0.43284009660566286,0.8067388493263731,1.0,0.07847999798297692,0.029852212474816085,0.9178563200827085,0.7937031828594858,1.0,0.0
1543,usf1,zfp281,1,0,3.9904019103922406,1.2244296253789675,7.112836689812115,12.725681002598634,13.003308796520956,3.3155506387820544,3.0401073906102454,2.556288136941585,1.116958943067753,1.8281466823420682,0.26054013440263085,0.44215311040373384,0.5469842348704187,1.0,0.2388167804159197,0.046678799512398575,2.331220330105255,2.063151985682067,1.0,0.0
1544,usf1,zfp42,0,1,0.42736571697690456,6.507339246699603,90.81205628842196,112.61795897762374,8.264679796209782,1183.479350808026,17.58910500688085,0.4253639347205858,6.151869294449018,0.09100861861293943,10.508797722423417,0.41995876040094343,0.24302122879301513,1.0,0.49270493206521415,0.2112939729685385,17.47074484779948,90.85093566194186,0.0,1.0
1545,usf1,zfp57,1,0,14.64316217237771,1.8447077634137552,1.8585182874167696,19.39333332907354,12.461585730752525,22.755206735519796,1.2341140469043839,1.6492008040805555,1.6844789213289393,6.705118704036747,1.173352014808424,0.4368935480428048,0.32439736244730305,1.0,0.3906092043214312,0.09375899178677832,8.739209604257727,13.155808901650145,1.0,0.0
1546,usf1,zfx,1,0,9.692325705305674,0.4709253814066383,0.0001,13.020567370183512,8.582302742673603,2.363770924452252,1.0361785055070203,9.99989682665306e-05,0.4544875624835359,85823.02742673602,0.18154131515537306,0.4195603848839169,0.7740218560670404,1.0,0.25363976225181656,0.04601845163202289,1.4690239833133922,1.1787126772941598,1.0,0.0
1547,usf1,zic3,1,0,8.676047588762865,2.756560506542036,7.056982746335612,19.99220797150313,14.401731439753195,3.9084797531483306,2.063419756162276,3.891603641270358,2.422536894074367,2.0407774763557978,0.19550015479628227,0.4411213620365955,0.9665186804180042,1.0,0.2754652514108126,0.05400738313809288,3.524180475730316,2.6991737718436886,1.0,0.0
1548,usf2,ybx1,1,0,1.663156024256371,7.179888391822695,195.08707586734772,182.36555335450032,5.644986982499991,10000.0,22.934485502970638,1.6490971439469229,6.90791774011996,0.028935730147179928,54.834917099508395,0.6630150800353174,0.2702546277561685,1.0,0.5426760289659824,0.2620168580107283,14.714176839843997,315.850983797622,1.0,0.0
1549,usf2,yy1,0,1,3.45575536435605,7.50900509914115,189.61830110821555,151.08291855910318,5.511884687616258,205.6392863408557,17.580712267599374,3.393902180368215,7.153468976756794,0.02906831595580331,1.3611021570278325,0.661586641638919,0.4749327588371739,1.0,0.43989999893678083,0.09595298187152274,4.2310114732536075,11.542446206198203,0.0,1.0
1550,klf6,pknox1,1,0,3.573619061841568,0.013656957194720142,12.08142822925669,0.004001903226572616,31.728586233112683,1.3610243768492865,1.6754574640759547,2.757859584294726,0.0030949800699944362,2.6262280941485,340.0942750969319,0.6700663289023878,0.9745515932582343,1.0,0.16193939332997886,0.034265745298717516,3.165761706116834,0.7844055082278375,1.0,0.0
1551,usf2,zbtb7a,0,1,9.900707899868394,9.999999999998899e-05,77.12981578032729,3.4624674873221,40.58066386657984,3.340484948291563,5.563702572824852,8.774390226787192,9.999711196963678e-05,0.5261345882396148,0.9647700550323782,0.6993234746743123,0.7437866067434433,1.0,0.22977485388382504,0.036779146177694136,2.1388495475396008,2.035127316504066,0.0,1.0
1552,klf6,plagl1,1,0,13.889697912960386,1.9899460070496708,6.486779030339526,20.53305432223273,23.52428600588555,7.305818600762234,1.397433083336722,4.421735975765336,1.8141308379744994,3.626497202364894,0.3558076887203117,0.6557022000821722,0.9975976820382414,1.0,0.1463551297239535,0.046687964175825804,3.3003013680352424,2.5257465501754375,1.0,0.0
1553,klf6,polr2a,1,0,9.922156654460075,0.620189907841741,10.596512829071257,19.208183468187908,29.304647059185545,3.703705703281247,2.1347346995356653,5.124126608961096,0.6007916690404821,2.765499134657678,0.192819154888604,0.6614447083223343,0.7625278106508875,1.0,0.2577161939428579,0.05550620124952139,4.213468245519037,1.6207871989604514,1.0,0.0
1554,usf2,zfp148,0,1,11.5331171993256,1.2057796645617553,8.335999617301058,20.51691668718308,8.415910245497066,3.7873905202401543,1.8240363790771708,4.838668041823357,1.13884945590219,1.009586208237121,0.184598425678949,0.6721381795304413,0.8377869227251943,1.0,0.19321285023525306,0.038038137540746184,0.8988339139441187,1.5007974054854063,0.0,1.0
1555,klf6,polr3g,1,0,12.812838263656463,2.0859214374762947,4.172680766344699,17.56678178376376,19.338975909067074,9.884192279520967,1.4421536434846214,3.1476155477270145,1.864523485533446,4.634664617779559,0.5626638049694744,0.6418900163927123,0.656263387736488,1.0,0.2745772987955886,0.06522428920345519,4.409785100613335,3.92319285093033,1.0,0.0
1556,klf6,pou2f1,1,0,3.890482916574094,0.5798532410939761,10.265734121227283,12.789527010444402,27.328950226736186,2.9345813284874214,3.7978413258867274,2.8212807926071077,0.5547039989540122,2.662152545936868,0.22945190436604368,0.6622863864206593,0.8269087379720504,1.0,0.21051085633210462,0.04413605998661991,3.9424068797991945,1.0606486398436634,1.0,0.0
1557,usf2,zfp263,1,0,8.023349736981224,0.8535214160690636,94.04459400465828,0.24575617768293487,52.12854330566728,1.4712832365656319,1.3874904237539454,7.3926508256279755,0.19081455127973915,0.5542960109231287,5.986759927816849,0.7095088564620652,0.8194498954016326,1.0,0.20629913303216568,0.03557537749382819,1.926019109562244,1.02642406038112,1.0,0.0
1558,usf2,zic3,1,0,2.1286337509728943,19.968571693846712,20.54746992651336,0.7527614274136967,7.523483264793259,6.234660488982281,1.133693355995728,1.9288162818774617,0.7254152251550923,0.3661513213889831,8.282385709378126,0.6682088910320737,1.0012301759043514,1.0,0.20680773552993215,0.041485126568304144,0.834116131214147,2.3748262380916376,1.0,0.0
1559,klf6,pten,1,0,15.301156938659327,1.7407331592273332,9.71534651799951,25.167727814735372,30.638197213264768,8.885782734853303,1.7401565529558383,5.942318919305208,1.6281235256044506,3.1535876930896634,0.3530625728418278,0.68472316600698,0.6344661495251208,1.0,0.28074763316743734,0.06741053693439246,6.553038012938325,3.7058948672208656,1.0,0.0
1560,klf6,pura,1,0,4.369947665659474,21.68611237626326,67.9426027834314,28.330265826673102,23.997063298174886,27.843506867210635,2.3617492998446536,4.10586567045939,12.283442952904073,0.3531961142946801,0.9828184118553459,0.6558897782970219,0.6695840905791844,1.0,0.29437494471808895,0.07138125045249358,7.3528279909868,4.553341184928254,1.0,0.0
1561,klf6,rad21,1,0,6.975332059562795,0.7928135268962705,7.051091665409254,13.602766433742634,21.938044446421376,12.747974894494552,2.1280606745919104,3.506503632931081,0.749150590762518,3.1112975816274635,0.9371604633945849,0.6492056439619274,0.37441718681956737,1.0,0.3498051779348276,0.09418588478470041,7.50977806999849,10.012142682576592,1.0,0.0
1562,klf6,rara,1,0,10.616522025016284,1.0499894916501502,8.282017784154117,17.867637021735327,25.56019583370904,3.656487100966195,1.8812411604437447,4.65254062509015,0.9917116769467219,3.086228078695152,0.20464301443544056,0.6580676389669002,1.036056806894145,1.0,0.19015482965141423,0.04384060264404415,2.5565407853345183,1.539901298916749,1.0,0.0
1563,klf6,rarg,1,0,4.601381833321108,0.7570238580673023,6.903661688702229,0.9026028422517343,21.438267424569162,1.908729944940646,3.0036687710360486,2.7610832950767277,0.41171420405116926,3.10534733468366,2.1146952519880333,0.6479364309005982,0.8060139872275441,1.0,0.1619847406653097,0.03343100724998954,2.259232476459788,1.018604381802599,1.0,0.0
1564,klf6,rbpj,1,0,74.00006472217945,8.423183341938817,0.4806194286776152,58.51280020867931,30.573581317923846,17.2865135166163,1.1513843566855693,0.4775180200660277,7.363215087968784,63.612870170572464,0.2954313151133751,0.6705887390220345,0.5707969151670953,1.0,0.27725740502066865,0.05824473999667119,5.884367478945216,3.9853778175957704,1.0,0.0
1565,klf6,relb,1,0,10.2337458966848,1.0043287514767139,8.033402309475708,17.161516232899434,25.17266186042296,7.367001734748867,1.8850865502635283,4.500527230259713,0.9488027772151091,3.133499467682682,0.4292745253257972,0.6601917355371902,0.6180355029585799,1.0,0.24036148663943932,0.06657834723956738,3.3551747542757524,2.6538688222520888,1.0,0.0
1566,klf6,rfx7,1,0,0.0001,1.1793147664490853,10.465968512318193,9.572700697752708,23.285124361856358,1.6296066357901517,7.010810147181869,9.999904453138366e-05,1.0499638254096688,2.224841813201552,0.1702347840221014,0.6562840139974094,0.8648468152600384,1.0,0.1851597038300264,0.03871085615975919,2.507592168907209,1.1309175479570828,1.0,0.0
1567,klf6,rxrb,1,0,5.856042556340955,18.43111611723044,113.66940728599023,64.06492821081716,23.938906054098446,24.96520180279868,4.658556393515909,5.569130986738722,14.313269690849292,0.210601133811392,0.38968594049846117,0.656444834881136,1.1763578948116242,1.0,0.2162847582854747,0.041346594809682,3.8191391703486897,2.0227487840068785,1.0,0.0
1568,vezf1,xbp1,1,0,3.1639899739287696,21.727993315534874,123.76336489144975,153.3885588278925,7.876478115137344,104.3722129747549,8.265529876599757,3.0851194060693867,19.03204203199627,0.06364143478197799,0.6804432727728037,1.1665530232988166,0.7204628195763332,1.0,0.07263490274488829,0.02780024888357866,2.0673709387617505,1.799408985209258,1.0,0.0
1569,vezf1,ybx1,1,0,0.3750852285892268,4.958836416476953,0.2380530156863349,63.09242865654208,1.2595875575092357,2769.16081149556,1.7195375439985625,0.14562811998550557,4.597490325717393,5.291206052894126,43.89054075838662,1.1045767245612657,0.2847803256769512,1.0,0.17195097212309216,0.17832041161076145,5.033812010899374,71.29028879112789,1.0,0.0
1570,klf6,smad1,0,1,10.503580162127102,0.6856540849409196,10.63580627249091,8.675593311177499,30.500572093774025,2.128715356420317,2.1716487867915064,5.284639841250019,0.6354341191283397,2.86772542789375,0.24536827396896455,0.6700686465725615,0.9478916079599237,1.0,0.26533911339283134,0.047240161291618524,6.313270553089772,1.9300552459761438,0.0,1.0
1571,klf6,smad2,1,0,0.00010000000003995702,0.009091889286880983,12.023307514067826,9.490676213652055,24.949757469047846,1.8576976759734836,12.575853720160712,9.999916832898022e-05,0.009083187763863876,2.075115972859837,0.19573923229002807,0.6597403041621297,0.7463111436107701,1.0,0.2342424276038757,0.04808172677610024,2.152722537341641,1.271613968068138,1.0,0.0
1572,klf6,smad4,1,0,4.211696151186952,20.244052723117154,79.54091154662292,45.90183214958591,26.721838331820003,13.884009280107126,3.355086117989721,3.999901140171589,14.048328356513792,0.33595086870681623,0.3024717888136057,0.6615475302820509,0.9717463414634148,1.0,0.17069099301908497,0.03927852335307124,2.7181976441417164,1.9055315908090735,1.0,0.0
1573,klf6,smarca5,1,0,4.003284328858806,15.793663470609143,64.66420739780702,47.92290334192657,22.962447186705504,258.1210572990448,4.284071497665767,3.769894627055223,11.87882909862006,0.3551028940236301,5.38617319275022,0.6542879584856536,0.1752827242391502,1.0,0.3366603590683085,0.16724457416752614,13.732780561340114,45.19226337207323,1.0,0.0
1574,klf6,smarcb1,1,0,33.70132444616358,4.538541320397098,1.1370482789489897,31.809343072616727,22.29218658651957,55.0056088063183,1.1760446223189547,1.0999375103473061,3.9718410113988964,19.605312280253354,1.7292280661297348,0.6507900032312829,0.30135606991931085,1.0,0.42616111946845514,0.1341809268209176,11.600308966042546,16.219339829368828,1.0,0.0
1575,klf6,smarcc1,1,0,3.2975090039896946,13.191075355133233,49.80053287570022,40.544998041284444,21.087187955304376,108.14520245717608,4.343404155184111,3.092726205105499,9.9529439095929,0.4234329782762968,2.667288387757685,0.6471007955504153,0.2266117409743938,1.0,0.2773528548055389,0.11398066585334739,7.995696003210609,21.574182676150045,1.0,0.0
1576,vezf1,zbtb7a,0,1,0.4857055085408255,1.0943168324935841,0.12476108788862196,0.8278292251837063,1.2929308400564732,3.5503538861201918,2.905649073437846,0.09926365831230712,0.4713000096586544,10.36325397555616,4.288751566281465,1.1245267217630854,0.7516388273740591,1.0,0.05904135591017758,0.0191335187657882,0.3085744056016807,0.19842084490100728,0.0,1.0
1577,klf6,smc3,1,0,4.705819924243263,17.246210754390596,78.7914687736579,47.497999297771294,22.767936778638227,165.86583781288218,3.9621098236226118,4.440604831576889,12.652258875987435,0.2889644923874063,3.492059460716379,0.6537139082214245,0.25632536286000107,1.0,0.3765021596955609,0.13665912891870843,12.283487424408822,31.37068529306958,1.0,0.0
1578,vezf1,zfhx3,1,0,1.5772193704151956,1.1722932392448688,1.1794765975708599,0.8734631813123713,1.8455746321720434,1.863552202242645,4.076303431498235,0.6748271692794737,0.5005263441396872,1.5647403568438891,2.1335211856814307,1.164965986394558,1.152433100768348,1.0,0.05595593212579778,0.017289696218296423,0.5843279258976521,0.0582543925224748,1.0,0.0
1579,vezf1,zfp219,1,0,0.17713346519951376,5.2770217045249534,0.07912760049954706,28.611194988370144,1.2093475833458671,19.510395534146284,1.693819587985912,0.05469479349573671,4.455291888453937,15.28351138807488,0.6819147379924835,1.108551383448811,0.5439396593799662,1.0,0.05424371718057697,0.021827441654725624,0.3045795229073709,0.5894675525912078,1.0,0.0
1580,vezf1,zfp42,0,1,0.02847511733844317,5.689898710509276,0.006901773239099013,144.8267565054133,1.1563844314905167,1575.8002398551253,1.2910201595214899,0.00555528763603184,5.4748065847281655,167.5488880074356,10.88058779936997,1.1006133450850897,0.2544138738283106,1.0,0.2107416780402186,0.09739641029317057,3.540028506993049,29.387248934582907,0.0,1.0
1581,vezf1,zfp57,0,1,2.139413972501789,1.878584756112516,5.141340791506214,6.738093257534759,1.2904686775739502,24.369897929997563,4.351955263737119,1.5107577007149022,1.4690208057932759,0.2509984710031044,3.6167350314937146,1.1304342020737608,0.32675540418455207,1.0,0.12740379034161642,0.033657290778042706,2.4913590258840266,2.612646089251347,0.0,1.0
1582,vezf1,zic3,0,1,2.6388228150424786,2.3653104700550274,1.4058291141418096,9.299405218139094,2.1517809096581506,8.240111917864152,-3.223652484062434,0.9171948551816499,1.8856850964666823,1.530613420943205,0.8860902094890195,1.1665547970939238,1.0074246328034864,1.0,-0.02690124238041668,0.021097616195965434,0.29530779033572496,0.4585111945002052,0.0,1.0
1583,klf6,sox2,1,0,8.974048947465583,3.1098572995297964,397.27994106121446,314.858696939614,20.571798113968757,1603.4860647160579,45.71682233162063,8.775814452563052,3.0794416741652673,0.05178161791661909,5.092716448050303,0.641706410346391,0.37402143830016404,1.0,0.3777856158463751,0.16625439852374344,13.369936520417106,26.7134748704605,1.0,0.0
1584,klf6,stat3,1,0,10.397136533974031,5.737901943187537,11.625359352295604,14.207599375581573,31.602369190110437,3.647017668708895,2.9734553455039325,5.488499081418306,4.087228030135593,2.7183993399627746,0.25669485549944343,0.6619175111726369,0.4957746813051233,1.0,0.14472501452465544,0.0446853791205558,4.976564938559418,1.8053727554282402,1.0,0.0
1585,klf6,tbp,1,0,13.736195717613073,0.9693861008242782,11.004114595726449,23.890543073923077,32.289090396848366,2.326033022378059,1.8741853445371315,6.109651409846761,0.9315859363159316,2.934274276768086,0.09736208235956606,0.6740063677814965,1.1235799740162182,1.0,0.25310942107227924,0.04816762924325619,0.9636594582114126,1.3794599467335442,1.0,0.0
1586,klf6,tbx3,1,0,16.157387612678352,1.130586063674371,12.06261519903351,26.23631427381596,34.89190627090588,22.90507779529306,1.8120358811889972,6.9064610196453335,1.0838790989976426,2.8925656414623515,0.8730295557616681,0.6753884667903784,0.3436581159818277,1.0,0.28844308143346137,0.0954594804860144,10.75552316100391,10.070188854105481,1.0,0.0
1587,klf6,tcf3,1,0,16.63229783479015,2.0444780263212867,4.1108120032192135,20.422894726503653,20.77824423402401,22.32502710489961,1.3331975431163041,3.296142676499162,1.858435339172429,5.054535264018978,1.0931372561954933,0.6463724858994547,0.4106168471657074,1.0,0.29874528690337276,0.09584687316345221,6.097713113690798,10.075479132273113,1.0,0.0
1588,klf6,tcf4,1,0,3.943490671270886,19.015194867689807,38.68704346102125,11.443747556373983,21.58393520122728,17.657567705843096,1.6566559497959155,3.578702404106748,7.144210287130113,0.5579112092908822,1.5429882229452112,0.6522731169178095,0.5408585798816569,1.0,0.2858816293755144,0.0676914998622538,4.455267034031646,4.244831507352394,1.0,0.0
1589,klf6,tcf7,1,0,19.942051369516605,1.937860168331103,4.486734899893594,23.419988703315614,22.905850273256608,9.577118548392438,1.3078059783665097,3.662674717782499,1.7897678734754794,5.10523817081322,0.4089292556762244,0.6541131178495617,0.6106104243424288,1.0,0.2383878121199074,0.052523722394282386,4.287927911194366,3.6790267542811543,1.0,0.0
1590,klf6,tcf7l1,1,0,1.5332669477630634,0.2987125730671959,10.631697025833127,6.505083279462284,27.918911115304546,2.7233748120568237,7.444787662938651,1.340014625914412,0.28559795245798825,2.62600702855495,0.41865333540848076,0.6740564383025954,0.9955034060021699,1.0,0.17003880933351434,0.04883932266131352,4.328338478993253,1.9953020940514037,1.0,0.0
1591,klf6,tead1,1,0,8.410689313948371,1.223944334082327,6.164309415128885,2.833924192751228,21.450450688913577,1.502495326558107,2.4813422986239995,3.5571935400764336,0.8547752190589814,3.479781633976445,0.5301819047952216,0.6475374320368827,1.0126537142857142,1.0,0.20545187722971356,0.032662614984399166,1.9027439580121888,0.7084118564067016,1.0,0.0
1592,klf6,tead4,1,0,3.465734694250102,0.5841589287521607,7.595636938467413,9.583581198278713,21.87321296159936,4.400128151462151,3.3861808880860083,2.3798551695624433,0.5505977194984266,2.879707539840992,0.45913193204357144,0.6522175470852537,0.7228168511727201,1.0,0.21039295819969697,0.05478110848071102,2.5210371667859324,3.584952847180234,1.0,0.0
1593,klf6,tfap4,1,0,5.256805434413985,0.3790851677454687,7.5782918419947585,2.8532519013525537,22.95109979176679,3.6754808504040257,2.766010273575102,3.103802400609445,0.3346264490745502,3.0285320584494144,1.2881725755309943,0.6514302137027431,0.6020334904811545,1.0,0.20360493224157905,0.047340099605547636,3.944178522709983,2.723485610111151,1.0,0.0
1594,klf6,tfcp2l1,1,0,22.73831319500899,1.4453431510478214,10.44933078335986,31.237456366836906,32.849223056668,32.98204434251678,1.5183214436000085,7.159295675979558,1.3814252231133526,3.1436676412789106,1.055849232895032,0.668338253525397,0.2853168828895374,1.0,0.31381510468852747,0.09799323247997228,11.669877201037222,8.812819020871249,1.0,0.0
1595,klf6,tfdp2,1,0,16.42160864991201,2.015140441333728,4.870122265323713,20.952555349301484,22.036405860291005,10.743929775773575,1.3703223473733015,3.7561644112804875,1.8383359836591173,4.524815735570915,0.5127741985004114,0.6516814860378546,0.6280942544028572,1.0,0.2257428536725252,0.052385106081804765,4.117714648259551,3.6334713054195724,1.0,0.0
1596,klf6,tgif1,1,0,3.990777999400296,14.098716600393299,55.579049724018,33.75787721049937,19.11511667828273,77.22320045905437,3.63812342473796,3.7234227014390022,9.945186356187692,0.34392665533506417,2.2875609143763462,0.6386342766252954,0.3186357606132075,1.0,0.3476970135078782,0.10985753780787533,8.758648720273598,16.14678661169362,1.0,0.0
1597,klf6,tgif2,1,0,7.604157360812857,0.44750522214089244,8.527635062897593,3.087058260306007,25.865473093161444,2.7584096366327318,2.428972077605872,4.019731796111441,0.3908473279375796,3.033135553102885,0.8935398700118159,0.661979400199816,0.7091769203592616,1.0,0.2574074148634118,0.05157056664849988,2.7197113613573527,2.0148543722505297,1.0,0.0
1598,klf6,thap11,1,0,4.23464475586583,20.95020154425993,45.40596391244245,13.458981445500676,22.18306918324658,20.406579080723617,1.7012595188162116,3.873403895017354,8.194567535869753,0.48854968096311735,1.5162053059777059,0.6525894266343252,0.4825993954335922,1.0,0.3095998823148961,0.071415747075218,5.627204940584733,5.160795921202644,1.0,0.0
1599,klf6,thra,1,0,9.17183734286806,0.658207646954013,6.870641473715521,4.883746030397546,23.542270939148068,1.5564231968130744,1.9848374722151894,3.92809657151862,0.5800335351278423,3.426502609576108,0.31869454044611295,0.6594632820906117,1.210174461595709,1.0,0.23851338131694505,0.03929286425339037,2.6888564430405215,1.3012409746689135,1.0,0.0
1600,klf6,topors,1,0,3.999429112958485,17.10037006564868,52.478581353467874,28.071279797243765,21.655865587666543,40.997792737878385,2.8378109014852235,3.7162138740100725,10.626781935267982,0.4126610329232059,1.460488906597833,0.6511189306225907,0.28781501511785107,1.0,0.296886539711504,0.09691945306478587,7.030831590150585,7.977501287957113,1.0,0.0
1601,klf6,trim28,1,0,3.8916158793818463,14.358262472924077,55.83259097902261,34.451342645949644,20.061948896016272,276.63211585732284,3.6363528170552177,3.638039064396889,10.13450977631269,0.35932326521536384,8.02964687618193,0.643270279159458,0.23879591796779207,1.0,0.38379621031634564,0.19202217641061398,16.02580455691362,60.85460782990538,1.0,0.0
1602,klf6,ubp1,1,0,5.40381621655624,0.3886681555269811,6.905975165524005,11.730140719507714,21.356485419194694,3.4688144551016533,2.353460135766191,3.0316208806689593,0.37620299193883816,3.0924648449085796,0.2957180598296549,0.6501950904868031,0.6152691025135357,1.0,0.2440820460265723,0.05674213374842439,3.4530974926487366,2.6448248917463797,1.0,0.0
1603,klf6,vezf1,1,0,5.585894083627069,0.41563832260842476,6.799280465755344,3.282029994004618,21.656826999695905,1.5782188342855419,2.498013846906519,3.066574506087825,0.36891828164515533,3.185164534507845,0.4808666700695976,0.6488632708471693,1.1570307941464495,1.0,0.1510151615431389,0.03213342596010638,3.0691833284433,1.7143619335045868,1.0,0.0
1604,klf6,ybx1,1,0,4.039380204368609,12.31379138616261,57.68423370449919,37.23779256484864,17.984878892278477,1723.806170185034,4.305860655510274,3.7750309318270543,9.253758866277078,0.31178153435148626,46.29184630595572,0.6335210516177309,0.2803925775785616,1.0,0.4072958584947506,0.3549495582611612,31.905246727953994,304.91976590311447,1.0,0.0
1605,xbp1,zfhx3,0,1,6.864348254335864,0.016306813838383276,34.558724179670165,4.6647359441238105,26.20258291866837,1.8247159975668372,6.055618998442332,5.7268354097279985,0.016250007654097225,0.7582045790360092,0.39117240920473545,0.699919242096466,1.1472744087726254,1.0,0.11381096792046264,0.036446483328439326,1.1759070162651928,0.7259700223075677,0.0,1.0
1606,xbp1,zfp148,0,1,5.864111785708632,0.6191292102450765,40.32853852248706,38.46619904006384,30.413698930846852,3.060025359731288,7.841004941806538,5.119668528916638,0.6093219245924183,0.7541483040325966,0.0795510197548806,0.7014513759693491,0.8283193284063847,1.0,0.20875673507024045,0.038176505813841376,1.8451521807906304,0.9901163359533911,0.0,1.0
1607,xbp1,zfp219,0,1,46.766458197146285,3.454756747698972,6.806856928774488,52.93069589230806,13.544593311245482,15.304733467900002,1.2173183787179234,5.941999095356831,3.2430825724117254,1.9898454533381915,0.28914665129358524,0.6868564195953547,0.5386001944388489,1.0,0.27326102440459177,0.04762498841359106,2.5966474185410378,2.169746247228071,0.0,1.0
1608,xbp1,zfp57,1,0,14.32646624189971,1.438975182463933,9.780540163036733,23.73267138192682,11.355842680944455,29.270641932161066,1.7750808749738312,5.81244208092952,1.356713993453105,1.1610649812431844,1.2333479641255887,0.6825739644970412,0.3333936818546653,1.0,0.25988691009484644,0.06342041184283123,4.624694915381163,7.590388048647168,1.0,0.0
1609,xbp1,zfx,1,0,9.715413199745774,0.3003803392777532,23.689152787679614,8.927365108851415,19.151815844170365,2.5574655124910306,3.553995467430937,6.889773924045388,0.2906023985302751,0.8084635198153202,0.2864748423871813,0.6935648766968197,0.7854270137096417,1.0,0.16783809551239856,0.03540693659232216,1.4685221903701975,0.9923721162131403,1.0,0.0
1610,ybx1,yy1,0,1,27.206062507760514,8.65808927513206,124.62684064540824,207.382650715041,4882.364075164731,23.70400353404127,5.813844873851162,22.331165026353005,8.311106063078785,39.17586332029526,0.11430080314004817,0.2608268908314705,0.4361817175711874,1.0,0.6502159326509727,0.3603297329560449,386.8411079778808,35.833572609928744,0.0,1.0
1611,klf6,zbtb7a,1,0,5.196223491954825,0.06463608542960972,17.892571277016664,3.0159357842873904,43.92433283500199,3.264088688847551,4.5386082993154755,4.02679308865682,0.06327990102088576,2.4548921535622776,1.0822805664009834,0.6842759991119022,0.7336469660692976,1.0,0.1827103943371545,0.05778454518725619,4.810099878861102,2.9784713211723526,1.0,0.0
1612,ybx1,zfp263,0,1,6.672185203269377,1.3557321066053778,54.02867320044068,0.4368670147142366,2363.932819178675,1.4705016281053744,1.4697616110984058,5.938784448198574,0.33039993778917737,43.75330133332598,3.366016610494749,0.2799411215736551,0.8112116392362907,1.0,0.19467512600500103,0.19438651149843517,54.133769039575995,6.694875008409692,0.0,1.0
1613,klf6,zfp263,1,0,1.1111140571946998,0.6853912782911926,10.173222565410114,17.065348075381806,26.195931214165668,1.5439057111796144,6.080639822891825,1.001708029230011,0.6589269606648718,2.5749885098586387,0.09047021510254617,0.6650740959240639,0.8220817772670691,1.0,0.14600801119345502,0.0317502348795394,2.220992686374981,1.1055145415979377,1.0,0.0
1614,klf6,zfp42,1,0,9.021330253443415,14.290505971700462,195.03962873190693,133.02964053217573,21.474783574089994,1435.0206210641259,10.785781114367154,8.6225062944345,12.90428307026021,0.11010471930095964,10.787224676571526,0.6424629427002964,0.2559982708024749,1.0,0.4579733724895523,0.2296709183537163,23.691237119380087,107.0062609798843,1.0,0.0
1615,yy1,zfhx3,1,0,11.62848878907964,9.999999999998899e-05,127.93886203123866,5.138627935507476,188.09253349204616,1.869204312450277,6.520367481191528,10.659625005945733,9.999805399309282e-05,1.4701751329171575,0.363755526944116,0.4783673813954093,1.15144596651446,1.0,0.25800492852494933,0.050735581825018396,6.61652343704253,0.6309323761763052,1.0,0.0
1616,klf6,zfx,1,0,6.490600349127249,0.4460535981656029,7.923419117823832,11.153753774657531,24.251806325564925,2.554977676308329,2.309563836786354,3.5678976992048637,0.4289012605412189,3.0607754007370604,0.22906886129345078,0.6579993951022265,0.7818661407553686,1.0,0.21973833820930685,0.04760461506735957,2.3361813141289316,0.9926454974360799,1.0,0.0
1617,yy1,zfp110,1,0,7.346798633302511,1.3458445413699545,166.26875659621402,0.3201528148202355,233.21345969372055,1.7536896489338618,1.2877193239123699,7.0359079986071285,0.25862941296339675,1.4026294805348347,5.477664314519775,0.48054551417400887,0.6548683757254925,1.0,0.1954031270855015,0.03869482546449521,3.6146366737135858,1.7114701753130568,1.0,0.0
1618,klf6,zic3,0,1,3.6176885255003097,0.5979211908376508,14.360116535170498,13.545563114236021,35.8927309290868,4.01612810618629,5.175567873268686,2.889698082653208,0.5726438445528697,2.4994735134063206,0.2964903025674472,0.677435866066483,0.9656011945983382,1.0,0.16305024536148455,0.049846507985814116,4.044268338808607,2.3610159682590024,0.0,1.0
1619,yy1,zfp219,1,0,23.441673039010873,4.3344579663887695,79.38892309066942,105.64822598196106,108.70616342541017,11.78787639029219,4.566630303329564,18.0978157090884,4.163635386070452,1.369286283191646,0.11157666189591214,0.4595641540062436,0.5353796520741831,1.0,0.34158444432977414,0.07055984755247084,6.588293230484727,4.088496153390149,1.0,0.0
1620,yy1,zfp281,1,0,6.000362755122701,0.9090457481821549,173.67388304168165,1.5532266612784595,250.92341198158795,3.294766252630832,2.3683409748282997,5.799975921531751,0.5734353709091231,1.4447964632734471,2.121239825949751,0.48591539880239576,0.5486080961491269,1.0,0.20331893264833356,0.048032724554625476,7.6850089886348805,2.032620069637855,1.0,0.0
1621,yy1,zfp410,1,0,0.9060503691852557,9.999999999998899e-05,40.419228839975816,10.752502267857892,44.05710590333007,1.4972088311168528,38.8042705935909,0.8861853546660374,9.999906999255909e-05,1.0900036237147672,0.13924282867555499,0.4633244121280605,0.8281576517470961,1.0,0.3360273441922866,0.06763170143088426,5.2812376584592435,1.689366659464959,1.0,0.0
1622,yy1,zfp42,1,0,5.562737851877405,20.074094498763316,132.5999123811902,97.81292212428346,20.7449977683852,986.8377628561615,6.118957422454265,5.338769562643593,16.655827742265387,0.1564480503482441,10.089032629065734,0.431599323308466,0.2321322817971046,1.0,0.571817306064987,0.23853342679081296,24.24879124698468,108.67224999537721,1.0,0.0
1623,yy1,zfx,1,0,8.650800527948212,1.1462414388858848,20.560057351657395,2.180655373152585,35.60480268938038,2.073244413901032,3.11712791894211,6.088864480647178,0.7513180281371925,1.731746272901821,0.9507437256826747,0.45552208877772216,0.7694298402648223,1.0,0.2523924788501221,0.04942822267005757,4.964627465305609,1.5604052921893996,1.0,0.0
1624,atf1,atf6b,0,1,6.218529071507794,2.511783467077178,30.100966261944922,44.98523775430837,61.999389439849075,4.277698515865421,5.946008759956953,5.153808775750551,2.3789529016386535,2.059714259679154,0.09509116166571183,0.41109476324849414,0.712726854469994,1.0,0.42300289063570484,0.09050419709526936,9.420363245468304,4.746881985830157,0.0,1.0
1625,atf1,bclaf1,0,1,66.47471344923395,6.61565232680992,154.19115163882577,236.20899710150985,270.24682558295444,82.5833575698897,3.4125185273922125,46.44947063972942,6.4354117465711935,1.7526740199461972,0.34961986454055277,0.419662878212962,0.28479884883693574,1.0,0.4540254176297986,0.13727793411608966,18.969087005765342,17.266898726661005,0.0,1.0
1626,atf1,bdp1,1,0,5.723576426666998,0.00010000090187345378,999.9853507257488,243.91361109750227,2017.776449468101,5.608089017143691,64.56275031541122,5.691003058540842,0.00010000086087460903,2.0178060088617102,0.022992111805117375,0.4208631168773941,0.6211750523503163,1.0,0.3793027745655041,0.08427718762099085,9.484818075113271,2.5526576583158245,1.0,0.0
1627,atf1,brca1,0,1,8.025725206791945,2.431522333095329,29.095145886110412,39.643571465783104,59.63495725896427,6.209670556612032,4.908922764933592,6.290521716180663,2.2910045036021254,2.0496531446310122,0.15663751592037264,0.40548826759769646,0.6955087056626597,1.0,0.3569723307372663,0.09164101347523573,8.93325846097201,5.173328464882849,0.0,1.0
1628,atf1,ccnt2,0,1,9.19093551388641,2.2829693768269177,29.11071763374377,2.2113473089941085,61.40375631232086,2.8448734559266167,2.331223485157423,6.985461632776789,1.1232938265986718,2.109317849352656,1.2864887592988208,0.4111043322942273,0.5092601613774655,1.0,0.2767867706977212,0.06184674288072152,4.968393055747219,2.927124776671448,0.0,1.0
1629,atf1,chd2,0,1,4.9061279933821575,0.4931324234466756,168.1637881707943,166.54379453411508,301.9264332547271,5.267424430756113,30.52017860409675,4.7670507209079815,0.4916765801700798,1.7954307317820277,0.03162786368288928,0.42575458846395503,0.6358241247817187,1.0,0.39002615216546294,0.0855901152227549,13.023046376842565,4.093844968614352,0.0,1.0
1630,atf1,clock,0,1,6.635807566403235,0.8248703666374544,43.874721982607724,1.2368431897546346,86.5088999948609,1.7452045699240029,2.4689649239728624,5.764030088489292,0.4948482257599899,1.9717253143884008,1.4110152235791646,0.4158997532990069,0.9153357728303865,1.0,0.21293014612171104,0.054590291074535106,3.716300119930775,2.205339367306863,0.0,1.0
1631,atf1,ctcf,1,0,6.5260709976977935,32.280702225853325,304.85731911243226,328.72589636993007,64.9802762296297,942.667957838654,11.42275818120661,6.389295549746221,29.39420724141959,0.21314979879379173,2.8676413031294232,0.4023218900107833,0.4800796149615254,1.0,0.6029479306420311,0.1694895961933447,25.972918413024264,34.51047745611047,1.0,0.0
1632,atf1,cux1,1,0,6.061200516560514,0.03860944098418848,191.71751230449922,0.010265508174943256,344.9116380397694,1.4465200489904526,1.3058940863326889,5.875446695140954,0.008109379935367632,1.7990617231249928,140.9107103456618,0.4235676655857331,0.8901170302265488,1.0,0.3068809888451913,0.06535279849684698,8.39092946500186,1.8089325585194804,1.0,0.0
1633,atf1,e2f1,0,1,19.849278589339704,4.833860671161702,28.741086088850746,71.95302947454317,58.43012264932123,13.469697754579007,2.6110630243059276,11.740801463748962,4.5295612140035075,2.0329824164852095,0.1872012596682195,0.39053103970473957,0.6497322406588503,1.0,0.4982864626562802,0.10640325787263577,9.913059475763342,7.768639647496969,0.0,1.0
1634,atf1,e2f4,0,1,8.321619621054083,96.61361303411991,264.946939130942,76.41834300733925,56.12196531406087,427.81147054725176,1.84700773342,8.068208275695618,42.66872078964828,0.2118234145227256,5.5982824765798,0.3890728,0.34709009513971767,1.0,0.6814338071727968,0.2269241808616508,22.24822880229148,58.65141720465307,0.0,1.0
1635,atf1,e2f5,0,1,7.481551701380502,0.617523582565108,168.17548432381037,0.9228141515827664,296.34747694208045,2.353372499082607,2.2717531649398097,7.16289884734736,0.3699575023671161,1.7621324423926361,2.550212840847982,0.42374275442691256,0.7516333975576274,1.0,0.3647061594106596,0.07052015580313913,11.82372327023376,2.085638011208509,0.0,1.0
1636,atf1,e2f6,0,1,8.966649966254586,9.999999999998899e-05,155.73962836271636,8.672915995261153,275.52051002566895,1.7881696991313885,9.855641552793585,8.478503355007945,9.999884699854112e-05,1.769109846493173,0.20617860245717096,0.42223668014770527,1.2717982486282946,1.0,0.1273816077633162,0.03995748530663258,5.849539926211463,0.641681365797564,0.0,1.0
1637,atf1,ep300,0,1,9.503342748900705,0.938307156408868,46.208291149260255,2.06051165359851,89.95206272542445,2.1475403463912084,2.881064866562795,7.88225363189197,0.6447181216762462,1.9466649921085535,1.0422364477486503,0.41310619728670334,0.7768470253518264,1.0,0.3490099021699593,0.06975848147826573,8.538528055487294,2.261619943407057,0.0,1.0
1638,atf1,erf,1,0,15.545070285053416,0.00010000005324584116,181.39097266992812,10.548160128063776,328.23280471539385,3.6597919582559535,8.014363819734797,14.318026182098171,9.999910522118803e-05,1.8095321938246043,0.34696021996470644,0.43097004804439654,0.6595203030579483,1.0,0.32401062485297044,0.06802653742839955,11.222259772767364,3.6656097045454246,1.0,0.0
1639,atf1,gabpa,0,1,17.01454217171352,2.2512966243075287,32.35763024696679,48.48314175583281,69.24112187430708,8.732411208661087,3.036505501339737,11.151023692962411,2.151397292562833,2.139869988804194,0.18011232136396207,0.416434615766587,0.5580776204030341,1.0,0.3550612551728842,0.08747426323927798,8.349988625972218,3.9789845515834537,0.0,1.0
1640,atf1,gtf2i,0,1,15.007795136180116,1.1262705003144564,48.29035010945689,31.83054023007406,92.84628917669514,4.261416255276884,4.366663923259988,11.44949316737043,1.0877811801476558,1.922667550892589,0.13387822589484744,0.41238863441660645,0.5562683048131297,1.0,0.3425875244589035,0.07414943123166202,8.56433208260094,4.828470354688516,0.0,1.0
1641,atf1,hdac2,0,1,77.86604658065887,4.590669862963481,17.614224091003706,89.87845558862675,56.61453128105735,110.77457191011271,1.2859758587731775,14.36474764790668,4.367589044865716,3.2141371080871326,1.2324930505829716,0.4077218639803194,0.23036181462347893,1.0,0.4033517313719247,0.14930921565826658,15.590318196300846,24.92186549878948,0.0,1.0
1642,atf1,hic2,1,0,9.802002788185899,0.6018707310985048,24.54131162164642,27.844733757279442,52.620391488327115,5.4867207151076185,3.5737805460069723,7.004391075086446,0.58913640362891,2.1441556302929556,0.197046980694266,0.4043861842318416,0.43891782329726964,1.0,0.34956714222753255,0.07459392369111238,8.788018428186527,5.732585134093451,1.0,0.0
1643,atf1,hmga1-rs1,0,1,13.384960088617976,6.496726380275743,89.87954039868589,146.8547112269308,155.4438102175522,11.60686674737794,8.056268576002088,11.650025471896297,6.221492875336059,1.7294682363532081,0.07903639352395135,0.4026168149450221,0.605266832810553,1.0,0.5116444408572586,0.1140953849476733,12.054850585421736,7.618736694428242,0.0,1.0
1644,atf1,hmga2,0,1,1.6021111977837075,1.9344622957201436,118.19382829851597,120.23635035220119,206.12832568650597,11.243096314173947,31.523903591191853,1.5806850935196037,1.9038318669585115,1.7439855249116598,0.09350829662776868,0.41392066285601814,0.5813163548995672,1.0,0.4099857470704638,0.10821943119377005,10.330637982325298,6.916583266842327,0.0,1.0
1645,atf1,hsf1,0,1,5.073272318483625,2.315028166303559,27.816380975238562,40.970237185959554,56.26220125068062,3.282299146534127,6.343897203218539,4.290713384595289,2.191213390832889,2.02262836782268,0.08011423345283845,0.40466489710209025,0.7942533452480027,1.0,0.38860851514801,0.07081836227779997,9.356780721049864,2.3051654239681847,0.0,1.0
1646,atf1,klf10,0,1,2.3213229673791638,1.4571222762810574,39.44477049566608,39.60949472828898,78.21619767585335,3.807857804617759,12.660030658204915,2.1923058658958805,1.4054207853158238,1.9829294655028407,0.09613497548349685,0.415264416967423,0.7581279513143607,1.0,0.3158779521719786,0.07952713624621144,9.183233192992136,2.5981260366051044,0.0,1.0
1647,atf1,klf16,0,1,10.337403688269736,0.6785411256306848,47.467784086108516,2.9444250854498955,93.51104102436906,1.7630825557506253,3.4560773725721106,8.488747553264178,0.5514579478290257,1.9699896008361415,0.5987866916577481,0.4149788241907048,0.9771436121019947,1.0,0.30414650368556306,0.05879506233879836,11.64388666640422,2.0573810394204597,0.0,1.0
1648,atf1,klf2,0,1,7.331655464166179,41.78960997805448,303.9972163403323,248.84197955015853,62.283469641639236,4858.406660806496,7.1217697394353365,7.158998262366428,35.78072599901825,0.20488171040326691,19.52406370335596,0.39968812653152147,0.3236086253033962,1.0,0.6010630494608957,0.3292416527692187,41.105004394749656,201.03238979651638,0.0,1.0
1649,atf1,klf3,0,1,3.3645232357106933,0.00010000000000021103,999.9931662348773,349.3913366799549,9999.82727626299,16.174747664155277,143.51264808505186,3.3532411010119394,9.99999713790173e-05,9.999895613200861,0.046294071907602756,0.41702967391077644,0.40255315176550227,1.0,0.461525720502597,0.12892775073525037,16.097172829245338,12.018654973077702,0.0,1.0
1650,atf1,klf5,0,1,65.7061587617417,3.99055935166126,18.966484277743916,84.43602396181058,55.890825364150466,70.03620860816683,1.3457545404011526,14.718033858047503,3.8104713810260193,2.9468205359353368,0.8294588650910822,0.40755871661437865,0.29584781791405756,1.0,0.42992128899743914,0.12922176806913033,16.437790704946764,17.55891332949691,0.0,1.0
1651,atf1,mafg,1,0,9.9318598660395,4.997513370536611,221.50431786171066,248.88724352975575,382.5196382993599,19.583764830718177,20.320464603339552,9.50564369980691,4.899141415506239,1.7269172989132164,0.07868528958325997,0.4142961760856632,0.3683987592888796,1.0,0.512750570687325,0.13635394543352525,18.71998779714299,13.716154197937245,1.0,0.0
1652,atf1,max,0,1,57.43619832530373,8.88542658004724,149.1064207097822,291.08334507915345,261.8222360511247,37.111483929682635,3.7058060064088183,41.464110368467914,8.622229831023287,1.7559420634254934,0.12749435705292936,0.4195440231232867,0.4415815823538665,1.0,0.5157691581171794,0.130319549956812,16.979564574341797,9.560889271307921,0.0,1.0
1653,atf1,maz,0,1,116.6283032097469,8.14962856395161,85.67320490925988,279.40988590964054,157.13134431349795,70.20472619382964,1.7851763997614516,49.39123099977113,7.918662651201486,1.8340780466882547,0.2512607095674969,0.40383923891549556,0.3524511413206371,1.0,0.5388486470680165,0.12868539438591764,16.87935740027288,12.978032188598927,0.0,1.0
1654,atf1,mga,0,1,7.2142990553569195,0.00010000000000021103,930.851633711147,267.07040726657584,1837.7873212967268,24.299235504152456,78.27746921737298,7.158816696343379,9.999996255691525e-05,1.9743074564630474,0.09098438030948977,0.4115020440872797,0.3588346127578329,1.0,0.4297866068451503,0.12734012439558834,12.85987550399198,16.122587144628767,0.0,1.0
1655,atf1,mlx,0,1,18.384655207230125,1.9918556870785344,20.226214996500605,39.45739042018675,47.2426787817265,8.103030831954175,2.206187286281205,9.63075908146823,1.8961364774244012,2.335715248250851,0.20536154939959217,0.40170951743388184,0.538088669267512,1.0,0.3961742165271883,0.08285187647451156,9.370814152503176,3.850404228994066,0.0,1.0
1656,atf1,mycn,0,1,17.512659706498923,4.0863759786478315,23.193872741174275,53.39456628782783,52.10856039726922,29.208954924496645,2.4700095046684787,9.978408284079824,3.79587154395263,2.246651992048096,0.5470398386053621,0.40485878644826767,0.5457514707083774,1.0,0.41145536399945076,0.13230238623673654,13.8077158728676,13.168189854016514,0.0,1.0
1657,atf1,nanog,0,1,12.44957809693075,0.3563859070854618,164.31312254093157,84.86587738644717,294.0619500201103,28.266216557944304,14.188146095683198,11.572741557138832,0.35489555808673057,1.7896437330917219,0.3330692785892099,0.42540287036324864,0.2218086048166745,1.0,0.402858513869208,0.15805482451877614,18.64593362435625,24.345392690820415,0.0,1.0
1658,atf1,nfe2l1,1,0,5.88260225937476,0.26261390038374943,234.91094816423094,0.10659700764796022,428.0128344262877,1.6371734697980571,1.4302867890069706,5.738889899632883,0.07582077164757806,1.8220216544656547,15.358531218858142,0.4234572083501947,0.8317840156393564,1.0,0.28272450435917257,0.05513210533981627,8.00855803504359,1.9194643854758133,1.0,0.0
1659,atf1,nfe2l2,0,1,10.971628163033136,1.0005878928131073,93.29036273782086,75.20566399702655,162.7893220602339,14.182821192628593,9.506307132010907,9.817069118957987,0.9874501763342622,1.7449746928064784,0.18858714143112076,0.40317215370735604,0.31982883819483193,1.0,0.39201052460230906,0.10505061195507835,10.241876437126871,8.761641832027868,0.0,1.0
1660,atf1,nfyc,1,0,29.967132325503815,3.21525783129884,16.276889298317293,58.912804908941624,44.87052651215672,24.24566244951805,1.6215381808491358,10.54777846568153,3.0488614805072247,2.7567015840548503,0.4115516565030858,0.4027113057832801,0.43952209295198363,1.0,0.563320113901331,0.14368281702870248,14.95817099671027,17.288512574789344,1.0,0.0
1661,zbtb7a,zfp110,1,0,4.05347942502901,7.370757589848801,0.0001,0.8193223801210985,3.3964836905538918,1.7142108266577514,9.986329979110643,9.999753304451413e-05,0.7373586917287165,33964.83690553892,2.0922299552032078,0.746843926425059,0.6594815805576989,1.0,0.1388570314766499,0.03178215258257725,1.872869267717352,2.3076428413583794,1.0,0.0
1662,atf1,nr5a2,1,0,6.245125858940682,0.17265014123840144,68.68142043776959,50.194275096240865,129.13688669979015,5.183353112568157,11.901118990449262,5.724594766535025,0.17205832287488024,1.8802302846487815,0.10326582269850028,0.4194725506037678,0.515577697325302,1.0,0.29107029944144075,0.07059492944341994,7.333708365145121,3.430327847296848,1.0,0.0
1663,zbtb7a,zfp219,1,0,0.27988049554748184,8.349229299389865,1.4476637492701876,26.00218183731197,2.967627803043519,18.533161325341105,3.888188512601225,0.23453688595664815,6.319920237925697,2.049942747091369,0.7127540850724629,0.715063560404464,0.5459483801137722,1.0,0.242515974509898,0.039319744065275344,1.4741742290749984,2.3605478422496775,1.0,0.0
1664,atf1,nrf1,0,1,200.58046681006627,6.582592198928433,37.188007324334045,263.8860456770897,95.84430777891146,60.079118873747674,1.209783377060461,31.371643763986672,6.422386859049966,2.5772907632024573,0.22767069292957187,0.4100700657923011,0.5038011146980309,1.0,0.4722487355817323,0.11954641940003327,13.498054239439128,9.541562795542292,0.0,1.0
1665,zbtb7a,zfp263,1,0,6.039527392681977,2.2404016821969046,1.9053088161856933,7.593960371731834,4.033443342645977,1.4488058996457724,1.703569512433237,1.448382884725576,1.7300076505285755,2.1169499182398543,0.19078396893390245,0.7690993496088228,0.797915569129203,1.0,0.11126176472181215,0.020277340093731656,0.525674173104969,0.7279915644684298,1.0,0.0
1666,atf1,patz1,0,1,32.180809956722705,4.437557383943337,65.42141982258603,104.48872741593371,117.66356849683434,14.898785866875071,3.1617390286166405,21.570350218125146,4.256775347982332,1.7985480721134133,0.14258749470235316,0.39882301330566405,0.445763853215558,1.0,0.4311382637359713,0.09009923492050488,7.709549427956029,7.1007216406637,0.0,1.0
1667,zbtb7a,zfp410,1,0,2.5462833599653694,0.09417726903248375,0.00010000000000046305,0.01767772634749333,3.493457495554697,1.4885386234087747,3.5542683494080984,9.999607286201355e-05,0.014883912734115807,34934.57495538521,84.20418973279597,0.7508062267064097,0.8316221127616082,1.0,0.10835619949982822,0.021905103908075353,0.5523374741839262,0.5531403193930386,1.0,0.0
1668,zbtb7a,zfp42,1,0,0.3866965949089718,7.417065744421443,1.1582554539068912,132.19901034261912,2.8746783624287335,1443.2317002508858,2.8755686320794496,0.2899076643859793,7.023036161303998,2.481903584163758,10.917114254565702,0.7150373542274054,0.25681942121069007,1.0,0.3732007126967583,0.14812452927108466,6.31710061958465,66.02311386240275,1.0,0.0
1669,zbtb7a,zfx,1,0,0.8243897046375512,2.668954345389489,0.09944415200214912,0.48167854369978924,2.9343469939531888,2.5538311037017594,5.071848285087171,0.08873969546339795,0.40803803157785307,29.5074867136458,5.301940759257608,0.7156827115405667,0.7863365530416718,1.0,0.11115592031555317,0.01815645068832605,0.8179567697392445,0.41277215631242314,1.0,0.0
1670,atf1,polr2a,1,0,68.4693470246788,4.679581762104532,14.815294659814962,80.93802739502581,50.74177925014146,11.013809179506389,1.2867056737210179,12.179839293522527,4.423810949490131,3.424959166541154,0.1360770645638846,0.403411761901065,0.7826158912191121,1.0,0.2994764134548791,0.06541973607729669,8.725457593178444,3.3112460462653104,1.0,0.0
1671,atf1,pou5f1,0,1,7.3296791315498275,38.143031727059984,178.16350556894938,90.09113448004022,35.054872017119585,2252.300560218481,3.500239418920297,7.040050182334141,26.797452679259006,0.19675674827555148,25.00024639735756,0.3770768427591831,0.25593277683534665,1.0,0.6960671994235085,0.36177501951310354,42.78592070498065,317.5088036271989,0.0,1.0
1672,atf1,rara,1,0,15.039066569865657,2.9506323228111024,39.33685997522807,61.2621878997297,76.93381860670272,3.8667192616676234,3.789789005203142,10.879624374332934,2.8150483214505537,1.9557691858259882,0.06311755087814426,0.40781603073231776,1.0396701738414942,1.0,0.3214387239080481,0.05296312622944735,6.983707948376273,2.2958849817205698,1.0,0.0
1673,atf1,relb,1,0,6.652129527544496,0.667423602338996,130.22926311732854,110.15262767368249,229.7510648307705,6.203257134659814,19.63849036916249,6.328850910953895,0.6634039844103807,1.764204598345757,0.05631510809743386,0.41723485225816226,0.6163143869117896,1.0,0.32607701553735746,0.07667026305667783,10.326863745853704,4.004270648971576,1.0,0.0
1674,atf1,rest,0,1,29.08269788444597,3.8637379319291143,38.26292312184811,80.09925439970027,77.71636898704216,70.7014774133342,2.427359516981902,16.523554415282476,3.685939709259003,2.0311142653569547,0.8826733524950111,0.40904920261706273,0.2796701551456739,1.0,0.5978190326414771,0.1910177041797781,22.019832654699492,47.821986311368335,0.0,1.0
1675,atf1,rfx7,1,0,5.747830467327521,0.2922654332886225,74.94187122045315,0.13818342566901465,137.32463126613544,1.5869203808356716,1.563085730481646,5.338390918164563,0.09382354706261482,1.832415297746886,11.48415863300972,0.4145891473739692,0.871240810871018,1.0,0.24143579473008653,0.04614115089167856,7.0497892360397225,1.0744514449754243,1.0,0.0
1676,atf1,sall4,0,1,4.355998961798515,92.6775831578703,339.3377076789688,236.42051042006105,135.35732713641312,239.779159605158,3.571991407209694,4.3007907150702085,66.57857320432272,0.39888678467902017,1.0142062513067476,0.4044660044485547,0.5203267072107373,1.0,0.3567439469762115,0.09860834640425468,11.374717708520937,7.7079138196977315,0.0,1.0
1677,atf1,setdb1,0,1,35.34168382608139,9.70917251040614,166.93391254544366,258.58130831571174,300.4368078408376,20.979863814113678,5.938330823003447,29.166768818694308,9.357806966065702,1.7997350164488062,0.08113449479688828,0.4250017913766439,0.4562828836799662,1.0,0.4510036080576421,0.10917510779992233,14.011243589038926,8.426941494165261,0.0,1.0
1678,atf1,sin3a,0,1,16.992372021780877,0.7870643363498343,52.629659837784466,10.868352547246433,99.28104305547815,4.985448560109928,4.393967146502139,12.8451114605117,0.7339156351287186,1.8864086023258164,0.4587124440836273,0.4101884340480832,0.6168808992444873,1.0,0.43655160973100693,0.09609403112227319,13.452881558499204,5.272926259296329,0.0,1.0
1679,atf1,smad1,0,1,12.5580059446063,0.15634503394802318,33.987257689787974,4.2455404689935134,70.2578343299707,2.0259892369021486,3.842913134430194,9.169830628993019,0.1507920113571643,2.067181617629622,0.47720408077571524,0.4131703323117601,0.952175592111029,1.0,0.3566758531672533,0.0615398888948879,7.671053811370545,2.228132649615591,0.0,1.0
1680,atf1,smad2,1,0,5.990767791188286,0.07879337481604716,47.71246789994238,0.021452725230408642,91.9509842144514,1.7704772878287522,1.4216214717159374,5.322478473681366,0.016861829229485537,1.9271898575290933,82.52924832688156,0.4137601268497754,0.7348367437089612,1.0,0.2801394366159288,0.06064690058328775,4.525164004947015,2.379169672808663,1.0,0.0
1681,atf1,smarca5,1,0,75.26584428650328,5.429377981075594,29.33792481719346,101.0053544506792,69.57757405545792,216.86798708182997,1.4644966124597887,21.10959958613945,5.152418152381613,2.371591531746037,2.1470939660701487,0.40321713118381,0.16492977158980954,1.0,0.5341877849433223,0.2126217603176693,25.068983195402406,71.50737203019638,1.0,0.0
1682,atf1,smc3,0,1,26.74829795429021,6.040395343236213,120.29431230544623,157.26365999111354,197.44753530758686,70.03310445163393,5.7084163623285304,21.88255568959785,5.816969318524902,1.6413704981016595,0.4453228702396426,0.4004820589282331,0.238426610809942,1.0,0.5448837428796848,0.17269470633362385,28.365997708718442,29.16493697070022,0.0,1.0
1683,atf1,sp1,0,1,15.520137256936632,1.969981914881139,49.49247276691506,55.54392390276382,96.05188483864453,4.011185237698532,4.337208958205263,11.815092029775611,1.902505559558247,1.9407372367713602,0.07221645421955755,0.4139570580663205,0.9594323483100039,1.0,0.2346746438952926,0.04680379663606569,5.1429242690046255,1.6869016669508754,0.0,1.0
1684,atf1,sp3,0,1,15.630553991058909,0.38529877788601097,386.572187444761,179.7381478917701,701.5551081932915,11.734874420924953,25.719069270512534,15.023113531565189,0.38447459230115083,1.8148100949283625,0.06528872450600273,0.41682930407572344,0.5619891161568775,1.0,0.31207466286258095,0.07718422413218372,7.818281469840253,3.8143556999749,0.0,1.0
1685,atf1,sp5,0,1,54.07709304665853,20.090936816846956,179.6312934862292,584.9022838700357,330.8746141562503,124.5058086010154,2.5943790084031093,41.56435426239822,19.423746295736233,1.8419653265015075,0.21286599836337855,0.43119030769796507,0.9125132120737541,1.0,0.2779059970455602,0.1499521506246126,15.386361401485757,26.02566309517332,0.0,1.0
1686,atf1,srebf1,0,1,8.018691188566674,1.1083056353083127,40.615989971035575,1.2412844018124103,80.53325544202785,3.1453441603056693,2.284188633460303,6.696601542978409,0.5855159733460842,1.982796812276604,2.533943192803458,0.41255681761154445,0.5240732441170332,1.0,0.3620845247618823,0.07593968644517858,8.294085998135735,3.435827418998831,0.0,1.0
1687,atf1,stat3,1,0,8.895031815003676,4.139343767613857,294.10850582177187,2.4556086067031053,539.666024651721,2.6564949344394075,1.606979088748517,8.633907500723312,1.54127090006593,1.8349215135544419,1.0818071443421156,0.4261114061391895,0.4918990092228481,1.0,0.21462602476864642,0.0524640207642695,5.140767582995768,2.695867007493664,1.0,0.0
1688,atf1,stat6,1,0,8.832356850375241,9.999999999998899e-05,176.5914895381914,3.9088272061759657,327.28631510324897,2.1262634717363356,4.9618557885535495,8.411642206321883,9.999744175332116e-05,1.8533527066289728,0.5439645601056063,0.4331952061756852,0.9819096626429473,1.0,0.2176657060847947,0.05094738367165106,6.712281908421045,1.9517836789592886,1.0,0.0
1689,atf1,taf1,0,1,11.805291268187567,1.6808567277805098,38.17835137694343,44.11783436113084,74.89581257746059,10.838713883589527,4.395315725980146,9.017081074780997,1.6191676429584099,1.9617351162704073,0.24567647167057605,0.40738368925622276,0.46118313602463584,1.0,0.35416052682126836,0.08513396119641602,8.206015810628188,6.116621127904574,0.0,1.0
1690,atf1,tbp,1,0,5.143522814494444,9.999999999976694e-05,999.9926923781919,198.67019039546093,2217.410936269983,2.2060096348147935,42.17539436803486,5.1172021760144615,9.999994966511458e-05,2.217427140388912,0.011103878394758888,0.4210961179698813,1.118437154012004,1.0,0.375350692736749,0.06854071500454645,6.655776028226559,1.7213748339031705,1.0,0.0
1691,atf1,tbx3,1,0,10.333433119443145,1.7220527644440249,94.82120255112697,84.34923939801938,169.6359504425972,18.458024574417117,10.17625452444869,9.317977744099295,1.6875991661649163,1.7890086381379797,0.2188285834720939,0.41378583225346605,0.33912790034795726,1.0,0.4008870173789462,0.10188097676895891,15.19934461350166,10.260889486022297,1.0,0.0
1692,atf1,tcf3,1,0,17.2348091969431,3.180191850710126,37.47643911834357,64.7291427164899,74.4181958739873,19.929708058396734,3.3304258182679125,11.8056030062293,3.031263573444869,1.9857328397446883,0.3078938978952303,0.4068791678558738,0.40963422771414,1.0,0.5179756228922112,0.12149979821585041,20.71078740834151,12.647256848283213,1.0,0.0
1693,atf1,tead1,1,0,19.450389977085443,0.3493113172098683,92.05994458785108,17.063459247818628,159.72714773146282,1.9169919128700739,5.850427524626582,16.057720842545294,0.3423039087176234,1.735034150265409,0.1123448583917789,0.4025195288424878,1.0304604299148776,1.0,0.27279841148848927,0.04415118379494784,5.712489867943025,1.0554755107961515,1.0,0.0
1694,atf1,tead2,0,1,7.7839306610935814,175.57945937929398,331.89924222935554,68.78918616363917,85.87205174727467,71.93900147494088,1.4217732333267463,7.605559810335385,49.4251956543721,0.2587292793152377,1.0457893963712372,0.41101942806187247,0.5336164113589537,1.0,0.4697090457129898,0.10833081510827895,13.170216837275849,9.452456146549341,0.0,1.0
1695,atf1,tfap2a,0,1,9.388802823176832,9.999999999998899e-05,174.08675222505315,2.6085015926933472,317.5175574935897,1.8936249206626197,5.0923307883680025,8.908359428800281,9.999616652843549e-05,1.8239041939452942,0.7259435554752341,0.4219276372331074,1.1480633276909287,1.0,0.28724309014775046,0.05952092509156613,10.42677817876584,1.7770995072129319,0.0,1.0
1696,atf1,tfap2c,0,1,2.9269419796986336,0.0772831018216978,170.1929393329269,77.58294299228004,311.7877548899291,4.297570815752926,51.34282100347595,2.8774561015454965,0.07720619401280286,1.8319664500300932,0.05539324302483034,0.43187084520417857,1.0553557484995044,1.0,0.1772433706182576,0.05926405817526529,6.353392751633056,3.348935776763428,0.0,1.0
1697,atf1,tfap4,0,1,8.695914148522771,0.017655104576237424,182.91500705525505,2.6345484430690846,336.7831769926462,3.826862647394942,3.966802665051233,8.301265856017261,0.017537578635261057,1.8412003608370449,1.4525687153191555,0.43209194730562256,0.6139359658733552,1.0,0.3288975905811664,0.06945584705209856,10.920204954250885,3.3898048735523836,0.0,1.0
1698,atf1,tfcp2l1,1,0,22.939006622209586,2.4455491238247453,25.862423096536677,48.61880357049503,54.90487709123677,28.238836714469457,2.234454433300021,12.156576110514045,2.3284280755498057,2.122959511036275,0.5808213004156806,0.3955278487643054,0.28046879442171296,1.0,0.5004802447499881,0.12644536927604796,16.577838194893413,16.17108387074251,1.0,0.0
1699,atf1,tfe3,0,1,21.62551528999238,7.012707594230632,137.49080720414725,183.20555310262512,242.93097800220454,7.407966998644586,7.639445574131847,18.686389345984225,6.754172647995616,1.7668888774614513,0.04043527542254634,0.41741117346346746,0.8968207873538546,1.0,0.2872382954042203,0.06934872548884115,8.384130253907893,2.352845822259527,0.0,1.0
1700,atf1,tfeb,0,1,5.986220220446229,4.1119979678453005,26.731397030460617,41.309341385534644,55.2545194380769,5.425440724962826,6.002504830948247,4.890943866643721,3.7397384191777716,2.0670270010622334,0.13133689724868527,0.40609719043947873,0.868523488149644,1.0,0.36845719622530015,0.08196735312827473,9.211156231856368,4.270185055244365,0.0,1.0
1701,atf1,tgif1,1,0,4.490446697404041,52.3660787154084,124.67021638334046,46.654271093529054,47.81263288166748,106.21042156818493,1.9542238494144542,4.334330190556895,24.672718660434725,0.38351287315208854,2.2765422988875357,0.4026941324073265,0.3236477366255144,1.0,0.4837302164612648,0.1424561685972768,17.057192889501493,16.851377934730102,1.0,0.0
1702,atf1,tgif2,1,0,8.084208268141762,0.46686630626649206,90.42327430686099,2.315709036978787,170.6890966301929,2.7729289745137793,3.2987323184910338,7.420761983511238,0.3885345017185837,1.8876677264632258,1.1974427400998136,0.4257542477696767,0.7122721704270295,1.0,0.2869255913035826,0.058268923210699375,6.136902081019637,2.005981647291297,1.0,0.0
1703,atf1,thap1,0,1,14.115410265857241,9.438255670778236,161.20821014481788,246.05588741308483,287.07728457814426,4.588863318319442,12.014519588341145,12.978970084512818,9.089595349129542,1.7807857572530248,0.01864967900814965,0.4240282177131337,0.9815156310293923,1.0,0.4080433967644087,0.07563246667752528,11.252615868303938,2.98762582526375,0.0,1.0
1704,atf1,topors,1,0,56.26782760254699,5.197363854095775,60.59857344760113,122.93249682334832,113.65838570678197,44.5263605030645,2.164777040925176,29.176478894449367,4.986541873262882,1.875595071640771,0.36220170950442865,0.39975694625182623,0.2891401770172476,1.0,0.43096142748333577,0.11988284491836791,11.06649017528618,14.452262698988228,1.0,0.0
1705,atf1,usf1,0,1,9.274683181651277,1.772877658096923,44.259712872641146,52.866042325801224,79.90533835812985,9.661101727631657,5.914770375278463,7.667870469450932,1.7153528169853949,1.8053740788617456,0.1827468314743993,0.39261947458826335,0.4294424794743648,1.0,0.4645593463002696,0.11406004439044183,12.136852139426665,8.33784152042948,0.0,1.0
1706,atf1,usf2,0,1,7.258430331135582,68.44537364183947,207.34700604911748,66.46121854440575,48.39441023866801,37.36157469916567,2.0390785202841926,7.0129341696189735,33.71935249601245,0.23339816262986735,0.5621560289961086,0.4048567946804986,0.6983384550361454,1.0,0.460374198101939,0.09768235736657187,10.028707279434379,6.407820238077033,0.0,1.0
1707,atf1,zfp148,0,1,8.765024518870826,0.9748642615139529,106.65528129654405,1.9007483409416575,188.31136641386692,2.0796458096505037,2.5604854977531204,8.09940806365826,0.6443745677472784,1.7656075172713344,1.094119492231264,0.4137133610945866,0.8027210884353744,1.0,0.31767421558714515,0.05965177902626395,9.212871325375001,3.8314626672572523,0.0,1.0
1708,atf1,zfp219,0,1,5.272192614934159,68.91377847418143,153.8396913427994,45.82979706722888,52.4863304833149,33.265776258383376,1.7178400596156607,5.097497838669993,27.524891635156397,0.34117547965147793,0.7258547579773258,0.408524480771557,0.5592191725323697,1.0,0.4193667340619949,0.0932635546712318,11.129862844042162,6.366972494828049,0.0,1.0
1709,atf1,zfp281,0,1,7.099109059784402,0.793554143324306,97.55750957831127,2.0296841029093065,182.49270963042747,3.4342883261126653,2.7780470582695216,6.617559492269825,0.5705024121332624,1.8706167307800852,1.692030952595051,0.42472181924384944,0.5561210113800379,1.0,0.262765562273864,0.06735632286741636,6.9375412440216575,2.868343848968696,0.0,1.0
1710,atf1,zfp410,1,0,0.6983936434779277,9.999999999998899e-05,48.03620183798657,12.89551818525381,66.08112720117096,1.496557719483002,37.91436018937986,0.6883852772150767,9.999922454278667e-05,1.3756526259933115,0.11605254616245937,0.4088480382701284,0.8368621121705706,1.0,0.3324054169153455,0.06571802104670918,6.87200106337448,1.5842940320370544,1.0,0.0
1711,atf1,zfp42,0,1,243.96551562437529,5.0740037174473684,105.10957636903606,347.6230108700193,183.49292190903185,1236.2247166234204,1.441803373335972,73.46015967365423,5.001007597095221,1.7457298207043912,3.5562223384736193,0.4002911667174481,0.24115020310779633,1.0,0.6350536274898597,0.2809045970480815,40.951707708088584,130.65033972461993,0.0,1.0
1712,atf1,zfp57,1,0,9.006379955993735,2.0019189741606374,86.77503325146712,85.40410611408454,147.36275741238643,23.40020297449814,10.560577573318707,8.159505001914363,1.9560676775817318,1.6982160869399026,0.2739938867018838,0.397664460557221,0.3266782366203868,1.0,0.4714415719160126,0.12696154576588192,15.140302306697011,15.62074379893716,1.0,0.0
1713,atf2,atf4,0,1,12.795611061613014,6.757867291730271,48.54966820948505,80.5170563681708,42.779302098261205,64.35754880002696,5.196628844604267,10.126658138332228,6.234592467559665,0.8811450968866457,0.799303299238199,0.5192273234504282,0.751112558496158,1.0,0.2320124603566935,0.1081840882455134,6.42998137665262,16.439322355129594,0.0,1.0
1714,zfp148,zfp57,1,0,0.4483687711853876,9.925110049815192,4.831998921360674,7.770610390928563,2.255106323933683,31.449230616758935,1.948364847276885,0.41029669615582454,4.358351135940634,0.4667025718827464,4.047202090259586,0.8059424208414107,0.32991446366782,1.0,0.24540911679156197,0.0533910744639209,3.027144096053202,5.684257564889625,1.0,0.0
1715,atf2,bclaf1,0,1,3.5810431191379877,44.42534986978718,89.19896450645766,37.14194626722398,22.975216151473074,73.97074209060382,1.9074337716161054,3.4428250897444683,20.22923445929396,0.2575726778735168,1.9915688197492096,0.5046475566405462,0.2840992215345196,1.0,0.33545853237453765,0.0925476509773065,6.787627991317551,10.649902799949688,0.0,1.0
1716,atf2,brca1,0,1,6.194224224960982,1.7489319789490645,35.635552383109975,36.41432036331878,32.22723802543115,5.618791476338211,6.934196802382232,5.276973002020184,1.6687825451545306,0.9043563483726367,0.15430169835047056,0.5131720278138956,0.6906190092269104,1.0,0.2590730721856385,0.05738869360942421,3.8123457024989715,3.669979617468796,0.0,1.0
1717,atf2,brf2,0,1,50.643606415751954,5.713602681771232,69.21066333996131,148.30892780029203,61.25684973340406,12.068570865612358,2.4577960636747664,29.244495011368016,5.501651511361491,0.8850782058324121,0.08137454059315635,0.5252439568431759,0.7658832644628101,1.0,0.27690745283006984,0.04910218380732232,2.8519528245958234,2.834100407603194,0.0,1.0
1718,atf2,ccnt2,0,1,7.531546252606992,1.8818195171260947,62.87086160443822,0.784372831966959,53.208939447041764,2.566553846401523,1.5625284492552396,6.725832489658158,0.5536165102270248,0.8463211428819611,3.272109565505243,0.5206249646673075,0.49760911673553704,1.0,0.17659939707760255,0.03431964499323822,1.9108310429145898,1.8330087297843047,0.0,1.0
1719,atf2,chd2,0,1,6.470341823974841,1.5600081329644,60.158013413793505,61.406701987102224,52.43711410865533,5.697826496252297,10.0665306762425,5.842000884600329,1.5213587360009162,0.8716563452315088,0.09278834902172503,0.5239043588425819,0.6426122675200799,1.0,0.30512999629368187,0.050118609470917036,4.129649158002888,2.1432745703891753,0.0,1.0
1720,atf2,cux1,1,0,5.3859009132330256,0.08431661977871932,46.11663329283617,0.02688996545210255,44.14054079116079,1.453559039639964,1.4621152567009545,4.82266787830897,0.020387920267328153,0.9571501135148487,54.05581655465864,0.5366423884454706,0.8891155518156173,1.0,0.1584221584733481,0.03388623108081087,2.7383987501581233,0.6214005875606813,1.0,0.0
1721,atf2,e2f1,0,1,2.319093850343943,20.454308391397877,20.735733984838085,0.0001,10.429221020901016,12.371491422878409,1.1118458890203513,2.085815322950393,9.999951110783511e-05,0.5029588549181252,123714.91422878408,0.4928805155464108,0.6471805621218075,1.0,0.37206262756306807,0.06762352900929389,5.052043549065036,3.2993588660415742,0.0,1.0
1722,atf2,e2f4,0,1,8.05810064684263,123.68235815270613,248.37739985946556,63.705601299989524,31.979409618261112,384.6940637853175,1.564227787828165,7.804886930697863,42.047840316591156,0.12875329895697188,6.038622286504982,0.5103161014728167,0.3525990177168353,1.0,0.5571071747609495,0.15895111100330306,13.727794174277367,43.227502341625524,0.0,1.0
1723,atf2,e2f5,0,1,7.229492001821711,0.5609056441761275,49.84363415848348,0.5905647796511441,43.61088435938394,2.230013814282919,2.1641311496665736,6.313727295721641,0.2876766187853451,0.874953945386851,3.7760697744288496,0.5209655236007817,0.7459316006036552,1.0,0.2802820574847631,0.05327016574886447,3.0592579885703897,1.5381853149083426,0.0,1.0
1724,atf2,e2f6,0,1,10.803110832965356,0.19835853145031135,76.47049954056871,10.712953968723477,66.00913911584409,1.8284579078125787,8.2281437064494,9.465854322436885,0.19475253932072129,0.8631974357748936,0.17067728594286605,0.5265303226961279,1.2698969772444244,1.0,0.1443039957884637,0.0223379724117168,1.0152175978828732,0.38033283894127334,0.0,1.0
1725,zfp219,zfp281,0,1,6.299839080732523,0.4176714389798474,13.260642959271534,3.544299513199047,11.767147566004942,3.657602330799685,3.470811062298392,4.270851637480507,0.37364046726271316,0.8873738326374006,1.0319676193218705,0.537663789599581,0.5639990861063258,1.0,0.10678641811191501,0.029956591873742413,1.1570712571507165,1.1942730212709425,0.0,1.0
1726,atf2,ep300,0,1,10.66498991398872,0.926529901167767,55.05507500942978,2.0832333546708472,48.44081920677508,2.1565703074270295,2.8820836027230143,8.93428544803877,0.641305587895739,0.8798611063281303,1.0352034267268966,0.5226223453370268,0.776244941099706,1.0,0.34335396692431935,0.05700251446161293,4.614717808962126,2.135937709248205,0.0,1.0
1727,atf2,erf,1,0,18.04070684899496,1.0447313783134677,62.63806651001114,19.696382180735323,54.127455417530996,3.8063919770992696,4.709245672115011,14.00659613981123,0.9921081838198151,0.864130367256468,0.19325335699579554,0.5227215714163183,0.6614611704362194,1.0,0.29472125418288914,0.05891318332532456,4.21732575362966,2.1149536398033812,1.0,0.0
1728,zfp219,zfp57,0,1,13.535222486203558,1.7731869640843179,27.637939058501082,39.58363706675455,19.2566494590081,24.953140709265437,3.178193267638372,9.08566746351931,1.6971610098849816,0.696746939713835,0.6303902965557212,0.542065697091695,0.32819318721355606,1.0,0.35276034049703414,0.0817166148154543,5.029600168289841,8.664307331712582,0.0,1.0
1729,zfp219,zfx,1,0,10.391628816915665,0.607025880135656,7.0348795566380415,10.519331439782613,9.070495299598328,2.497336337390039,1.7737468019363765,4.194980173723868,0.5739080852851509,1.2893604256578208,0.2374044730585699,0.5292297564186965,0.7831766805472934,1.0,0.17423831105980458,0.030861945652578354,0.9532812065038838,0.3860779145059672,1.0,0.0
1730,atf2,etv5,0,1,11.01350844650982,0.8271376414437821,30.331651955624917,31.616043984787947,29.28135976414297,8.542480650157518,3.8487366177382007,8.079734163823028,0.8060497997587356,0.9653730633261083,0.27019448272110613,0.5158367827286746,0.3849488682290509,1.0,0.29857694907535365,0.05388541069825868,4.501317973638609,2.549200995214206,0.0,1.0
1731,zfp219,zic3,0,1,5.276805878651978,2.0947915423452557,10.76242860663774,15.642314363657231,9.745215082988674,3.0062484351033767,3.4466204800798343,3.540770389769161,1.8473920156616943,0.9054847599154618,0.19218693380104815,0.5338832108062875,0.9475422367663856,1.0,0.18908868152508299,0.03556552092094872,1.0030867527387965,1.2790978921208196,0.0,1.0
1732,zfp263,zfx,0,1,11.83061561539168,9.725404595393202,2.124230486746201,2.2521431144584922,1.4591391270805794,2.500612320841633,6.27320729870099,1.8008764971862077,1.8286717386082514,0.6869024506449024,1.1103256737051912,0.8176567537480662,0.7825386823496464,1.0,0.16377470243527148,0.02385163707541459,0.42879485137393447,0.13763139355695883,0.0,1.0
1733,atf2,gabpa,0,1,8.145372414361422,0.49298844056130703,46.841795070624435,34.239240058619615,42.00128030244376,6.262976548293934,6.824037120078592,6.938780134685333,0.4859909741438325,0.8966624835601941,0.18291809448957821,0.5209482822760968,0.5467867994040048,1.0,0.20769750909607443,0.04091171348187177,3.056552825438022,1.4620785448998355,0.0,1.0
1734,zfp281,zfp57,1,0,0.8536951866148869,3.7797999385209935,9.337066871648041,6.259438731979309,3.414924984506495,24.90776606734292,2.898863943448582,0.7821798801556902,2.3566952545747433,0.36573851632956583,3.9792331443536293,0.5550627612304366,0.3292119086990881,1.0,0.2282489332395387,0.06189141754805074,3.1773661096110746,5.981721108789485,1.0,0.0
1735,atf2,hdac2,0,1,19.29084896816227,2.3158181877319888,44.64873801078262,56.17734070119606,41.616267534100615,49.73054225899499,3.4511384694552913,13.470716691815367,2.22413201484442,0.9320816083099668,0.8852420146319989,0.5265449509487592,0.22269016814339507,1.0,0.39133963769426394,0.1140209663098063,8.78999827576083,14.275510117614257,0.0,1.0
1736,zfp281,zfx,1,0,1.9353492594550419,2.6772726010670995,0.11660722305150516,0.5255670748553146,3.3841662985538887,2.521120654978053,6.448880605241833,0.10998074506149734,0.43932462186945903,29.02192685833115,4.796953187511036,0.5510956388256901,0.7859346359055139,1.0,0.10455050483326014,0.022312006335564686,0.4152728750022393,0.7867510278219573,1.0,0.0
1737,atf2,hes1,1,0,5.223470900242081,3.337138924326576,41.18421059744388,46.23913983439388,36.48738811137606,10.412051971895886,8.927978892612728,4.635537020221888,3.1125053600678503,0.885955748139086,0.22517832315191835,0.5167117123531506,0.6356333953847846,1.0,0.30197276707502446,0.06221359046428133,5.656682691676752,7.150125588362449,1.0,0.0
1738,atf2,hic2,1,0,11.205584920093571,1.496332034086453,58.78035796370983,4.898396571505832,49.53247128546645,4.22062325587338,3.1952210143267905,9.411437006563245,1.1461984014761097,0.8426704600207965,0.8616336375100607,0.5187251223354203,0.4279636198709033,1.0,0.2819621241235536,0.054411712144703535,3.2315279401299204,2.0377353108847043,1.0,0.0
1739,atf2,klf10,0,1,7.443759177369943,0.060401725086600244,60.89122499200545,2.238726685963189,53.403557488972595,3.0631395232241716,4.093206094079484,6.632907292874867,0.05881487662006707,0.8770320763949826,1.3682507750633648,0.5249738715439971,0.7259259472052813,1.0,0.19696275425781867,0.037658349484177844,2.30031815066859,1.0005819579114026,0.0,1.0
1740,atf2,klf15,0,1,26.286329006709753,6.127866612489668,63.99438412334321,140.75034026544984,54.60391329442461,31.076955387878183,3.5462512208854804,18.632744218853468,5.872207519022715,0.8532610172352101,0.22079488638726,0.5208825011345728,0.5463448108050584,1.0,0.4211892190916078,0.09319978719111884,6.611510719950147,10.452266714257334,0.0,1.0
1741,atf2,klf16,0,1,6.388619411459926,0.06542807348020208,68.31438520104886,0.014854558263769538,62.29384103257972,1.2878916763382975,1.336399198270101,5.842263100944829,0.012106044713349052,0.9118700380490768,86.70009928733339,0.5375825492572269,0.9401443313701271,1.0,0.21371233344816798,0.039747799350659585,1.8080406499272212,0.9831812669858638,0.0,1.0
1742,atf2,klf2,0,1,6.40427647264989,128.27709179157787,294.19428577632317,110.9516251983816,47.43249850079458,2360.2363912490473,1.9025342661355324,6.267832848863804,59.49349220727078,0.16122848333246573,21.27266173009131,0.5150932001179948,0.33205193037492864,1.0,0.4679055953534933,0.24631382943159633,20.95533947261042,167.1139012252898,0.0,1.0
1743,atf2,klf3,0,1,9.238456435834651,2.4923728152504445,80.22718401890299,84.72579149393084,67.63454675956184,18.030523750391765,9.772049278348863,8.2844692192563,2.4211500109252047,0.8430377756201178,0.212810331216361,0.5275028434527986,0.4097758202645757,1.0,0.37287420076542077,0.0870919930149212,5.519022394128999,6.208186180060797,0.0,1.0
1744,atf2,klf5,0,1,43.477799229230776,3.597932939515177,29.872542971659687,77.46939418752832,30.948345787834814,57.00162619948793,1.765429120315948,17.706698930337392,3.438249354327256,1.036013097954056,0.7357954298894535,0.5127293152677611,0.29208382206193867,1.0,0.3666953209760963,0.09934416140990343,7.57586008105755,12.178357031717628,0.0,1.0
1745,zfp410,zfp57,1,0,0.03224912243874989,0.00010000000000021103,0.30478794636886486,13.684190438169221,1.4729755467280052,27.93905736088408,8.641336441818932,0.02916339094414349,9.999926923524772e-05,4.832788055684326,2.0417033427826214,0.8293970062899348,0.33239278862180227,1.0,0.284545936171123,0.05851484268293732,2.1417813820372498,3.3586539872568597,1.0,0.0
1746,zfp57,zic3,1,0,0.6560643418644255,12.873700068722524,12.913213176421845,9.999999999998899e-05,24.140429213844627,4.590067183431671,1.025867828415036,0.6243441253616709,9.99992232285659e-05,1.8694362808106106,45900.671834321765,0.3261830374789959,0.973025344424851,1.0,0.283183312858522,0.07127546519449196,8.009396777907074,3.23305437471739,1.0,0.0
1747,atf2,max,0,1,31.821466368125478,4.846328535467302,60.51187424596432,111.8896406098577,51.082091899775634,24.014610655542782,3.027284061565497,20.854618260138572,4.645131762564807,0.8441664142171637,0.21462765028692968,0.5180296546073502,0.4348707347681808,1.0,0.38972553977760305,0.08180796361424393,5.890941776197564,6.6293390741811935,0.0,1.0
1748,atf2,maz,0,1,3.8799111088129887,50.94866408283624,81.08755915874957,20.43115273069633,20.546697030805653,50.40278638799353,1.4668591648530125,3.7027408321778683,14.58311303909122,0.25338901853711315,2.4669575452914603,0.5075553701101346,0.3434291982131216,1.0,0.4363980018835605,0.09073736955949882,6.440395187408835,10.074917303753468,0.0,1.0
1749,atf2,mga,0,1,11.13961544345994,1.556347185493963,32.3351422374115,39.438058003449235,30.40785076696669,16.754737304375027,4.056729408822348,8.285291719816271,1.497260669891871,0.9403963818592715,0.4248367732232065,0.5148443521189445,0.3461734398735653,1.0,0.37336544532491067,0.08795577223022329,5.723179328474673,7.147376550054087,0.0,1.0
1750,atf2,mtf1,0,1,24.218159722745074,2.3351940887126714,71.92614308483043,80.90553074387586,62.04409770938742,4.903147256119755,4.082467884201597,18.117753944877414,2.26968370971338,0.8626084348247616,0.060603363095679326,0.5262019936377325,0.8546220599953275,1.0,0.20692624050297415,0.031895989374373296,2.5816922534833,1.644187770826466,0.0,1.0
1751,atf2,mybl2,0,1,4.168298761621388,23.098123206561333,88.06466515072017,54.172127145593876,13.545656389223678,259.2575951418298,3.503645058422646,3.9799201838425438,16.193482763001462,0.15381488552804545,4.785811612031496,0.498615975315746,0.25009394079657915,1.0,0.5396437342670531,0.1512692178744943,11.414268620573829,39.025125945153256,0.0,1.0
1752,atf2,nfe2l1,1,0,6.9167451588092135,0.19906430887711113,58.11899237382684,0.06924400060959847,50.22132666572673,1.6109923642826205,1.4922019961555009,6.181128628468444,0.05137376904802406,0.8641121364028203,23.265443216741406,0.5211514018691589,0.8192534211593696,1.0,0.2787017275445414,0.044654451161983674,2.7345853769549677,1.7289100436783176,1.0,0.0
1753,atf2,nfyc,1,0,22.272379819003433,4.7126575452115524,61.77460126150811,106.23890357687242,54.99315183118424,24.645967654053543,3.9409899890621767,16.370217761251954,4.512487841299033,0.8902226919828068,0.23198627644175748,0.5270311159170835,0.4406533229188521,1.0,0.42266864359238254,0.09552792849222025,5.253790300276309,11.352423413216236,1.0,0.0
1754,zfx,zic3,0,1,0.1466417762790513,5.200554694496322,8.308248138492013,4.346133713840722,2.6041265739743173,5.537271743577139,1.8681062704348599,0.14409841843914528,2.3675546034041175,0.3134387094084769,1.2740684268279903,0.7890959055268493,0.9862314730125473,1.0,0.13181732998110904,0.02302179530158141,0.48861347465615007,1.008004613027346,0.0,1.0
1755,atf2,nr5a2,1,0,12.743934691097927,0.39682123068112946,71.03279913417582,25.69652343009937,61.46978248329071,4.855551747849858,6.675368855572611,10.805355040216693,0.3907864700490068,0.8653718174216778,0.18895753587282377,0.5259266076714482,0.5136938202247191,1.0,0.2214182321069034,0.05097570556189237,2.667839141648017,2.0691874966402732,1.0,0.0
1756,atf2,nrf1,0,1,58.84523842229065,5.775238637343783,65.79892857669223,175.7782135456327,58.41315854648774,32.88811601140122,2.1827106459474237,31.064058056229168,5.5915275543694225,0.8877524271296307,0.18710006972999155,0.5243552073314651,0.49399314123965754,1.0,0.386529739626883,0.07780531180955062,6.075254953609981,6.475838233975265,0.0,1.0
1757,atf2,patz1,0,1,13.917417045429566,0.00010000003765542331,77.73694942099644,11.81629667560031,65.25232476056406,5.400862314082087,5.996580879498339,11.804102593713118,9.999919137310852e-05,0.839399092022251,0.45706894997266173,0.5261144986888501,0.4165550004712979,1.0,0.2758292522835827,0.05772516813163396,5.207856930105399,2.7236080126407276,0.0,1.0
1758,atf2,pknox1,0,1,5.545095085265375,0.038856790567834934,81.67035823614818,0.020167511997941572,72.24432458811158,1.400317676133645,1.6044265620580518,5.192541973016805,0.0132766463289426,0.8845843969389554,69.43432964247502,0.532947151943931,0.9712269376756814,1.0,0.20677238805340828,0.036964155320052,1.2313581363809747,0.8338012220634288,0.0,1.0
1759,atf2,plagl1,0,1,8.407184180834976,2.4732052590141227,74.91528323175929,76.56253584626248,63.91869506945651,4.570780083035339,10.043992272728449,7.558904622567858,2.395813130242058,0.8532130202553793,0.05969995680672675,0.5273236236764168,0.9827688651218064,1.0,0.22610031641963443,0.038723634597377245,1.8280864310270828,1.239229805857041,0.0,1.0
1760,atf2,polr2a,1,0,7.3118024517676945,1.038336784075739,45.32613301166625,50.15476153836315,41.2349590370414,3.084673434095242,7.153833649494327,6.296138470591706,1.0172764592957446,0.9097391790830281,0.06150310238711412,0.5260627827757882,0.7614805951895884,1.0,0.28685832460282784,0.055131057627662544,4.721225662480618,1.5417634543274126,1.0,0.0
1761,atf2,rad21,0,1,5.569048505021532,0.9204654542368065,44.80568987019769,41.37082333083289,39.346310265148894,11.37329326605553,8.854820142891578,4.953376796311688,0.90043162039577,0.8781543232374137,0.2749109722836778,0.5184453706493397,0.36591347766231147,1.0,0.35021214686441104,0.07798993949249008,5.704459378078834,5.990732973076108,0.0,1.0
1762,atf2,rara,1,0,62.85244457643076,5.70927346691746,43.99743868203035,141.41657507602167,43.63342224029823,8.413075265507343,1.768644483722134,25.8806700759614,5.487722979067362,0.9917264174316404,0.05949143699021635,0.523195218476365,1.0481376639015105,1.0,0.30483554315288475,0.05308628754246056,3.255757317848044,1.523836483947664,1.0,0.0
1763,atf2,rela,1,0,6.783149310111411,0.4996746493078355,62.09688690703086,0.14088254753656396,53.36685868215772,1.1621739226934098,1.4117636864085057,6.115160193232665,0.10989719244545015,0.8594127876660965,8.249239831440335,0.5202708259093775,1.034621578099839,1.0,0.16676763220324267,0.037885756137135136,2.827346260452179,1.1318851884169696,1.0,0.0
1764,atf2,relb,1,0,9.536213407704281,1.838398849479077,61.843300396683894,61.37870457111977,53.59039883703438,7.374667640571182,7.658486085588688,8.262187271767107,1.784936888286709,0.8665514048132521,0.12015026534204748,0.5228780297626053,0.6260723355782828,1.0,0.270225811216822,0.059970630331051926,3.4561127283415325,2.197255842583883,1.0,0.0
1765,atf2,rest,0,1,5.193193244270638,70.41358878820296,151.18441957240768,53.2971819466289,28.842644794198836,227.64824655034406,1.8154658898878253,5.020730859236316,30.335643621556674,0.1907778915034631,4.271299874321836,0.517623435763204,0.293170946362084,1.0,0.43177430566359526,0.12415181939141401,9.809991627822125,29.186265459331043,0.0,1.0
1766,atf2,rfx7,0,1,6.181513747276789,0.30592658601228523,32.852978955142035,0.15106241887150285,31.014738847515456,1.5995664615531098,1.7354840637841065,5.202607411819171,0.10112718158693744,0.9440464710936399,10.588778291136313,0.5173747702741343,0.8679251117251497,1.0,0.20444314508339784,0.03476483390624496,1.8947447956111938,0.4841330582032184,0.0,1.0
1767,atf2,sall4,0,1,4.762647679596917,132.58563204852396,333.0752144200417,159.56838450940296,70.75236157409617,176.22475536036183,2.2224952915677534,4.695506558175541,72.41548606587884,0.21242157480043009,1.1043839035042518,0.531975464407728,0.5354253694921979,1.0,0.26161611779261956,0.06187650422752609,4.5220033786592495,3.5473803159492387,0.0,1.0
1768,atf2,setdb1,0,1,19.900066645395228,2.6350298859565973,32.67263094623435,53.839768129060054,30.200224167884716,13.55297207221711,2.7711321500672095,12.367399108201488,2.5120833196308854,0.924327894425821,0.25172790565756326,0.5077424395723888,0.4449753147611852,1.0,0.35481991617369013,0.0745811949758911,5.100653885392793,4.682648871810519,0.0,1.0
1769,atf2,sin3a,0,1,14.52049085507792,0.5240580927956401,41.985812731885694,7.796024598203902,36.536793527587776,4.8429403308081564,4.153077816550379,10.789143354211756,0.4910491799248944,0.8702176080502613,0.6212063943364038,0.511580245559629,0.6042325809582897,1.0,0.3562184587392515,0.07082397521895373,4.607603213471241,3.1281475847274334,0.0,1.0
1770,atf2,smad1,0,1,11.1687349389744,0.10168712783275358,61.492629389891356,3.22267448759784,54.484222902462584,1.9793221931870264,4.167604370816036,9.451995358191267,0.09857667440949221,0.8860285117588277,0.6141861987005706,0.5296554666470485,0.9514539029078061,1.0,0.283474670299184,0.05160458793511384,3.3470774731916793,1.874611599160819,0.0,1.0
1771,atf2,smarca5,1,0,79.07171948543392,5.666666448650873,50.0880575029198,130.78169135007724,47.228329103502475,247.13139051830495,1.7042270998949371,30.663949139508652,5.431331196850834,0.9429059831427756,1.8896482219119044,0.5189654678553457,0.1729644541214667,1.0,0.4162645077408877,0.15064149985920247,13.784383020960387,48.04250054209765,1.0,0.0
1772,atf2,smc3,0,1,1.8463520882615885,19.094279423273193,33.79725073464742,11.840526686874831,11.32237635043404,68.45691590401947,1.7086155190170456,1.7507103527511458,7.308477197914119,0.3350087981809375,5.781576927646609,0.4962020032410199,0.24526643306753523,1.0,0.43674190675521146,0.11445524906408054,10.63649856327337,19.497533961756453,0.0,1.0
1773,atf2,sp2,0,1,8.191848153121857,0.8812103836454688,75.35981008184946,59.42018872707744,65.2353017043388,6.883564671523789,10.198451522637754,7.388675869274617,0.8683328757982832,0.8656510895328122,0.11584555382583274,0.5280336092646593,0.5748226643598616,1.0,0.2456189702375972,0.04860565037722451,3.3485330227165377,2.3107388273150864,0.0,1.0
1774,atf2,sp3,0,1,8.071656217212112,0.3146180421824541,40.12873440366341,32.04678415799611,38.084351998181255,4.119461898561544,6.004538751423194,6.719973518179341,0.3115593208126435,0.9490544011451425,0.12854525053908356,0.5295658966905423,0.5378919034964867,1.0,0.22945930312331653,0.05329045410865245,2.309407749059227,2.729292912406752,0.0,1.0
1775,atf2,sp5,0,1,47.033577879563424,9.252714694112795,63.70758987973508,214.92296330394993,59.96086156109327,113.02981615550556,1.2262932670847704,27.05765119472664,8.87081452557002,0.9411886664412396,0.5259085135340131,0.5368802943677049,0.9009802200644859,1.0,0.23186727174220967,0.10418531502032785,8.49038555693083,18.1011106462513,0.0,1.0
1776,atf2,srebf1,0,1,7.54404775949879,1.0579416046559083,77.52483060333724,0.8469334316031105,66.8255722821605,3.019773862873974,1.8857470240503176,6.875029221898533,0.47037527218929526,0.8619892718512284,3.5655386246331324,0.5287300646047252,0.5161695270672586,1.0,0.2873194558434073,0.04352780775942708,3.152958990515364,1.6366620986158211,0.0,1.0
1777,atf2,stat3,1,0,10.264935195930514,4.5122017150269595,45.85159129804817,6.192475375443317,41.7933180164417,2.9282409042985744,2.491896561032661,8.387254926679367,2.6102326836381033,0.9114911136840038,0.472870819302845,0.521263560703884,0.4958272023207954,1.0,0.15148481864183333,0.03817731390171857,1.930635225415553,1.911500949565155,1.0,0.0
1778,atf2,tbp,0,1,8.783901018192047,1.256845163314598,73.62826797339801,83.66609430235937,64.56142419061602,1.907772581639216,9.076936860873984,7.8476689296364235,1.2382440671386257,0.8768564841691258,0.02280221871890842,0.528905035664565,1.1219219714610205,1.0,0.2731933899067185,0.047128070245393186,2.174163468994642,0.9383661494202917,0.0,1.0
1779,atf2,tcf3,0,1,10.145042652181154,2.815868548042096,64.61444478505126,77.32971456161125,53.6904603899239,15.909455189211036,7.546999016878495,8.768335909762843,2.7169346408671458,0.8309358777055582,0.20573534092816834,0.5201570790470645,0.40124522666188633,1.0,0.4234753321144463,0.0899533883669654,7.989927415164123,6.376383071114567,0.0,1.0
1780,atf2,tcf4,1,0,10.261492232152193,1.8502918234268118,74.32884148925697,67.46037043427454,65.32031044025834,10.79580854139465,8.41645341102113,9.016690158462424,1.800897116749345,0.8788016755205222,0.16003185977036424,0.5295995619622501,0.5272443753111962,1.0,0.25966471880742087,0.0541419634393148,2.879062508702011,2.3150544104484108,1.0,0.0
1781,atf2,tead1,1,0,8.426795162027904,1.19839765211532,51.54640242603033,0.7270055724425593,43.992254093007155,1.3125771036110334,1.8052474226096535,7.242751629939889,0.4524983442312329,0.853449552684817,1.8054567301335784,0.5159428762187244,1.0000432666306112,1.0,0.2206824122091511,0.030836473013934496,2.9031293086072854,1.1440480786640734,1.0,0.0
1782,atf2,tead2,0,1,54.71200768901299,5.360559520485017,66.9994715897352,158.68322094882038,60.69335501149681,26.96155471350921,2.2967660185482117,30.1177475329351,5.185389219663771,0.9058781147282283,0.1699080378649803,0.5254275484507217,0.5271716496322475,1.0,0.3299509998281,0.05862755041922576,4.922116169806179,4.375779674622578,0.0,1.0
1783,atf2,tfdp2,0,1,15.382146332537246,3.156069407312801,48.845395239403366,69.28450412046618,43.68003460416654,9.024493288708822,4.365662206577853,11.698206078797904,3.0185667120869533,0.8942508170950381,0.1302526936328761,0.5205367707698376,0.6223536703057184,1.0,0.3248448759123258,0.05402253642792159,3.9473797320249804,2.3906013254469722,0.0,1.0
1784,atf2,tfe3,0,1,15.003450070935578,2.262036082072333,38.22702308977296,51.96641995408455,37.416531530281084,5.546293827080495,3.7023172568078437,10.774603309580574,2.16767958346235,0.9787979420320408,0.1067284186977086,0.5310947023728547,0.8926250329141379,1.0,0.22554531259711327,0.04316557388182402,2.4780894269091442,1.5336787040940962,0.0,1.0
1785,atf2,tgif1,1,0,27.695473950516288,4.3388093796111304,59.4005990015752,97.03004355692273,49.96452640986048,40.67170363861259,3.285398677850044,18.88865578587128,4.153098815791415,0.8411451609862639,0.4191660865817556,0.5183420821647596,0.310611394446492,1.0,0.43304204532064766,0.09860366685605856,7.587756663164308,11.286173118440153,1.0,0.0
1786,atf2,tgif2,1,0,8.232634852015098,0.5946105230495727,73.60134217755775,1.9854311746391746,63.84439302874481,2.708555739557422,3.073525572282577,7.404418027332107,0.4575733292561491,0.8674351735967664,1.3642153775739245,0.5259698541588048,0.7074353091123372,1.0,0.25177187755555863,0.03808062146751143,2.0149952739082457,1.0223131655610072,1.0,0.0
1787,atf2,thap1,0,1,24.88718475245915,5.605959501343995,73.46062864232964,124.47870781141255,65.16880825485889,5.9304243672645995,4.1297140014508855,18.589414181630634,5.364372367518676,0.88712565437137,0.04764207848501527,0.5301059963239867,0.9929903130925295,1.0,0.2897749907351032,0.04196335967679457,2.031549091744993,2.258663563309028,0.0,1.0
1788,atf2,topors,1,0,31.800557141638002,3.490646195505965,58.496644601867715,83.86477001052367,51.66989108299542,35.73741791632122,2.957670843663152,20.601146584141784,3.3511630198610503,0.8832966648713673,0.42613147227181036,0.5208139224439989,0.28673761742767084,1.0,0.3094323168165803,0.08059518265038808,5.435781269852071,6.216883127099468,1.0,0.0
1789,atf2,usf1,0,1,13.184187564124237,2.3081031638068517,34.92968242816315,50.2373966483748,32.40429790940033,11.689623713885236,3.8170277787960307,9.571449662270325,2.206717883738773,0.9277009024070986,0.23268768872925666,0.5152414061365944,0.4374354125687718,1.0,0.39959591952527923,0.07945069823928899,6.370917589861216,6.4988404614795945,0.0,1.0
1790,atf2,usf2,0,1,91.60379151207296,7.570328017671496,65.4905928775447,216.05126824238366,60.13500990500089,17.46086591230723,1.7750236109155384,38.18842181575232,7.314047464926961,0.9182236297271311,0.08081815975603637,0.5252135926039979,0.6811475318616249,1.0,0.37617108212302863,0.06764980938062132,3.660740640854403,4.19852667925548,0.0,1.0
1791,atf2,zbtb7a,0,1,9.571192086696014,0.00010000000215160121,65.47029178646143,3.6095976087054416,56.87397730970115,3.3857083132033754,5.794492621096367,8.350431072491165,9.999723183632433e-05,0.8686990046600356,0.9379738907843629,0.5225056241426611,0.7408941496779333,1.0,0.25251437100150037,0.053653918194265106,3.2142965568591353,2.0041450029587535,0.0,1.0
1792,atf2,zfp148,0,1,11.401359324195134,0.00010000000000021103,133.33465946147027,8.996464552441779,110.1468715422992,2.557755517456919,6.259314354528556,10.503234617366555,9.999888846480864e-05,0.8260933202752758,0.2843067410033539,0.5272290319469936,0.8179793976214542,1.0,0.1764612732335996,0.037046786294352874,2.4210485440920038,1.6683152740063347,0.0,1.0
1793,atf2,zfp281,0,1,7.3298533506201276,0.789217280634064,74.79492698424156,2.1411167667600766,64.50105053679307,3.469781448950728,2.8847283611085857,6.675644597518716,0.5766599728399846,0.8623719968385385,1.6205475118487713,0.5261693811370037,0.5519608407841253,1.0,0.20828785007024522,0.04409121908196589,1.9735471818659056,1.4759269121125178,0.0,1.0
1794,atf2,zfp410,1,0,6.327529768050035,0.07594421135189106,37.52940238429925,0.018479296116318416,36.17007115565471,1.5001187154041602,1.441594153781054,5.414615184182713,0.014862777368912724,0.9637795663590628,81.17834716006624,0.5285423671838568,0.8374191872814463,1.0,0.21284133479346395,0.041003184352723036,2.2067563078109638,1.5126991866898218,1.0,0.0
1795,atf2,zfp57,1,0,9.497973620902403,1.5605948225658306,69.17707766503487,61.79407157191549,57.92226265699398,24.221626088165817,8.411095977995737,8.351339441084809,1.5221531995754298,0.8373042720518162,0.3919732989268536,0.5202177778967657,0.3265565060205107,1.0,0.34250340744140473,0.09468205137683354,7.58071602184423,10.589982281610997,1.0,0.0
1796,klf9,maz,1,0,38.39321295273097,4.209316024760057,55.69836616947768,102.81211507749195,137.2482868007454,42.14117340733507,2.5510722579725087,22.727211652877898,4.043757208980692,2.4641348793451057,0.4098852880866448,0.25148829117566746,0.34020914753076126,1.0,0.4665272382097156,0.14822518253299435,23.983583945813233,16.26365188809141,1.0,0.0
1797,klf9,mlx,0,1,13.489449755972647,1.9286444655316968,62.890107599787946,60.334296167275035,150.13512330146276,7.818059199991894,5.822790154600716,11.107068121167497,1.8689031581565339,2.3872613520853476,0.12957902381618172,0.25724179456970325,0.5337172635625539,1.0,0.3681131404729828,0.09468752567245783,11.923172610596758,4.2685458650886074,0.0,1.0
1798,klf9,mybl2,1,0,7.510365500688997,149.89515090977798,181.4461451822578,35.29308182511237,132.51960749560246,229.41358945673448,1.2865892488954123,7.211854537769156,28.56694374215306,0.7303522891736832,6.500242472265429,0.2492715255771842,0.2460279574582043,1.0,0.6174794413945794,0.23962606603320605,41.659899038154435,59.15023805830696,1.0,0.0
1799,klf9,nanog,0,1,6.98601432129645,0.09795169716231959,65.85657530338226,31.46971576203183,159.18461689963124,28.02260551337123,10.434512521810554,6.316016228850483,0.0976477616564929,2.4171408271127612,0.8904626188959884,0.26023629194899606,0.22063873365041614,1.0,0.3434232773026997,0.19036365494471086,26.752300272793693,27.20094322794924,0.0,1.0
1800,klf9,nfe2l1,1,0,6.585383465862862,0.1102145933790853,63.55454629175156,0.03404795503029549,152.32803991961254,1.579548534574574,1.437125042814877,5.9670869328847695,0.02601216712465468,2.396807920244448,46.39187678581897,0.2573340912398208,0.8254549010210076,1.0,0.16704769127366614,0.048251869491654456,4.194064913801708,2.6646843486172833,1.0,0.0
1801,klf9,nfe2l2,1,0,10.022489351984056,0.460736491807624,56.31328840454175,36.22289914617636,131.98461149261826,12.137377131874729,6.684618359148939,8.508219131480734,0.45494976671368603,2.3437560695172173,0.33507470185902927,0.2489133536293418,0.3138011716180478,1.0,0.33414401363808843,0.11057068437289858,15.413844440225066,7.3490907355073585,1.0,0.0
1802,klf9,nfic,0,1,32.56724034894627,3.3508917981158257,64.4546085736057,99.1200275469369,161.55792914558788,6.989856359905891,3.0747448995186204,21.63542286943522,3.241314603781597,2.506538054002646,0.07051911236198903,0.26092900485810516,1.2533943243400736,1.0,0.18776537032911847,0.05497730790381421,4.196440897353926,3.215226391842899,0.0,1.0
1803,klf9,nfyb,0,1,11.061362908472212,1.7424524665124719,58.22432439195127,52.86723497409512,136.36712751666718,16.547925693505416,6.461479810343906,9.29543181707093,1.686855360204961,2.3420989241314083,0.31300910103609314,0.25131420155634726,0.3843908648184873,1.0,0.4088790851113103,0.12941155876651922,20.893153624428678,10.691227178858359,0.0,1.0
1804,klf9,nr2c2,1,0,11.036607463487456,2.298774306089085,69.86439151917045,3.490424589643154,172.5809882929666,1.6150614933512069,2.4843452735394465,9.53098076128545,1.3859773188874613,2.470228174042154,0.4627120431547051,0.26547428968099285,0.9116668097666281,1.0,0.23958513582181407,0.05673718381354609,4.767982985494874,2.3333050720756323,1.0,0.0
1805,klf9,nr2f6,1,0,7.165894759250126,3.67771538279467,66.6570334283841,72.69840909248686,160.33691942874034,4.0918124589185,10.192445619937075,6.470310758976754,3.5006235163276567,2.4054013684993247,0.056284759322764534,0.2604917176593356,0.9833343559048962,1.0,0.3452515980235807,0.08160552405052451,14.28909561056648,3.2541457285849678,1.0,0.0
1806,klf9,nr5a2,1,0,12.392262936707816,0.00010000000000021103,67.7809095273263,8.87190438353408,165.78688852046452,4.44047841719585,5.966166210725518,10.476806980896745,9.999887285919897e-05,2.445923043473273,0.500510175181465,0.2633295412203571,0.5072926677596246,1.0,0.3048950944365086,0.08269690954044621,14.038779555459366,4.448703002602573,1.0,0.0
1807,klf9,patz1,1,0,8.616410478814373,0.3953790927184715,64.51953567972348,43.93148751879674,154.7580032982365,6.338654047791935,8.499002315289228,7.60127997953177,0.39185245889774767,2.3986223965785953,0.14428498568549147,0.2589183977714636,0.42061179892642286,1.0,0.343997817054723,0.09133253194702881,12.992565681944367,4.644501519346459,1.0,0.0
1808,klf9,pknox1,1,0,6.944002991422359,0.046962291174003946,68.52266225762475,0.0197317693405225,168.2388459359687,1.3655708088128564,1.5507109064930802,6.305056280503639,0.013894027294170679,2.4552292685803843,69.20670849361834,0.26321435347789973,0.9742162734152395,1.0,0.2668115578276618,0.059529912806127,6.097488464669705,1.7119628454052322,1.0,0.0
1809,klf9,plagl1,0,1,6.829241389703096,1.016505075544549,59.710390150613456,37.35753387962028,141.93020715277976,3.7223544963006736,9.847170315513564,6.128327710453528,0.9895784710811749,2.3769767170299017,0.0996413336141371,0.25320646870207725,0.9744720038407008,1.0,0.202156895344636,0.061626825315323146,3.766450654446319,2.7717204319918194,0.0,1.0
1810,klf9,polr2a,1,0,7.1159979433386855,0.4232700912422493,72.23541521890976,51.51285709752417,178.41270520004366,3.0706212524000476,11.02989543105931,6.477856482315643,0.4198205161615149,2.469878586000553,0.05960883215207314,0.26799513878291975,0.7645630675976122,1.0,0.27507411304986806,0.0705298920277392,12.701664640902809,3.5689384347495925,1.0,0.0
1811,klf9,polr3g,1,0,4.281678862854163,2.4615611952996144,66.03048065835458,66.3661461619513,157.45533148143036,5.634580017114866,13.360810292822535,4.020944816148027,2.373525667881069,2.3845855718681364,0.08490141951839376,0.2601524700751182,0.6204231463044911,1.0,0.4350542675638643,0.1048099131748944,20.605621943521868,6.931332266624079,1.0,0.0
1812,klf9,pten,1,0,18.51983165627037,4.396062308181598,68.75918968108851,97.25182317015111,168.72470018406676,9.796470542854966,4.925762080625406,14.590088181594362,4.205941640875299,2.4538494558564103,0.1007330271404283,0.2646577729753175,0.6336784310678606,1.0,0.4415759854670987,0.10421352029292567,18.878391429453067,5.807752406229332,1.0,0.0
1813,klf9,pura,1,0,9.544653593778406,236.9377916114982,212.9946361104933,23.744446671101848,161.6940777519889,35.779030770299926,1.1495163053511157,9.13528582619773,21.58166507373963,0.7591462428570659,1.5068378415339008,0.2615979185055995,0.663301360591846,1.0,0.4467138923449969,0.11573561942864392,19.537325646450668,7.739545617105048,1.0,0.0
1814,klf9,rara,1,0,8.126380435675811,1.4250281981079607,67.71990946471368,61.71462238855243,164.6521304401746,2.8358652793700747,9.305276149780227,7.255697649845895,1.3928660726204964,2.4313696185014644,0.04595127004935066,0.26267254363180553,1.0275364908625748,1.0,0.2955842441650087,0.06722537733137261,12.010836416594458,3.583455303539572,1.0,0.0
1815,klf9,rarg,1,0,8.24865116478928,0.4610215136400186,64.6640550074016,0.21473616073489515,156.4944087470476,1.7129904993187604,1.6253610965884064,7.3154771048703475,0.1464992461192873,2.420114370018009,7.977186950983776,0.2589133734382071,0.7933589472344209,1.0,0.3588199528806496,0.07514127297414513,11.515087487908048,1.032994542141949,1.0,0.0
1816,klf9,rela,1,0,7.472234122148949,0.50325843866358,63.083979947347764,0.15334862268539717,150.82253766022748,1.1770785807088395,1.4493759241195363,6.680889468633225,0.11753450879025282,2.3908215332341043,7.675834057692703,0.25722829574356476,1.037046691023675,1.0,0.1835615625452924,0.05694829222798793,8.418576070876203,2.2222956288637987,1.0,0.0
1817,klf9,relb,1,0,6.995021643440298,0.6068234429462623,59.09779189322614,38.632051436519234,138.99884996232177,5.053293888209787,9.455388495298406,6.254694137711509,0.5974390074332588,2.3520142717591788,0.1308057351423192,0.25231339960759536,0.6043869045362487,1.0,0.27721610064226937,0.08546838135043648,9.323027593678788,3.607001379705054,1.0,0.0
1818,klf9,rest,1,0,34.178551958494054,4.473241343363192,66.34564072627904,112.93771561198622,166.13363535357306,90.77568253762875,3.05764149592578,22.557733300017755,4.302815272110035,2.5040625659037263,0.8037676523359272,0.2630406142800335,0.2798393367880157,1.0,0.5356210425771457,0.20496350535676047,37.1719174020304,48.136591354990024,1.0,0.0
1819,klf9,sin3a,1,0,13.417577970344457,0.2113568849044226,59.757530153390945,6.970851826782387,142.42430122152246,4.846005709297112,5.619030864457865,10.957296008261821,0.20513710842761093,2.383369942765959,0.6951812819601899,0.25362573871161925,0.6088925102354736,1.0,0.39320368483942064,0.09894386855736534,14.81220311189691,5.55470562063895,1.0,0.0
1820,klf9,smad1,0,1,10.457240144010715,0.37321966670997764,61.99009631347425,2.8176546190939047,148.53904597456736,1.9263341096664952,3.745751639630498,8.947814445611403,0.3295661388230228,2.3961738214347754,0.6836658036839027,0.2558950349877948,0.9483900679355731,1.0,0.29508844231532216,0.07607472367181149,10.083896223939508,2.679222894078199,0.0,1.0
1821,klf9,smad2,1,0,7.306329167468823,0.09723544761699153,63.91386751410356,0.027188286135860378,153.6052368548079,1.7596992433710748,1.4181668339004005,6.5567883294663645,0.02124727407401591,2.4033162571630107,64.7226983921614,0.25824455684332154,0.7282125680544755,1.0,0.27697180958288303,0.0694473334668005,6.261979836423178,2.4689332848067016,1.0,0.0
1822,klf9,smad4,0,1,16.309763550097937,1.0139422419389412,70.49146295477419,36.357893201527745,174.44796303042006,2.278420757092513,5.46305532340063,13.245194099052538,0.986432785745831,2.4747388650784865,0.06266646817139489,0.266404502569774,0.9286356187015717,1.0,0.27035422862967157,0.06815817806474461,8.629304567883768,1.5665536558208957,0.0,1.0
1823,klf9,smarca5,1,0,59.92080162434615,4.979270157817768,60.90315992515007,121.05630896130974,155.79957466866642,219.69457980983074,2.0993323089598257,30.2039936232,4.78255482173715,2.5581525631862774,1.8148131369183438,0.2596737151900278,0.16543654007440786,1.0,0.520466234254246,0.25059315445924,42.19023696262567,77.82381248550149,1.0,0.0
1824,klf9,smarcc1,1,0,9.496808446779145,0.27920855734114136,59.48663091013252,31.854217445733987,139.29127479944398,34.42506162343082,7.318880324456393,8.189402328505059,0.2767825035962011,2.3415559541415907,1.0807065557983477,0.25276751506046113,0.21065257486591746,1.0,0.31163696604398067,0.16062509984060988,22.762220908428937,21.076588068577323,1.0,0.0
1825,klf9,sox2,1,0,5.269320836925244,41.07372513306753,228.8795779988058,268.7528175871725,123.48194854216135,1300.1086055931664,7.716841924417622,5.150739275275733,35.6285786924344,0.5395061875848339,4.837562698934176,0.24526243429619268,0.36230241194270135,1.0,0.609577113187829,0.2443826572098808,41.07089185717227,52.559864340417285,1.0,0.0
1826,klf9,sp1,0,1,8.724321394212824,0.3853622972579618,71.66141572244928,45.68239915787466,178.3158764023175,2.6748356266409004,9.234050209168092,7.777464569611498,0.3821386958617323,2.488310823957902,0.05855287103895059,0.2672276595139578,0.952118869165023,1.0,0.21499201845434607,0.04948643256385708,4.740233620003901,1.5344555128155002,0.0,1.0
1827,klf9,sp2,0,1,28.086257325375296,3.6123356402869056,64.58237388647868,92.00966334432407,160.72821171064527,14.986701461397121,3.4289665966724976,19.573799115608505,3.475871553396324,2.488731863482897,0.16288182041611207,0.2606939894329544,0.5933928902377417,1.0,0.3066174076210884,0.09901800407387493,11.665981893183194,6.618857598853577,0.0,1.0
1828,klf9,sp3,0,1,26.51821642114579,2.736735697625696,63.62341426443314,73.30042817667025,157.7012998163081,11.447957734540504,3.5261476847960838,18.716984106949056,2.6382348870083936,2.478667667234365,0.15617859294011752,0.2593862205937178,0.5609395556254393,1.0,0.2375806830820576,0.07346992268821866,10.003086879006894,4.356688652691325,0.0,1.0
1829,klf9,stat3,1,0,9.781574670414487,4.35007530938585,62.93300158654091,2.283305171031919,151.24704324966808,2.600130122521181,1.717855948234842,8.465755917723314,1.4973586209355259,2.4033025509149453,1.1387571646176737,0.25673765668580756,0.48957702497321626,1.0,0.17373143209157635,0.07316513127625829,7.913781571986285,4.463363074684876,1.0,0.0
1830,klf9,taf1,0,1,7.602881305894457,0.37299156778485243,59.814824423855654,35.98557585337849,139.66056323181235,7.438438879612784,8.90465279388635,6.745483334162357,0.3691651598841489,2.3348821061842355,0.2067061233067479,0.25253393963155224,0.4478380288023021,1.0,0.2929534185044767,0.09046437723545385,10.510285028098114,6.333853768388781,0.0,1.0
1831,klf9,tbp,0,1,8.803059536184303,0.14455426708185173,68.22672538636208,0.02658940191061219,166.4476986363017,1.0473321839050855,1.3307369187241136,7.7970349539330925,0.022458391408580716,2.4396260804504792,39.38908394502402,0.26351274188197826,1.0848746974047887,1.0,0.30713242649237893,0.064664277967563,9.061017652895512,2.502497203117435,0.0,1.0
1832,klf9,tbx3,1,0,17.532709357056802,3.1655290014923283,67.0185449033195,77.54657886880807,164.39398273434068,22.079112690735467,5.019345233137277,13.897093302770974,3.0413769489230718,2.452962578812989,0.2847206545125417,0.2624937237309336,0.3434865316412214,1.0,0.4949054552607153,0.15471957832600125,23.59237341868507,18.803962629318253,1.0,0.0
1833,klf9,tcf3,1,0,9.663369370406047,1.3655720863363758,56.773296740160646,47.4029405584118,131.51994533385616,15.51536531172831,7.055885965395474,8.257809563514268,1.3273345633558202,2.3165810845157555,0.327308076860963,0.24921855851440428,0.39469974429692817,1.0,0.385338637888079,0.1194341194047474,18.932056725464427,12.251271086403486,1.0,0.0
1834,klf9,tcf4,1,0,24.840905606536456,3.6466076486289314,61.55181239559624,90.0963301596985,150.37451692178055,17.056912662143713,3.618604936524352,17.698282876023203,3.504754324485961,2.443055875516985,0.18931861743879927,0.25678656957812473,0.5386956598337027,1.0,0.3682508131244335,0.11177301376752921,17.17472584064433,8.015598206898762,1.0,0.0
1835,klf9,tcf7,1,0,10.226876081365056,1.3898560352617464,66.3014024324384,55.86168766983297,160.40642910180802,6.278336179257571,7.597255788960272,8.860204879363145,1.3561154638510649,2.419351977739284,0.11239073578237176,0.2612027137849037,0.5955264538665556,1.0,0.3341677050120732,0.0847867202887969,12.426075192630822,4.285791180793121,1.0,0.0
1836,klf9,tead2,0,1,27.441538051181883,4.388324661662174,65.84261739267019,105.42444541211806,163.32223176249119,18.16110912849292,3.5408779443724474,19.369020193980308,4.2129589612685505,2.480494218333926,0.1722665844482155,0.26185066176321153,0.516689623178043,1.0,0.4272135059960876,0.12405806117391287,20.199432187183618,8.079114639889895,0.0,1.0
1837,klf9,tfap2a,1,0,15.262303572923255,0.481012876222371,71.36696944309737,11.492115358321785,178.30230090550225,2.1288401288087497,5.913604156197771,12.573398284418897,0.4616884872607483,2.4983868909785643,0.1852435398037658,0.267351356844105,1.159530080262699,1.0,0.2776038850614274,0.06727368260499214,9.921067482398598,2.416249055884283,1.0,0.0
1838,klf9,tfcp2l1,1,0,22.23973367397032,2.9053551460797595,60.49689953653513,71.53948768746766,145.6785360042731,33.42912264603452,3.8713020171395813,16.261659214127217,2.7919679965665862,2.4080330912875176,0.467282108477982,0.2549281682515666,0.2830538390508012,1.0,0.4422754211354467,0.15097058974669492,24.75011295959667,17.43243045982867,1.0,0.0
1839,klf9,tfe3,1,0,31.950511773475313,3.973348303049125,65.55776518968064,106.71147273602581,165.17682371695258,9.447093146606575,3.165487601353493,21.481295883497964,3.830713598587075,2.5195615384240226,0.08852931090151879,0.2621398504278692,0.9008162660372927,1.0,0.27303728805144145,0.06989864258882011,7.859377827250805,3.1450145968696033,1.0,0.0
1840,klf9,tfeb,1,0,9.169283670150126,5.763863187879838,62.06844196040006,79.58991868041504,147.80239615757515,7.077051961978847,8.331809718810081,7.98906964338976,5.37463475392644,2.38128091328398,0.08891894952671087,0.2558803454928454,0.8875944527600944,1.0,0.3716541745939286,0.0950161426062125,14.096295833496352,5.986652087056434,1.0,0.0
1841,klf9,tgif1,1,0,38.88995699725389,4.388470546111881,53.768908863113715,104.28517254996186,130.5698860085655,50.77286151249468,2.482853983410445,22.567409325157264,4.211254864503916,2.4283529044819137,0.486865584732767,0.24847104739429468,0.3121669503249293,1.0,0.5280732665208958,0.16259103074876374,32.500528975963974,22.918419515055923,1.0,0.0
1842,klf9,tgif2,1,0,7.328409765123462,0.7479782055532272,66.19464281634323,0.8629522571117365,160.504615271339,2.4176453541793093,2.192177298372613,6.597950571715398,0.40068115645708446,2.4247372361636335,2.801598042365707,0.2609773389078334,0.6931962659614509,1.0,0.22324820244089144,0.06698222001101861,9.659053911035723,3.401079194964251,1.0,0.0
1843,klf9,thap1,0,1,93.46976667612222,5.721816184414001,53.99775348823624,191.6014837898228,146.93939055021556,12.97352091381052,1.6212256680280746,34.22555294857435,5.555899739409805,2.721213033098261,0.06771096265643653,0.25548469778818217,1.0091073303927747,1.0,0.33914229522010175,0.0773897222143936,8.850112445120775,3.813763437149863,0.0,1.0
1844,klf9,thra,1,0,7.197163408055122,0.20382014109029695,70.97410600688093,0.09184411518562423,174.50421642648305,1.121650200176333,1.5771990358418861,6.534526591358495,0.06331397900860139,2.4587025641374742,12.212542936576712,0.2662846187816148,1.1840288989693002,1.0,0.24670010271744724,0.049772965691057595,6.075495801553439,1.8816659639944024,1.0,0.0
1845,klf9,topors,1,0,13.683113538480953,1.2761001757165007,68.43482828934188,53.22917860716848,169.13404905805092,22.192405940630117,6.1312894962727285,11.403129506495324,1.2462235895430707,2.4714615830254383,0.4169218184712214,0.2637771052791774,0.2819334563801008,1.0,0.3616423356405776,0.12701733160508635,21.578271820417203,11.374483950955113,1.0,0.0
1846,klf9,trim28,1,0,26.398812249614725,3.6039099715915324,57.47323792379295,84.47743457294683,137.00252333060237,151.57255134205045,3.3126541035851407,18.08975951095441,3.456453468168502,2.383762047864118,1.7942371487520319,0.251806340095562,0.23119437513135443,1.0,0.551761193719942,0.27848088585711106,47.32224385633308,78.93878490999707,1.0,0.0
1847,klf9,usf1,0,1,7.684116795129008,0.7448049930048396,60.40821198009379,45.97376970459236,142.7299227200744,8.348578704536312,8.86467417154464,6.816975782576812,0.7329310332105682,2.362756950447531,0.1815943908489707,0.253810876691882,0.41948326126067725,1.0,0.38483886825877367,0.1094082192918732,18.61192042236057,8.348270787818624,0.0,1.0
1848,klf9,vezf1,1,0,10.709767810558043,0.06873872646033521,66.83172229247948,12.573685500145912,163.1720208501691,1.796945101260984,7.279840316665957,9.23057097795072,0.06836498385917769,2.441535475265325,0.14291315789949824,0.2620407861938349,1.144024413066182,1.0,0.1572680337909502,0.04332619184275512,2.6764013371409945,3.303259828653276,1.0,0.0
1849,klf9,xbp1,0,1,13.720780862844395,2.591876966010273,67.18029200156677,69.23334777560504,164.84332223725386,8.866174849645189,6.116980772983542,11.393743398190283,2.4983467858945634,2.4537452476897452,0.12806220029084397,0.26227799689604064,0.6739538977133624,1.0,0.30971630316308774,0.08247740987576278,10.361880092997554,4.810715409507392,0.0,1.0
1850,klf9,ybx1,0,1,7.092027023719612,92.99994261958658,225.40015088085116,106.23609044554257,115.14408014569042,4262.722374069838,2.2097306970492223,6.875689219331999,49.5891740242337,0.5108429594909933,40.12499289264548,0.23622296080448899,0.2564781805095822,1.0,0.6372527943013264,0.44591047380695353,73.18354312242376,492.0420546665828,0.0,1.0
1851,klf9,zbtb7a,1,0,8.621993583196739,0.29103372075521317,66.5261672801985,1.4144594503167376,161.654096279104,2.9828014766193762,3.4102781825882005,7.6327641397268025,0.24137029902284315,2.429932504577343,2.108792497339844,0.26144822444590127,0.7194449555545686,1.0,0.33440360348809106,0.07278172889848704,12.881291495152698,3.0595006990584466,1.0,0.0
1852,klf9,zfp110,1,0,1.4731752953058261,30.599808353519393,88.55426538235211,109.12873888520974,157.91328168251823,1.6850086781992322,4.569033569809228,1.449068806946683,23.89861314483849,1.7832374420440802,0.015440558512929008,0.2596258878612505,0.6605170810341621,1.0,0.222323918000342,0.05391557780221946,8.42830340996311,3.4967343810481415,1.0,0.0
1853,klf9,zfp219,1,0,8.829853075087119,0.5941189707095879,64.87775689595557,44.5895882148141,155.76273485737326,6.100471172467934,8.392186755373372,7.772074843527909,0.5863069213372843,2.4008649853164603,0.13681380377585906,0.2595277059488667,0.5177248225393793,1.0,0.3069910397750706,0.08004781316954163,12.745286461749078,4.073113860535222,1.0,0.0
1854,klf9,zfp263,1,0,8.77031507074463,1.314379606728941,74.50383909126413,0.3604322809516797,187.46414543930166,1.445252327980053,1.4134827055480912,7.846638004142588,0.2828645074556725,2.516167592513801,4.009774940701848,0.27044667156414987,0.7993693499246424,1.0,0.2216936739740667,0.05495751463946322,6.079553315362498,1.536542575551286,1.0,0.0
1855,klf9,zfp281,1,0,7.706107698786867,0.7825787903901984,69.93879618776577,2.1500981242246087,172.06305951255158,3.4477925609738724,2.9383440882136114,6.941291298832677,0.5737492530768371,2.460194754433737,1.6035512622091386,0.265284794788225,0.5577981267919998,1.0,0.21301492767958508,0.06779298347252047,8.306010567769794,4.235079925162115,1.0,0.0
1856,klf9,zic3,1,0,6.518470766233916,2.0549142499783946,62.979988748820745,48.12189896190274,149.78422394925792,4.331566039815022,10.692328289136139,5.907083673243144,1.9707583958205543,2.3782827994243254,0.09001236720197278,0.2559582384877028,0.9772733011792635,1.0,0.2431465079749416,0.06948844420863623,7.073229149396199,3.7705602996496554,1.0,0.0
1857,atf4,bcl3,0,1,5.866479011690807,1.9721375578327667,5.286437293992404,12.985322380273574,57.363194466921705,6.1702725058632435,2.189846115480473,2.7806873630014377,1.712111686922295,10.851011991026585,0.4751728393926288,0.7559656488394145,1.013670980442405,1.0,0.30437137926440094,0.10143017843174539,18.022841441986078,6.413305209685202,0.0,1.0
1858,atf4,brca1,0,1,4.032608492330588,0.00010000000000017941,4.284294610193607,7.6832918853288215,46.55645386581527,6.706471108528102,2.056063827593424,2.0773216443352984,9.999869849165957e-05,10.866772269825624,0.8728642889819206,0.715880504754599,0.6979952169668052,1.0,0.19519164370144385,0.08125893354307069,12.995473181553807,4.816449667501458,0.0,1.0
1859,atf4,cebpz,0,1,9.620666428474708,0.4104971893522188,6.142568239728243,13.700742540488474,71.87793963604729,13.998687232386255,1.6754405181507952,3.7489513600767537,0.3985557904608279,11.70161027616476,1.0217466090627785,0.7688131358436964,0.36350586021303016,1.0,0.2972216809715496,0.13044995348375923,22.663519450048582,9.320657168801832,0.0,1.0
1860,atf4,chd2,0,1,5.853687621276713,0.8104573289457849,7.725434501771158,13.699168734659613,77.170970997865,4.956956081484701,2.4569946250107266,3.3302801095842556,0.765187996768473,9.98920785363885,0.36184356711683846,0.7677058365887354,0.6319531194429822,1.0,0.31280229402775717,0.09738905473768268,21.688792879441664,5.386981806621684,0.0,1.0
1861,atf4,e2f1,0,1,7.410872992976164,6.623188966829469,98.61003761203557,68.02377170551993,58.93137286719291,94.11721897555873,12.11753557863204,6.8928521779820775,6.03553433634991,0.5976204278417212,1.3835930677734147,0.7514166951771442,0.6972152493357407,1.0,0.2328862772667052,0.10923326622955985,16.292234610374464,11.87564454283348,0.0,1.0
1862,atf4,e2f4,0,1,17.443609138419987,0.4210007427550536,264.75683208387085,161.04756496181034,57.010324687279265,879.5937184782938,15.905078063102252,16.36537021556059,0.4199030577373728,0.215330891514895,5.461701446320373,0.7364072329856269,0.3643266234092852,1.0,0.38190853382508144,0.2463820782237521,44.622070491131254,45.77380090005517,0.0,1.0
1863,atf4,e2f5,0,1,5.437296374679103,0.7019156694957808,4.429024538392338,2.596873308954178,55.88854537388159,2.542602180382221,2.3050269286489837,2.440820573154113,0.5525621915066509,12.618703032557187,0.9791013568567914,0.7461564300538758,0.7614167813287355,1.0,0.23503470407516933,0.07576853118517954,9.068719442787145,4.628863201504696,0.0,1.0
1864,atf4,e2f6,0,1,1.2893176865230853,0.14905252498005317,4.266309359641299,3.450099457663421,48.3001514173736,1.8555454339714081,4.2444388232703165,0.990100319524175,0.14287977781347982,11.321296077187089,0.5378237516747055,0.7351752625987263,1.2661550612247436,1.0,0.13846750916189132,0.052550708980427956,11.818172921050415,2.803292611627622,0.0,1.0
1865,atf4,ep300,0,1,5.38294821373162,0.8310111438091328,4.478694021197991,3.605350229869117,56.19331937119111,2.2056280001226996,2.254283509088757,2.4446818701114936,0.6753476477665653,12.54680920492089,0.6117652542739985,0.7532294147698418,0.7827079305761149,1.0,0.19180018213212024,0.0722103254171278,12.065378777560927,2.6629726672571508,0.0,1.0
1866,atf4,etv4,0,1,1.6728933785778768,3.5214233039206446,22.7261207992906,18.153606988804327,56.05458305592317,32.27901867500555,6.608147316597362,1.5581931601310104,2.949316971522231,2.4665266699485695,1.7781049625516645,0.7534659157702049,1.3489987969227712,1.0,0.14396417670875236,0.1024215044933943,9.489010746127445,9.168201622238158,0.0,1.0
1867,atf4,etv6,0,1,7.830194206813401,0.7833844322507618,5.313385250452678,12.478669360820202,60.82185057437011,4.408558640586398,1.679293328721915,3.1654115640212606,0.7371102142247812,11.446911471211003,0.35328755920307764,0.752416281288554,1.1401995122632878,1.0,0.16204245954588822,0.06466972028204672,12.337647099053804,2.998610799099758,0.0,1.0
1868,atf4,gabpa,0,1,9.952931349037392,0.2744894207295573,4.857397733944572,12.893168521836756,62.50282490773329,6.9916686841201505,1.5022962518641414,3.2642992542597913,0.268767488824804,12.867553437296207,0.5422769951605442,0.7510040898534889,0.5501686516025648,1.0,0.24195145453847347,0.08769543614312576,13.845534693381918,4.408390566882963,0.0,1.0
1869,atf4,hdac2,0,1,18.18146087800833,0.2974053486748271,2.7362030192979767,21.034115654046328,57.68358610394504,53.863672897673275,1.1239901732459359,2.37828508928575,0.2932589054179627,21.08161773710228,2.560776682204442,0.7542815131789867,0.22486986943618412,1.0,0.3196210891822824,0.18765391263980127,33.40957224668071,27.07594054261635,0.0,1.0
1870,atf4,herpud1,1,0,0.00010000000000000997,3.91210528229546,8.435462837873246,19.93164509405598,66.44336429601437,3.0048252475097175,6.087305256905315,9.999881454265613e-05,3.270236134271527,7.8766708564821455,0.1507565097276299,0.7688556987628918,1.415865585648672,1.0,0.5256628778258811,0.12203046079921,20.789044321788673,3.0215352561384377,1.0,0.0
1871,atf4,irf3,0,1,6.0716281792857805,0.7032584326646032,5.129011550858086,0.9499867436110627,62.14089354843667,1.6306456413292871,3.2101036371556892,2.780327893259738,0.40410593537559364,12.115569039426413,1.7164930482407819,0.7522174292411751,0.9127038254076506,1.0,0.2600482427348425,0.07840748116840034,10.52553880268384,2.577321430955119,0.0,1.0
1872,atf4,junb,0,1,0.8085202491534416,1.1971356654101555,6.686047763759811,27.91976538917167,67.68137325560298,29.66461896594939,8.992355928434012,0.7212964102123844,1.1479156677630673,10.12277740856928,1.0624952807610066,0.7677818820529879,1.6249180201381117,1.0,0.02519681351573721,0.06666037055286095,6.802905207694257,4.577834640890661,0.0,-1.0
1873,atf4,jund,0,1,23.026648026250434,1.7658349047221535,463.496744583121,264.28576883100135,79.65690920130864,1102.3842415042343,21.03374128601861,21.936820635873463,1.754114723873958,0.17186077385064222,4.171182755622224,0.778962266867998,0.863454024938871,1.0,0.21281886908204536,0.17228757435489434,24.51388394964403,36.32232807976714,0.0,1.0
1874,atf4,klf4,1,0,8.92433032274407,0.09430173431671457,5.4135392048959465,15.096144986079851,61.30731882446677,69.03070156053832,1.4511789906389563,3.369553055736922,0.09371631261985298,11.324812937351796,4.572737054671341,0.7550040506385363,0.3113557874671499,1.0,0.2348030147923289,0.2176467236367139,37.88210496254763,39.279545008055806,1.0,0.0
1875,atf4,klf6,1,0,17.278484764545155,3.521895429150712,5.147463628955123,22.508878324478076,70.79342170344957,20.538987101473555,1.3070056044446332,3.965958109255661,3.0453922129471,13.753068852245555,0.9124838121825781,0.7600935642734076,0.6455189783643464,1.0,0.3248375064699982,0.13823191900071485,26.167896833044665,11.762539741076104,1.0,0.0
1876,atf4,max,0,1,24.094789074804503,3.1174649640959182,3.784665815325495,25.26733995883604,68.18802650715237,23.648882080690676,1.2418612853584925,3.270893383613986,2.775077978215527,18.01692139660895,0.9359466457180672,0.7490572093225207,0.4340576463507871,1.0,0.27395383219184016,0.12691800901761532,24.797620707024542,8.7321191161913,0.0,1.0
1877,atf4,mecp2,0,1,2.8971931955602837,0.30569339181539334,5.7245236327934,0.2597134836537946,62.8148150617053,1.2363561021046556,2.482819880572187,1.9236367010119018,0.14041692657599583,10.972933136630884,4.7604617392632305,0.7555991085712859,1.1624748586692384,1.0,0.13756626440766676,0.05630612874643108,9.895867660690074,2.474424735437209,0.0,1.0
1878,atf4,meis2,0,1,0.9782195248321761,0.017474499299424576,6.7968323175555465,1.9230577255563355,68.335503772258,3.6018506248285527,7.743079983393165,0.8551446620324165,0.017317141373668778,10.054022312092965,1.8729810223385503,0.763483030725194,1.8028315566074493,1.0,0.15152389822430298,0.06880793099029087,11.477666933373584,3.8900774224981904,0.0,1.0
1879,atf4,mybl2,0,1,10.880910510339895,3.8085726208911836,136.16592062709094,104.1116872198389,50.48722004277257,467.4967456370694,13.888289169790411,10.075764200023468,3.6741657409410338,0.3707772092331293,4.490338770996173,0.7358597675311142,0.25547630102370417,1.0,0.3790303863553173,0.25455385698024485,41.17858964432543,46.548898597508426,0.0,1.0
1880,atf4,nfib,0,1,3.5175072146122517,0.40452644933528137,6.1688125051064615,3.5685142572588147,67.11024606295733,2.343553393290822,3.065910502120004,2.240153445289372,0.36333843735739946,10.878957012780718,0.6567308477256983,0.7660526071454548,0.7978612232620494,1.0,0.14623265303574676,0.05578201477900549,11.34664095845761,3.3071453933176076,0.0,1.0
1881,atf4,nfic,0,1,9.999999999998899e-05,0.00010000000000021103,6.117893540906905,17.023104419373727,56.821061192313174,4.866568866267226,10.941023376075288,9.999836547717802e-05,9.999941256674353e-05,9.287683875566447,0.2858802217490166,0.7576624281260865,1.2292495068724756,1.0,0.09575767181316533,0.04842174185927459,1.3636248972885339,2.1453642357143257,0.0,1.0
1882,atf4,nfyb,0,1,10.446627691976627,0.18826425330080354,4.288512120939499,14.707219056339516,56.70372985890764,21.908415460916565,1.325294834568254,3.040384417711056,0.1858847783731273,13.222238450030394,1.4896368495628673,0.753241358188417,0.39493492398945196,1.0,0.23371746072812244,0.12353839810827713,24.332294836582612,7.711255141541751,0.0,1.0
1883,atf4,nfyc,0,1,16.760359122084747,2.260522620761847,2.447350689751971,17.154829337395046,54.28857750326644,19.871004241745258,1.276709736421875,2.1355214577766723,1.997330764647738,22.182590231385422,1.158332959828947,0.7420336402292718,0.4311976297061525,1.0,0.39526309503279483,0.13847777898753827,36.00899240333069,15.95991624121841,0.0,1.0
1884,atf4,nr5a2,1,0,7.643775731493395,0.0001,4.782619724192596,10.636185801488729,59.1877911618269,6.812389668859752,1.6033107971076035,2.9419048115048803,9.999905982217978e-05,12.375600523376132,0.6404917886923556,0.7495162950538115,0.5289684501251481,1.0,0.21083475038424002,0.092238810987802,14.824079129341676,5.385687049678857,1.0,0.0
1885,atf4,pknox1,0,1,0.591581521748558,0.009608201985445665,5.813777317715033,0.07322285153316815,59.842411362325436,1.361021147236698,9.498086992861916,0.5369446613250369,0.008493673780484752,10.293206652408399,18.587382473355177,0.7485024762760986,0.9720926248980125,1.0,0.16340351339869802,0.05827223668457256,8.591850173132691,1.438719995203551,0.0,1.0
1886,atf4,plagl1,0,1,16.555055956923972,2.5151592959232616,3.2874395263322542,18.40346298647472,57.97740050597198,7.2571628749704065,1.1753887449893874,2.742787335361055,2.212748066423112,17.636035595963182,0.39433680934419363,0.7623306917295645,0.9998279731204127,1.0,0.20178199938454194,0.07715477339738215,13.735881923688494,3.422860798334241,0.0,1.0
1887,atf4,relb,1,0,6.468932755418372,0.2302659756240059,5.580036875432057,10.473044438925092,63.17878632359476,6.630174684677021,1.8804688055743597,2.995848145180947,0.22531214195232227,11.32228831708265,0.6330704241103663,0.7658784653379249,0.6180713945371739,1.0,0.20364581183338826,0.08982397843847711,13.985416058023715,4.846934110862954,1.0,0.0
1888,atf4,rest,0,1,6.750183745479039,11.234146369618758,72.55273897013294,43.29886347047112,59.71488977704294,180.95942399666072,5.305840631755353,6.175615002771663,8.91984086871024,0.8230549338960887,4.1793111756864265,0.7594458083491838,0.2940801816194776,1.0,0.3287549982994026,0.21881073016848074,41.10775807485946,42.946008045012505,0.0,1.0
1889,atf4,rxrb,1,0,3.5307704085550076,0.6935809072651858,6.884563935127716,10.804920795716194,68.69370884755361,2.086558974917953,3.139231746357594,2.3338487095901557,0.6517446326488098,9.97793171722201,0.19311191765007726,0.7633966786509161,1.12842438617761,1.0,0.2219125214607358,0.06954779505986748,15.923414658165445,1.5281702268102344,1.0,0.0
1890,atf4,smarcb1,0,1,24.815770478474178,3.3228538560963536,1.7412483611790843,23.04726176027172,59.17181615933345,52.7341436589505,1.1879016826570101,1.6270809588205883,2.9041466380619747,33.98241025149642,2.2880871579222597,0.750549843912591,0.3050461092389988,1.0,0.392457194015428,0.20232741708883056,34.49478185025362,27.253279040786246,0.0,1.0
1891,atf4,smarcc1,0,1,14.956975818001546,0.0001,1.9973426948598438,18.10242564662986,48.79293338080541,49.75781047397707,1.084377117622239,1.762041120356352,9.999944759089449e-05,24.428924243382916,2.7486819415960704,0.7296710830317263,0.22008598673962318,1.0,0.3120781764246413,0.18245670110261328,28.382671701049716,25.758930413640222,0.0,1.0
1892,atf4,sp1,0,1,4.280752180959647,0.00010000000000003062,6.400392496313973,7.322552256017019,69.4894436706087,2.205397243987692,2.4932756780156957,2.565127143712401,9.999863437461917e-05,10.85705973666898,0.3011787648460267,0.7711655126640236,0.9428958062973841,1.0,0.12042876885436796,0.06486700342765943,4.312688400251641,1.818062675994998,0.0,1.0
1893,atf4,sp2,0,1,12.679617896680675,0.2950946851889798,5.98511095742089,21.33418636360514,70.34229584994134,13.78794335218824,1.3161663273893627,4.065899944357186,0.2910686210294576,11.752880832179812,0.6462840024548419,0.7675263507063652,0.5918304348221431,1.0,0.1395914200320618,0.0898966168734261,8.019036152965622,6.0083840581086925,0.0,1.0
1894,atf4,sp3,0,1,28.982954146684616,1.27874795145655,1.4506099215501722,27.90435590315359,62.4534628927102,9.92771486727825,1.0826226379187318,1.3814668813271527,1.2227156551147746,43.05324399406441,0.3557765282859038,0.7547129435724887,0.5598937941104604,1.0,0.23517541616873047,0.08289546546873834,12.883785408792182,4.245312787898796,0.0,1.0
1895,atf4,sp5,0,1,5.704287002433176,15.882860956910568,66.83603231133856,29.491800726707016,70.15107693385515,221.55795616251504,2.1211517570305176,5.2557241822809555,10.323254277404814,1.0495996621563994,7.512527234794376,0.7613419638652537,0.9119239489670441,1.0,0.23706331558572089,0.18749244639728777,31.156391588357224,34.65847062705542,0.0,1.0
1896,atf4,srebf2,1,0,6.259146163898899,0.9256277937428039,4.931395306434899,1.634680802096456,60.78245804843953,2.4640819046701026,2.8002406752805444,2.7582511620879,0.5909857845953406,12.325610556737455,1.5073780162524395,0.749371622070717,0.6562709011421284,1.0,0.26682291107974626,0.07393551504501168,14.773653550210113,2.1571422499601907,1.0,0.0
1897,atf4,taf1,0,1,4.0381656119575755,0.15087935284097864,3.597582169336682,6.879743324925858,42.79966616330625,9.027315710517156,1.910382120507144,1.902581517686627,0.1476414349271498,11.896786271652442,1.3121587949088844,0.7137849377950816,0.46027826768567526,1.0,0.1790319695422989,0.09896707827694688,11.6277130343726,6.447166584112251,0.0,1.0
1898,atf4,tcf4,0,1,10.654417283350362,0.0001,3.42613327724868,14.422804286393763,49.10728912558749,12.995295955318014,1.2080163075062629,2.5924734581278446,9.999930665836773e-05,14.333152026421628,0.9010242181250121,0.7281439464263545,0.5305659044436748,1.0,0.2153896433796361,0.08791299866396932,14.282371219471322,6.578137777937462,0.0,1.0
1899,atf4,tead1,1,0,4.164402844418992,1.0633636247968754,6.662405505065705,3.4386850608871513,69.99174452604684,1.5558279503606471,3.403811490851312,2.562614903706954,0.8122019254272586,10.505476508871938,0.45244851529359215,0.7611984421525806,1.0156036576485086,1.0,0.11431634325005822,0.05095936061663467,8.656733157245188,1.8955108250055688,1.0,0.0
1900,atf4,tfap2a,0,1,1.4575197167048364,0.005066183906848415,7.371801096661322,4.208154131134958,74.79022269241025,2.194965143717071,5.945248676456146,1.2169164166902526,0.0050600920774498005,10.145447728680937,0.5215980867899149,0.7774875335954663,1.1650060296484464,1.0,0.14167890230247127,0.06883699544060673,7.336508104413001,1.7451893986896956,0.0,1.0
1901,atf4,tfap2c,0,1,1.151018112744691,1.082916880925114,8.030280088323265,1.8889618499460834,78.35342110557492,4.512133245576099,-1.7987673443240781,1.0067201423648326,0.6883149885898903,9.757246353026678,2.388684157758342,0.7727250560262167,1.0617585609592046,1.0,-0.027657010197363652,0.06584095412089105,7.538269629427769,3.7502686162133907,0.0,-1.0
1902,atf4,tfe3,1,0,11.815464386519452,1.0322831873653626,5.9250374041548035,16.33150742982715,71.334290267635,5.4385441643074275,1.552293491633133,3.946171831192945,0.9709136049734801,12.039466656803446,0.3330093188075651,0.7654537497396917,0.8909469636276236,1.0,0.1817131094025426,0.07998427403484266,13.858106922299799,3.6467438205523717,1.0,0.0
1903,atf4,tgif1,0,1,10.860527618303427,9.61241349034009,122.30189469861537,72.15418643907768,54.951365641670314,150.40717969434803,9.261727442166949,9.974759260416283,8.48238615412907,0.44930919326381,2.0845246425353587,0.73897609344607,0.3310410091244898,1.0,0.37887447091734217,0.16498613385237884,28.296397260085662,20.39521768851851,0.0,1.0
1904,atf4,thap1,0,1,11.09696093464785,4.077027676052344,155.75286177275316,110.97260155045991,57.15445250295574,41.521235548398295,15.494462771041183,10.358916746245855,3.932549551411275,0.3669560344024069,0.37415753950328307,0.7541194771443488,1.0348945520769244,1.0,0.19140032316647523,0.07019406122308344,9.434038101671204,3.387413361884434,0.0,1.0
1905,atf4,trim28,0,1,22.704689751519417,2.5381301145869295,3.261680316675521,22.733019052143696,66.53231254876705,130.43557632578967,1.2490568141891636,2.851975053281034,2.2832107820282794,20.39817090860098,5.737714644350758,0.7722791002732082,0.23154714162596957,1.0,0.43025547224999316,0.28466942037338366,59.39617851447359,59.95121462555265,0.0,1.0
1906,atf4,usf1,0,1,9.84781008487618,0.4617385973510716,4.229428511547019,12.492371900111339,57.334681984534214,11.59329054288451,1.4574314918421027,2.958720097268106,0.4452803054192945,13.55612982415977,0.9280295716125122,0.7424428327595048,0.43361926079575175,1.0,0.29090336785161663,0.11807651138030573,19.628696819186846,8.4161913335892,0.0,1.0
1907,atf4,usf2,0,1,21.25557652965899,2.2794786048582707,4.029617227553615,22.09067367100385,69.98181599217607,8.42007565658937,1.3010777193861287,3.387430532980035,2.0662660384701197,17.366864404305247,0.38115975012756337,0.7689560262572624,0.6746405485772897,1.0,0.2754316575823672,0.09210845109965352,15.49640380535589,5.579416427173772,0.0,1.0
1908,atf4,yy1,1,0,31.961032233459328,0.0001,567.3037958268305,346.84974996572475,68.1129003760637,476.0569500557475,18.022186019675274,30.256430972720132,9.99999711690808e-05,0.12006424225804962,1.3725163420264563,0.7547976713272603,0.47079699213086107,1.0,0.2965222471511889,0.13511077172804276,25.09918928594385,14.710914254292511,1.0,0.0
1909,atf5,bcl3,0,1,0.18490469217645886,58.61861980580416,431.9486819918385,737.8923503354563,424.73620485497815,7.0817140820544635,7.167925629492089,0.18482557371345945,54.30462700878339,0.9833024675440574,0.009597218454473767,1.2198589825767727,1.0282786182046957,1.0,0.2555597559815794,0.05262508740182738,2.5499823304671088,2.1992495911253878,0.0,1.0
1910,atf5,cbx5,1,0,39.882255036782574,7.73911574573568,205.56618670243887,267.625934869979,197.8697429073662,51.130884449159254,6.332295805533852,33.40189502492759,7.521608431746591,0.9625597773712978,0.19105354820712808,1.243701775147929,0.36225506760365206,1.0,0.2244710632260111,0.06648917642704039,7.182871075631962,4.462520565084861,1.0,0.0
1911,atf5,ctcf,0,1,454.7012279945351,3.4739220558388317,252.75551393003428,686.9043127575628,235.1517384383018,962.0942558011088,1.2411608585377962,162.4526783838754,3.4564415881162285,0.9303525560411496,1.4006234026087299,1.1946659058324047,0.5227520237181189,1.0,0.25319230295673556,0.08095997567449278,6.844584121317654,12.1149233625833,0.0,1.0
1912,atf5,esrrb,1,0,47.91114788833248,6.939373351965878,168.56040442956217,226.92632256188386,163.3206808170794,13.189648216755554,4.656353065662128,37.30708436405614,6.733464989348586,0.9689148609353726,0.058123042174442655,1.2105590899461387,0.7697720918901331,1.0,0.19433531891556294,0.04060556779636697,5.576741368538977,1.1542832060053236,1.0,0.0
1913,atf5,hbp1,1,0,4.013655554953703,0.00010000000000021103,1000.0,392.12986277833687,952.5902851590845,3.7597505911563958,191.0768561680336,3.997610523270438,9.999997449846175e-05,0.9525902851590845,0.009588024142098322,1.2276711416192838,1.0227493822900255,1.0,0.15083163876584832,0.037636551719909095,3.777926181613986,0.46917753034634013,1.0,0.0
1914,atf5,herpud1,1,0,1.0285073077665878,113.88586815493537,414.87271239096634,826.1444361308722,376.5903456135405,4.796764175208836,4.990468699841955,1.025963849772174,100.08845023524677,0.9077250307526867,0.005806205265599544,1.3026039032227794,1.510115976331361,1.0,0.23032517418308812,0.053852931136863104,9.017795910881588,4.494779594087196,1.0,0.0
1915,atf5,klf15,0,1,23.344190347718616,9.446790397395828,407.91772008997253,482.79770003923124,371.22520251452426,56.93681303110459,18.819912207791276,22.080570237059074,9.265494617461002,0.9100492188293384,0.1179309947551076,1.1812703563487772,0.5939883752426834,1.0,0.23470147587060383,0.06854823853170514,4.590851638541794,7.518353331899746,0.0,1.0
1916,atf5,klf6,0,1,15.402965893381161,11.601527284827466,197.68343874032482,315.4500140688699,210.1635152768684,26.577635577604422,14.342902236516734,14.289561409784488,11.1899853156825,1.063131624055454,0.08425308097086318,1.3053458864269676,0.662471491129012,1.0,0.20348845274996785,0.05817256237408735,4.575545774469793,2.981605308971176,0.0,1.0
1917,atf5,maz,0,1,52.88117041096046,2.312204025806656,771.8133092670851,398.9005326157,746.9216856491591,279.0588331514017,15.478530010324633,49.49031688527087,2.2988787074189356,0.9677491650907614,0.6995699687877991,1.2305555555555558,0.36705290494030773,1.0,0.3131155207813835,0.08143144541889374,5.6476751881726095,8.717102423537863,0.0,1.0
1918,atf5,mecp2,1,0,3.435151563675853,0.21155740005394263,368.28322030786455,0.15483445153120978,359.5133909732358,1.2582461854643112,1.695064236382791,3.4034063846414884,0.08940257230886614,0.9761872687892279,8.126396761322129,1.2794491217883581,1.1888586393222866,1.0,0.12959215426740217,0.023140014719513328,2.8692686974568713,0.6203770167968102,1.0,0.0
1919,atf5,mitf,1,0,71.3618148349392,5.4576502627817725,201.48082473628384,271.7934602007745,201.01331339751778,40.34996576635219,3.895244459419743,52.69717860161762,5.350217162365905,0.9976796236595816,0.14845819224842852,1.2364137505440027,0.5483377942915696,1.0,0.10478724386014956,0.040514137135330884,5.162802389418392,1.7554438437463151,1.0,0.0
1920,atf5,nr5a2,1,0,5.23700116320002,0.00010000000000021103,815.3530533637567,239.93968676670215,799.9359839322021,8.656487592572581,64.5786890973327,5.203578650908948,9.999995832308807e-05,0.9810915414274208,0.03607776483008185,1.298406514622731,0.5326905626086169,1.0,0.07163211976359218,0.03732582701681383,4.7537382923273555,0.563307461792069,1.0,0.0
1921,atf5,pou5f1,1,0,58.12799271234652,2.3065408484364798,715.7919020777584,408.98914757006247,702.5460181178166,4220.632639130532,13.16319691622256,53.76208409633531,2.2936057974857564,0.9814947837192731,10.319669028400101,1.2961357844139123,0.2800589912498142,1.0,0.3572336925686996,0.22198719429790348,23.017779313118925,125.25520472474234,1.0,0.0
1922,atf5,rarg,1,0,3.6420449559915467,0.8387619769953027,138.90480709750796,1.2175759951921072,131.37775689521592,2.0214691841474486,2.21587653033815,3.548991400122876,0.4966384235870543,0.9458114491530288,1.6602406684508464,1.1963551843419178,0.8154239028121792,1.0,0.09310471114261056,0.02319418559116211,1.8651278787268724,0.46816925397430786,-1.0,0.0
1923,atf5,rbpj,0,1,42.8108312149912,3.8760702054824083,11.554021320976267,53.70048344422583,17.32190026625187,18.717616339450668,1.3232476125817527,9.098475091042976,3.6151320408045966,1.4992096504793573,0.3485558255521308,1.1735617073693165,0.5751860027599232,1.0,0.11029116564161351,0.028705570509142356,2.2545190918737466,0.5884985524857842,0.0,1.0
1924,atf5,rela,0,1,7.563848608632219,0.7246430495201261,267.40221427744297,3.6864621908503876,277.5368998337161,1.6135880627831833,3.1697124993154375,7.355780001278258,0.6056008774105074,1.0379005296708497,0.43770639145249535,1.3217981495008524,1.057229095690634,1.0,0.1330004738206592,0.03462460206444321,3.683246572617292,0.39281568730792643,0.0,1.0
1925,atf5,relb,0,1,24.904816597889155,8.543166404059452,273.8988893020065,307.51228704933544,263.0183661021192,17.65305087749745,12.331146196465497,22.829039498985672,8.312239547996795,0.9602754022565961,0.057406001714218655,1.2284690839719463,0.6457561026788838,1.0,0.2236551774720998,0.050203021469690974,5.205498474382042,2.9736854418767185,0.0,1.0
1926,atf5,sin3a,1,0,2.4686627826925784,0.00010000000000008123,448.0183713148691,351.21854683054653,406.3286147004898,5.731535801550904,165.23037954423177,2.455134544422947,9.999997152778886e-05,0.9069463234464562,0.01631900095616595,1.246958801934619,0.6325230452754759,1.0,0.21276716464399503,0.05069623683059092,6.346633257017521,1.8388497441321832,1.0,0.0
1927,atf5,smarcc1,1,0,38.653592191968905,6.897800729977397,176.14092321247242,216.18190673529392,168.6626773123233,88.78067106614097,5.734216033498638,31.697640888790765,6.684515283931687,0.9575439610298375,0.4106757702662385,1.2039981768108314,0.22993141057769645,1.0,0.24381231961974423,0.08928705575402723,5.922437726906707,9.888507376672038,1.0,0.0
1928,atf5,sp3,0,1,12.0374433633246,0.00010000026352319225,624.078488927301,196.54890478888913,642.1403877557318,15.640796613771178,40.13961206474073,11.809654629589433,0.0001000002126450272,1.02894171029589,0.07957712423058665,1.2961266467870085,0.5769126931655538,1.0,0.11381530271582474,0.04026496356433573,5.3165758732987145,0.6041079849392255,0.0,1.0
1929,atf5,sp5,0,1,44.569688803441096,31.57837690149984,324.676576209363,929.6583760231945,342.9002008061305,124.02912007639513,5.136623501142424,39.189926438162466,30.54096974379485,1.056128547397938,0.13341365309583428,1.310697887122255,0.9241399540110004,1.0,0.1613141946759089,0.09200421192114738,7.939965289440677,11.831413812044374,0.0,1.0
1930,atf5,srebf2,1,0,7.4394024568621075,0.6833487695428433,509.54437935511135,2.4143951473305476,449.3491395880132,2.768493155302404,2.9036463210405827,7.332349371519298,0.5326050175199083,0.881864579012171,1.1466611661986488,1.2262963619582652,0.6790504829759664,1.0,0.21802655002557556,0.04441970397703148,5.620539318975971,1.0549273523064309,1.0,0.0
1931,atf5,tfe3,1,0,173.3792860848065,4.911676954982454,46.377466396739116,203.47821760941412,50.48120071129078,25.0945565396438,1.28674631571063,36.58996560282704,4.7959104464358955,1.0884855218145382,0.12332797502587706,1.1843082149493513,0.918247054419481,1.0,0.129096332545386,0.024800892655616393,2.0985918738518685,1.2868059042775533,1.0,0.0
1932,atf5,thap1,1,0,165.35069191776066,2.186477257274505,310.53081828974797,467.2039552493149,320.82761736675883,68.1329426033581,2.7899716899985094,107.89762696098141,2.1762923824549447,1.0331587026811722,0.14583126242371,1.2906430733879177,1.053615162896323,1.0,0.19316389604614553,0.04100274189805013,5.5811306453732055,1.1494119555760185,1.0,0.0
1933,atf5,trim28,1,0,15.579350656195933,0.9859103464132655,703.789659812585,269.8075151002884,703.0468514816966,339.92628494955846,46.19876870510778,15.241949178878269,0.9823208234787213,0.99894455918678,1.2598844210221745,1.276377077052665,0.24754998521433563,1.0,0.31009168641098117,0.12982266768426698,12.763014066056652,41.496175354858295,1.0,0.0
1934,atf5,zbtb7a,1,0,6.152720992863571,0.00010000003308707761,325.586633828997,5.53163116201332,324.53134416426616,3.50722900436983,6.933577049959013,6.038607382085157,9.999822533353274e-05,0.9967588053221955,0.6340316086970125,1.249676647481084,0.7536445395421347,1.0,0.10442691895834151,0.038302570917377064,5.676455211268639,2.127556999420786,1.0,0.0
1935,atf5,zfp110,1,0,3.9049743035812687,1.2068174498103956,576.6067194205868,0.43723469186423314,618.6819612450281,1.8609716305852106,1.364711196291296,3.878706401527817,0.3209523849205609,1.0729704327183722,4.256230498661039,1.306584185498464,0.6784094674556211,1.0,0.10255381470651043,0.027987467049239007,3.864869412935205,0.3934827842408915,1.0,0.0
1936,atf5,zfp219,1,0,15.87667817834886,4.191823220689445,305.4964630781163,243.8813787204525,295.88870181330964,15.560551420484613,19.980465686932362,15.092328531102822,4.120991781517389,0.9685503355161598,0.06380377010382904,1.245849591168656,0.5446785123966942,1.0,0.15741384130064487,0.043751814731265055,8.199805459278172,1.1624029468342019,1.0,0.0
1937,atf6b,bclaf1,0,1,0.00010000001024002003,12.602271021139178,4.701853129662183,63.756955575244895,3.2500429065431895,113.54837538082072,5.340039177028743,9.999788346381188e-05,10.522401410493266,0.6912259521761577,1.7809566714146634,0.6747251687979328,0.29983340609896303,1.0,0.3790503239343529,0.07681671597323766,2.830906689466876,11.826131532145537,0.0,1.0
1938,atf6b,bdp1,1,0,1.2496285210823839,5.236068428156129,20.983478043963444,21.400740564318674,3.6972626111361024,12.458927191875139,5.278597735765844,1.1793922076758896,4.206800523277626,0.17619875043545205,0.5821727128755457,0.6950284337021362,0.6482049808768204,1.0,0.18219324472584486,0.031941280642460865,0.8395835942192931,1.3411902850847492,1.0,0.0
1939,atf6b,ccnt2,0,1,10.179419159219618,0.8517288329486126,0.7154849250655786,10.004499609866656,4.234160280222466,2.9167878948973476,1.1614058700586345,0.6684979416065422,0.7849061782212142,5.917888877720769,0.2915476044419801,0.7095744631355952,0.5106397037110337,1.0,0.17527305488218237,0.03775379647098853,2.1119879837737123,1.1929889613278744,0.0,1.0
1940,atf6b,chd2,0,1,1.4162421799060898,9.674123439790923,13.102062553816152,0.00010000000000000026,3.8303311225678907,5.598364477580899,1.10810486033265,1.2780895547248359,9.999896632530147e-05,0.2923456598405764,55983.64477580885,0.6951995420314918,0.639224677836094,1.0,0.31388028269046414,0.05698853675519411,3.6304456284827875,3.164709324825847,0.0,1.0
1941,atf6b,clock,0,1,2.1616833108121276,5.802609456594776,3.6469114842397112,6.00930856789784,4.322678351537136,1.7040280261003282,3.242223443291674,1.3572073745281303,2.9520752388711102,1.1852984011862588,0.2835647407429482,0.7120289257201098,0.9067433311339428,1.0,0.2126593291723699,0.03236215982543993,0.9342681001032441,0.864989555510268,0.0,1.0
1942,atf6b,e2f1,0,1,1.6879713541370844,8.784699351177505,23.150785019004235,11.205158834364372,4.818056687154493,21.664271956127514,2.441445119592866,1.5732616138592526,4.924194590498706,0.20811634176549093,1.9334194433448608,0.7166296755218473,0.6798280809650062,1.0,0.3283078312220664,0.06118628197130086,3.495451865396502,3.5067689255806567,0.0,1.0
1943,atf6b,e2f4,0,1,9.999999999998899e-05,14.061697381519032,5.1545416864415,235.76837021533112,3.2894772462901702,1278.666286678998,5.174373007159943,9.999806000093411e-05,13.27023406746951,0.6381706553936322,5.4234004566056555,0.6815216752061661,0.36715004000489077,1.0,0.48694003425635735,0.11818177976009327,5.824418992040304,33.02401354993741,0.0,1.0
1944,atf6b,e2f5,0,1,2.8384703230119586,5.35270832153181,1.4369802064109187,2.644733297458686,3.8168865057138004,2.4847900827830967,4.161023881397597,0.9540107276609215,1.770126823548644,2.6561858602402517,0.9395238775761328,0.7001563257960419,0.7591633532694044,1.0,0.24044681129541712,0.047513895459032104,1.8653585158053967,1.0835254886748085,0.0,1.0
1945,atf6b,e2f6,0,1,1.9106802791378976,2.6568222426285377,3.148059711687965,3.1751239268343157,4.647595186727507,1.5727376299301732,3.527365361674815,1.189018534176287,1.4464708052496382,1.4763364142910438,0.4953311008235937,0.7148383026761406,1.2385058538154996,1.0,0.14277163636475676,0.023898680205012953,1.078956167450989,0.264610751541131,0.0,1.0
1946,atf6b,elf2,0,1,7.082466120617659,0.0001,0.38201908779535654,7.430637073317567,4.025815173389038,2.3077111358691713,1.0539528660209623,0.36246802976987974,9.999865423848248e-05,10.538256600271302,0.31056706351005303,0.7015111641348636,0.82505906340011,1.0,0.18061629053018738,0.02461375029006056,1.0010267852157417,1.1492593531647,0.0,1.0
1947,atf6b,elf3,0,1,0.8348679262247564,4.342685908133292,13.334280458582704,8.37323784204489,3.6500897166455046,21.300773372603683,3.1114560048536792,0.785676229214499,2.8595910683710435,0.273737283986411,2.543911181603515,0.6936736525929883,0.7066852140684524,1.0,0.262446064888322,0.05561385293856956,2.0363388470876274,5.666245953694224,0.0,1.0
1948,atf6b,ep300,0,1,5.060827681386802,4.631965367008849,1.3303091151259907,0.5533830058659389,3.582807266579469,2.3702517913844163,5.357741880771102,1.0534065235944008,0.4943256910704348,2.6932141002733405,4.283203073205011,0.691170532470922,0.7830685659306333,1.0,0.24380617438383678,0.03179933308237569,1.523346755158298,0.9575237868735804,0.0,1.0
1949,atf6b,etv4,0,1,0.5582132445792846,3.342790828091413,12.802418742690763,8.9942320416231,3.6029182868387446,18.10786832761729,3.8243519692997534,0.5348908428605167,2.4370414719965052,0.2814248119243674,2.0132756464163384,0.6895675540209399,1.323965650475839,1.0,0.21721659983021868,0.042641029672016904,0.9185549626917742,3.9888494254070244,0.0,1.0
1950,atf6b,etv5,0,1,3.186751007100047,10.459073039709585,27.969236851292898,9.28571376631949,4.075524725179057,11.669149709083879,2.1029083515457323,2.860798190986163,4.918764606671607,0.14571454869676442,1.2566777312703117,0.7053879065540872,0.39186314143431955,1.0,0.33817424520353623,0.05897575814771728,3.204073988458341,3.1700292475650462,0.0,1.0
1951,atf6b,etv6,0,1,6.89328302162066,1.245475000976012,0.8187013947017129,9.692313568517898,4.844818496095953,2.366011443684442,1.2625305039383348,0.7317883594175775,1.1036540132872756,5.917686872710315,0.2441121438094621,0.7170449722323515,1.0977711687494633,1.0,0.2093847460012833,0.03713477486293413,2.1695328188400795,1.0911292128679813,0.0,1.0
1952,atf6b,foxm1,1,0,2.495135465971342,4.030025903011006,2.5145580944140566,3.214466781558986,4.336028479265999,2.300716108982798,3.569543923234308,1.2524045646686526,1.7881699876159183,1.7243699753440702,0.715738026033348,0.7122616826271168,0.95263629735596,1.0,0.2303087345513322,0.04191962552992167,1.5018560948631776,0.7092510906157776,1.0,0.0
1953,atf6b,gabpa,0,1,1.2781059134079755,10.159852861827902,15.13053647023346,14.395143161087896,3.524825470459758,12.048165788461692,2.621023626317245,1.1785513806382808,5.956121365489611,0.23296103726356313,0.8369604701834147,0.6885117318922145,0.5650832528784258,1.0,0.22202284775998707,0.035069193721779746,1.5447398638502694,2.149183470442618,0.0,1.0
1954,atf6b,gtf3c2,0,1,3.2061409151087457,10.143807785512688,25.972965649158958,7.957488701142014,3.793595451781122,9.105208850629417,2.004744910677767,2.853856668677353,4.459306873365915,0.14605938740399343,1.1442314519809105,0.6972678523205122,0.40654607645721574,1.0,0.2978502240486089,0.04849264220004143,2.079233490538433,1.6208434694865748,0.0,1.0
1955,atf6b,hdac2,0,1,1.168230578470652,16.159229465100076,15.928125594601397,32.82244057506764,3.568814570417526,95.1093723958708,3.2535077987013747,1.0884028847411853,10.828241430359226,0.22405741022202405,2.8976934904748415,0.6888225425712053,0.2312712480676349,1.0,0.3921327088008987,0.0864895515013535,4.073965895368559,12.143785253238747,0.0,1.0
1956,atf6b,hes1,0,1,0.4676954981916468,4.089821013778516,6.45748792941749,2.4783099164726767,3.435145494010169,10.7703770040898,1.7222859589175885,0.4361094642164788,1.54318543322004,0.5319631304862606,4.345855589933255,0.6869711963265385,0.6432225715985382,1.0,0.22912617558819198,0.04422686717953286,1.699987301739973,5.813597274981572,0.0,1.0
1957,atf6b,hsf1,0,1,4.917335772910216,4.695645818501872,3.3230574792075362,3.2280292520620577,3.5436101725070124,3.3551214492048405,4.1129876298494645,1.9829866024591227,1.912961084908313,1.0663704117907922,1.0393714515014374,0.6918603381523398,0.7981167497672312,1.0,0.3351008544948671,0.06260458993995136,2.0612243348808783,1.6127758660902698,0.0,1.0
1958,atf6b,id3,0,1,1.1832624485031156,6.850905088363407,15.347671111279746,6.635243898646442,4.122331498300207,36.28927183025436,2.1202884960115016,1.0985660811156237,3.370675070515292,0.26859654917093617,5.469169239981849,0.7042406017791353,0.8550286360133873,1.0,0.34579557223273927,0.07613162857905618,3.2172035162143873,10.973153043308955,0.0,1.0
1959,atf6b,klf13,1,0,5.055568418794322,30.05403932779295,92.5620040718531,105.91161761002026,3.8845947475159015,159.9786955660383,4.771134187051885,4.79374289512071,23.41085236235473,0.041967487485474145,1.5104924197749463,0.7022506140036809,0.6102184113711411,1.0,0.37385063016379755,0.07835460660446915,3.9262994563491427,6.565307531739867,1.0,0.0
1960,atf6b,klf15,1,0,1.3697286351158713,13.085923607940563,17.186966341441824,13.503700631171911,3.507173363024284,44.89972944034109,2.1938616555160517,1.2686246111381911,6.645765028303111,0.20406005884631676,3.3249944342438,0.685453125,0.5812753680720807,1.0,0.3966836866346697,0.08105213750420921,3.5270608064470315,9.748582338688347,1.0,0.0
1961,atf6b,mafg,0,1,2.2977985301463457,9.040410832716987,19.646318348772702,5.314647627690121,3.520288334583639,17.976526261001943,1.7735927736407673,2.057192899294329,3.3470151388070914,0.17918310556153386,3.3824493212572575,0.6897681901216627,0.3674027287484447,1.0,0.4113667531755167,0.08307529354358935,3.6067055532125756,6.709847898591206,0.0,1.0
1962,atf6b,max,0,1,0.2553097930804564,12.040367849075713,5.033339762566975,29.802118225368478,3.1933063778378705,41.54224189437207,3.6514576830892986,0.2429847014371313,8.57569661316656,0.6344309203178652,1.3939358800009738,0.6765109599395313,0.4464463876899983,1.0,0.34118143515083205,0.05693132339560483,2.0883449351684593,5.034808822033729,0.0,1.0
1963,atf6b,mitf,1,0,0.6498940333352216,5.51418317495398,33.673812118693164,52.3596532497499,4.057407495662946,32.406987721844686,10.338589322591636,0.6375887696584505,4.988795228251929,0.12049148107619745,0.6189305259006749,0.7024024850056902,0.5377907702680766,1.0,0.17727703323443936,0.03983383259378167,2.7324561707734345,2.1793954595669174,1.0,0.0
1964,atf6b,mlx,0,1,1.8563458668388744,23.335006998634775,18.892968620535864,41.4898529818867,3.6061245523454337,27.043548904524066,3.050964904303889,1.690267128217097,14.935103754879961,0.19087125082215653,0.6518111528698479,0.6923453125,0.5619935737842219,1.0,0.3774324707875038,0.0700317668661423,1.803079856776648,3.3116058106482322,0.0,1.0
1965,atf6b,mycn,0,1,1.0553053518062523,6.832894508843294,13.011611429168799,8.284115902683146,3.4075917768869854,35.04862667067306,2.391823929191815,0.9761359500893736,3.7444235679632265,0.261888528983275,4.230822827976265,0.686391935157543,0.5564469253882445,1.0,0.3152841964624875,0.07479451793669482,3.352391680181233,8.94639699991447,0.0,1.0
1966,atf6b,nr2c2,0,1,3.1578435895424164,8.875242660888697,31.158484334095036,17.086723899484603,3.871534454710682,4.737592480427362,3.2216762802473986,2.8672537525935358,5.841191595978687,0.12425297755816295,0.27726745678674336,0.7009446463641402,0.9402929651545036,1.0,0.1994276798947868,0.030223089106495155,0.8390698691399074,1.4170179733973218,0.0,1.0
1967,atf6b,nrf1,0,1,0.15451789319555065,20.995339290991506,12.914020508973358,146.11503635892933,3.5785131599754627,173.84636095663964,8.054638705518569,0.1526909268904565,18.3575361609974,0.2771029484960875,1.189791039230136,0.68625,0.5138967962320791,1.0,0.382112023799108,0.06558183631395642,3.007223062103308,11.33170773373245,0.0,1.0
1968,atf6b,patz1,0,1,0.8965603048219293,16.942793170603057,10.349156798493713,35.4996381039149,3.4519958964057493,25.721031773780854,3.363411579848438,0.8250823925823092,11.46901490660185,0.33355334773825984,0.7245434924854725,0.6855832737862663,0.4572710664615667,1.0,0.3208125471058344,0.05586858465883106,1.9691281931287092,4.495892304924448,0.0,1.0
1969,atf6b,polr3g,0,1,1.659800166501953,7.801278387904112,15.863716646217116,3.9219332412106294,3.7583169195424,9.407482044299366,1.65995865352718,1.5025864849012196,2.609872959852864,0.2369127615777614,2.3986848999488446,0.6951436845622633,0.6557534575361754,1.0,0.33798509263487925,0.05541892567023877,1.6853014927533443,3.480153317258768,0.0,1.0
1970,atf6b,relb,1,0,0.0001000000331821127,15.42363342736321,9.292951704848715,119.47577683333064,3.488249639518687,83.7475761628696,7.759492380238328,9.999895710861673e-05,13.660182663257162,0.37536508854325035,0.7009586242715787,0.6841422006082052,0.668355542729917,1.0,0.28123344521464205,0.05468780691955152,1.9289666897113698,2.4442192480883977,1.0,0.0
1971,atf6b,rest,0,1,2.1747211210346045,19.65509223939563,35.40779973999332,49.554233686967166,3.7491712557210586,209.70543383666046,3.7374596161829508,2.0488803885365807,14.0731472375011,0.10588546261705008,4.231836883229077,0.6973578125,0.3006261889783058,1.0,0.4423740108234998,0.11000281553292739,7.289071187047998,28.29127620547964,0.0,1.0
1972,atf6b,rxrb,1,0,3.803392080159972,3.7210712037739415,1.683747926839358,2.0461956008726423,3.502192754689891,2.1740537518509986,4.058109920228148,1.1670840404578304,1.3202162801904034,2.0799982579720355,1.062485791154975,0.6886553790491265,1.129970209455171,1.0,0.250115132249269,0.03430700160948397,1.0273235834130543,0.8054976005460999,1.0,0.0
1973,atf6b,setdb1,0,1,2.4428986361019414,8.6336546835493,21.529243630007393,5.921378023769371,3.7189271189534048,11.45871853051804,1.8771405602424007,2.193953269433329,3.512402488953269,0.17273840097986423,1.935143894634135,0.6937783126476212,0.4438259340221751,1.0,0.35918682298505755,0.0606878803458356,1.8600916744468692,3.8429219333159166,0.0,1.0
1974,atf6b,sin3a,0,1,3.6761896775003446,3.3041554601536425,0.00010000000000007605,0.7336584096338705,3.427487402924836,4.974280610313213,5.498713351252751,9.999727986622446e-05,0.6003549242865319,34274.874029222294,6.780104398715485,0.6836696043029215,0.6151156087458869,1.0,0.36480370690911035,0.059189667152299646,2.231675726309254,2.306435951219659,0.0,1.0
1975,atf6b,smad1,0,1,4.737644480234428,4.229020368778663,0.8907915428530713,0.4875042852246355,3.628143511995794,2.164672224088308,5.985004564333012,0.7498092931546423,0.4371153981633411,4.072943373906982,4.440314248911383,0.6937648039981038,0.9615402017155245,1.0,0.28345662532365024,0.04427959754251854,1.4766479339344467,1.4051928270137264,0.0,1.0
1976,atf6b,smarcc1,0,1,2.3433752574944937,8.189777577749183,23.385060684191863,11.121416951107298,3.870426884550492,46.53681065309364,2.5942505418630755,2.129937969278308,4.716535325811959,0.16550852430187935,4.184431791172098,0.6979962192816633,0.2212719511378023,1.0,0.40853681448809753,0.09087853543789899,5.057059277901135,17.91848660828766,0.0,1.0
1977,atf6b,sp1,0,1,13.318539131127693,0.00010000000000000011,0.4968416490484536,10.670149177398816,4.557074125348222,2.620384993905976,1.037314243642959,0.47897376482890336,9.99990628147635e-05,9.172085581142174,0.24558091460018153,0.7170198961937717,0.9474230564206155,1.0,0.17225837198030486,0.020577932255700676,0.9624338619192122,0.19791090172139936,0.0,1.0
1978,atf6b,sp2,0,1,0.9663487415897272,5.016397198296277,14.334195146570856,12.269314128085922,3.691915025754773,11.713286448266624,3.678145207132089,0.9053162778290998,3.5606144204901944,0.25755998073166897,0.9546814374451067,0.6947539194407995,0.5937863127921266,1.0,0.18516138714196895,0.03880470572528969,1.2475910122797416,2.1798298116997454,0.0,1.0
1979,atf6b,sp3,0,1,15.100304122159061,0.0001,0.5151052422833374,11.7235503925495,4.713905149677317,4.662414777731139,1.0341210685730657,0.49811347444457926,9.999914702335321e-05,9.15134376963766,0.39769648456445217,0.7166435787602341,0.5461407513955052,1.0,0.21828641026361098,0.040659693199081984,1.842818929214831,1.7569511528984187,0.0,1.0
1980,atf6b,sp5,0,1,0.7901105217776704,4.873033385205764,16.875426584184776,11.999544773591168,4.383501353343813,100.63266431482946,3.624550555202634,0.7547719621358535,3.465634103967339,0.2597564767608257,8.38637350112679,0.7136929095582685,0.9061740310466089,1.0,0.2651187360767112,0.09833381173257116,5.3746555323642,16.01683046579578,0.0,1.0
1981,atf6b,srebf1,0,1,6.564543980243093,0.7163044927590347,0.0014049514619994966,10.023409905482835,4.193286954187411,3.2283148796238956,1.0716926689132837,0.0014046508369670596,0.668529281303619,2984.648984399515,0.3220775075613737,0.7082744560615397,0.5287572528021212,1.0,0.25887789910737485,0.050476609095663635,2.1366132125116657,1.273656198734842,0.0,1.0
1982,atf6b,srebf2,0,1,4.769645401873682,5.5228979860048595,1.7539911587378185,1.966683981981039,3.6976876230301516,2.7867231059703466,5.022724817159226,1.2824006652536049,1.450253839215549,2.1081563636221676,1.4169653749675037,0.6946517412935324,0.67563177053638,1.0,0.28807178304412745,0.045243773617941276,3.1910960917382996,1.606951096718276,0.0,1.0
1983,atf6b,taf1,0,1,1.4902159761193459,5.7339181618952875,17.609151612046904,10.722597610553949,3.6235123799501157,14.987281206447937,3.112912957871411,1.3739428249152565,3.736057986513862,0.2057743870789988,1.3977285869327392,0.6896739964857812,0.4794061550057487,1.0,0.26360064243114584,0.04554770980754961,1.9410656729925426,2.569086508862529,0.0,1.0
1984,atf6b,tead1,1,0,1.9816992115155194,9.831663111619731,15.39356854156826,0.00010000000000000145,3.7431876244750915,2.3613708791893786,1.1287475862318426,1.7556807224350135,9.999898288843292e-05,0.24316568405611194,23613.70879189344,0.6965729855340731,1.0420224087887393,1.0,0.2181926694742749,0.04038458476825425,1.1370456674506695,1.3894454407229218,1.0,0.0
1985,atf6b,tfe3,0,1,1.6163420924853813,15.912165436239208,20.90178022452656,19.8802582855414,3.60233100575039,10.62505803206699,2.4233198208672198,1.5003216835383046,8.838126225081545,0.17234565510947933,0.5344527158278636,0.691946907097539,0.9036745302409461,1.0,0.27353214045983415,0.041070314095550044,1.0091840676211064,1.1035960992106493,0.0,1.0
1986,atf6b,tfeb,0,1,0.656557715453192,5.286992760637827,8.154852424280536,2.168687309036201,3.4578951179682846,6.044766870189754,1.5237295605497485,0.6076361436633058,1.5378656267184525,0.4240291470723161,2.787292960586441,0.6852909215394375,0.8856577080505059,1.0,0.23879081432553453,0.039594898305025314,1.7087637610140425,1.4018769000276903,0.0,1.0
1987,atf6b,tgif1,1,0,0.292911104746739,17.47671033977339,9.150184667243746,75.84228265548602,3.4523193816635223,161.4146141051832,5.510549284227975,0.283825428041178,14.203685262061095,0.3772950500138314,2.12829319547791,0.6865905552345765,0.3339913095957813,1.0,0.456214905496983,0.08964264628514007,4.516961622680434,11.293912820768242,1.0,0.0
1988,atf6b,thap1,0,1,0.00010000009519095521,15.095082721278013,6.925760476915635,144.47997341986485,3.371551774513091,56.84193433204962,6.292922669061284,9.99986513242947e-05,13.66715577660137,0.4868132222809127,0.3934243133258654,0.6833737729639331,1.0474118903524388,1.0,0.2633107731505126,0.0411086484079976,0.899742627495484,1.6431037846472079,0.0,1.0
1989,atf6b,thap11,0,1,0.3522316898977132,12.822886321917407,5.759708724429668,29.917706015103704,3.2247768314644016,31.512565429052454,3.536986015303367,0.33193254511590786,8.97580782735023,0.5598854014590333,1.0533082119713189,0.6789435676903727,0.4861019591171573,1.0,0.3234406658502841,0.0550220881259513,2.715492964293064,4.063193907820757,0.0,1.0
1990,atf6b,topors,1,0,0.5719789879308577,13.81845899062525,6.642559932716464,24.48682827352069,3.2948385357675556,37.442905469789736,3.010733066114612,0.5266316738151756,8.833512459384316,0.49601939149085505,1.5291039350441051,0.6797733473641354,0.2886341334179047,1.0,0.3317506279668052,0.05766995064286691,3.1314422320104733,5.678025191257391,1.0,0.0
1991,atf6b,trim28,0,1,2.6429732817024663,7.260953070313957,28.937587865240825,14.266897128696893,3.706357947561513,144.1683084293387,3.2356725209318355,2.421783172530856,4.811965410054035,0.128081095246142,10.105092027288398,0.6975648807877336,0.2344223926313387,1.0,0.5307796576717262,0.15133743989591228,9.490410031102867,45.785069091951236,0.0,1.0
1992,atf6b,usf1,0,1,2.624826925780825,12.043078761322278,21.046921603773633,1.9205548284678684,4.389448494062345,11.730038206749812,1.3040753806987218,2.3337746453925754,1.6564021761204017,0.20855536865188556,6.107629958217598,0.7094615706551409,0.4385573198189153,1.0,0.39529897761507293,0.07317321802409518,4.326064562699695,5.188792725848971,0.0,1.0
1993,atf6b,usf2,0,1,0.8096509410955277,15.063819736727307,5.792333791418021,15.173599263389304,3.1580804351938574,11.53872304861713,2.2878661523128487,0.7103573690900536,7.559255109047277,0.545217273195288,0.7604473301504434,0.6723536373308964,0.6790434673661785,1.0,0.3376302444663188,0.055742658029230355,2.7174932767491597,3.2215237071725547,0.0,1.0
1994,atf6b,yy1,0,1,0.013004331006694255,19.838049888696393,11.782519165255364,159.29819736126032,3.5493840087113853,225.24512635518613,9.039898598605976,0.012989993989351594,17.641128665727646,0.30124152220162836,1.4139841510219338,0.6913292579076145,0.47966031084762056,1.0,0.3869378992414639,0.07351215213945683,2.8947913827895597,10.291730236900428,0.0,1.0
1995,atf6b,zbtb7a,0,1,2.495454494190518,2.4590373315672616,0.4472950010594978,0.24395401162780636,3.6256538615617964,3.145311271777788,4.908212336318311,0.37930660507276504,0.22193634592601685,8.105733024008295,12.893050008853713,0.6905421448357736,0.7309109375000001,1.0,0.19073087758120696,0.031108013049106303,0.7096925667001301,1.5505321593026948,0.0,1.0
1996,atf6b,zfhx3,1,0,2.7793485610422164,2.8164980568094786,1.1198081320556792,1.1305366296047346,3.938669511598848,1.9781378303634645,4.879644452585955,0.7982077575855407,0.8067206075978016,3.5172717529461637,1.7497335146540751,0.7019767934159665,1.1514969188093707,1.0,0.2323491546911021,0.04796469698510149,1.5094927857616511,0.6440155348262704,1.0,0.0
1997,atf6b,zfp148,0,1,8.12708660905216,0.012410009762639767,0.0001,8.469942002363993,4.560865331811358,2.9747078469232346,1.0014775049022062,9.99987695619061e-05,0.012391853437355382,45608.653318113575,0.35120758159772314,0.7133682110730549,0.8266135449712994,1.0,0.1911296745631889,0.033643790188308965,1.037332181533456,1.0641487111084789,0.0,1.0
1998,atf6b,zfp219,0,1,0.3664754258477645,12.802610644162785,6.686537011833877,32.93503753321794,3.297500085563676,21.983044332668978,3.768327997426591,0.3474333159781204,9.218979962708346,0.49315513841136877,0.6674668067554836,0.6826564886967671,0.5462139534133731,1.0,0.2548863120156401,0.03870241917906634,1.7155695981094476,1.9252880897299187,0.0,1.0
1999,atf6b,zfp281,0,1,4.051707045384443,0.9081869812242289,1.7956825419955287,6.329933779296321,4.40440320203621,3.3436471410677067,1.6502534576624235,1.2442440336760738,0.7942342550740976,2.4527738612091365,0.5282278231731217,0.7104562572884248,0.5527680959714678,1.0,0.17905249696093736,0.035102672042721,1.4348463268957434,0.9842460315656065,0.0,1.0
2000,mafg,max,0,1,1.6569524340712942,17.110642261840344,32.34037271173457,12.2385793730462,16.812580674317516,23.51381095036052,1.80314231235995,1.5761963346722951,7.135110976722205,0.519863540973266,1.9212859788405243,0.36227955331811756,0.43442520764588016,1.0,0.46093117284983043,0.10192800051017763,9.989501388111893,7.87711767960881,0.0,1.0
2001,mafg,mitf,0,1,1.0928274658906443,12.504173620419296,35.3731835965509,37.761243062492476,22.242084036066945,24.350065465734165,4.144082605999612,1.060077191445765,9.393598432792452,0.628783778405393,0.644842793586968,0.3747313986616925,0.5280652595130102,1.0,0.18725472564417434,0.05830710327465528,1.7982154737610436,3.4256475335223553,0.0,1.0
2002,mafg,mlx,0,1,3.441911428612672,31.54212756436183,70.3155110280288,28.972773837361732,27.724880175494746,20.48396057840324,2.0124538980214526,3.2812936373743913,15.101452817461594,0.39429252195071446,0.7070072300770949,0.3797695115791008,0.5539664837471326,1.0,0.38203864836224327,0.07601753742096853,6.221196255859006,3.9521531041019147,0.0,1.0
2003,mafg,mycn,0,1,1.6144578679919048,16.869332637618943,21.49927098470703,5.204476189541441,19.374290930346238,32.86017121874122,1.399551511390328,1.5016905069082942,3.9773851777639204,0.9011603669783805,6.313828716283643,0.3696206792552526,0.5498564277496037,1.0,0.38065994677518183,0.10988979024405482,9.224496834782409,12.797436339730178,0.0,1.0
2004,mafg,nfe2l1,1,0,0.00010000000000000002,1.5240710094793866,11.714001225961153,8.365663944037403,17.939912770932022,1.5449457141381306,6.489080462093974,9.999914632801895e-05,1.2892019808499051,1.5314931614632832,0.18467699927622425,0.36681859464393546,0.8187733638854003,1.0,0.22530991671655004,0.03976620269318959,2.011814350453884,1.5654265557721625,1.0,0.0
2005,mafg,nfic,1,0,1.6797091279537597,11.586488018332862,56.10963580346446,62.73634504035588,20.19308904213264,16.187799061212782,6.602261860934746,1.6308865853573777,9.780223387745334,0.3598862967648389,0.2580290428267664,0.3713069146894381,1.2516659725114538,1.0,0.1771293799917963,0.03775041069924342,3.231923253708614,0.8753916781337263,1.0,0.0
2006,mafg,nkx6-2,1,0,1.3773067811118105,13.911630716948935,32.42162600148777,20.651052425938804,19.615540552278553,149.71790374535658,2.5899871232420812,1.3211815187700013,8.312138675064965,0.6050140900206062,7.249892192288614,0.36908208720340185,0.4942101169935191,1.0,0.3736318966531986,0.15572542103669976,16.434572976696856,37.647093265905994,1.0,0.0
2007,mafg,nrf1,0,1,1.5649349520523466,14.190007680750153,33.66375373582368,19.263158912291836,17.108374032926214,29.48256201264397,2.4671101495818277,1.495417138719774,8.170956616638662,0.5082134977336212,1.5305154334697995,0.36489539244858427,0.4851011302795956,1.0,0.4034947992553565,0.09737107902965436,7.598468480782332,9.254257634623807,0.0,1.0
2008,mafg,polr2a,1,0,12.860339464749673,1.0180609754752679,9.127595746357116,22.794408461914788,23.917739633489006,3.81612729767138,1.7861096864595993,5.338563110549069,0.974535537993415,2.6203767452162565,0.167415061638797,0.3754409320389801,0.7717833405479092,1.0,0.29109687356353614,0.060682077535157565,5.517857623375553,2.7375552825560745,1.0,0.0
2009,mafg,polr3g,1,0,8.566524502963203,2.156659062956847,3.6125468135517407,16.421473301348758,15.624352384577888,5.560428554953094,1.6084207602117095,2.540995942311975,1.9063013723867082,4.325024197877874,0.3386071671472008,0.3589297269847549,0.6234105037193841,1.0,0.369156358143826,0.06935511791399561,5.540885049808842,5.1839885717004615,1.0,0.0
2010,mafg,pou5f1,1,0,0.9474367083793309,7.73895763211673,106.65602165698229,122.5981338925343,13.481382648875925,2999.8183280414464,16.109320864272675,0.9390946315537259,7.279445573568375,0.12640057672724342,24.46871116872785,0.35020388603063607,0.2567338492725891,1.0,0.5620220100164746,0.32688288016617223,29.41473753877532,232.36570408605223,1.0,0.0
2011,mafg,pten,0,1,2.2119598249299304,19.675668114283123,25.459079685594318,2.5202126243454397,17.181199724613037,9.107880573164458,1.2260993675417757,2.035140798480159,2.2340571999807577,0.6748554911171746,3.6139333979925583,0.36429344787328055,0.6308144251002886,1.0,0.3886713742462377,0.07984900871864335,6.6554748748044315,3.1783358978090757,0.0,1.0
2012,mafg,rara,1,0,1.380406545368325,3.0662506430023395,8.852073763692676,18.226349244669063,17.59811859111091,1.529456977194634,4.708302730989878,1.1941836382195716,2.624693808453636,1.988022135930529,0.08391460937477524,0.36494007114739163,0.995901563852714,1.0,0.29282423279895764,0.05034283461234119,4.392641708216876,2.3233406785346973,1.0,0.0
2013,mafg,rest,0,1,2.179913811776814,17.9952177507899,45.73074609665353,27.397491227139383,21.20198357487933,127.39606427659646,2.6427304059889423,2.080728698571159,10.861299789299773,0.46362645232308686,4.649917148267962,0.37229939859550915,0.2894457241259022,1.0,0.47907954579145184,0.15534455358085839,16.634473825089284,41.0433442015418,0.0,1.0
2014,mafg,setdb1,0,1,15.050425800838546,1.3519356439161476,5.481059649693726,22.08347045315036,20.864678373467836,10.121295781446355,1.4476938974417717,4.017842828101215,1.2739455302513474,3.806686974230198,0.4583199820389862,0.3721587080441623,0.44108338081671417,1.0,0.3617176527192779,0.07466122275385391,7.172534572812798,5.227204853015145,0.0,1.0
2015,mafg,sin3a,0,1,11.065698167654618,1.865187423969993,7.8019326371060655,10.9488195380254,21.763168647597052,4.763927775951825,1.9955205633832853,4.575764311903198,1.5936935706535529,2.789458671315773,0.4351088041415459,0.37063875906965177,0.6087695462191565,1.0,0.3733572478474976,0.0705011542135862,5.094670192790164,3.3846797392606445,0.0,1.0
2016,mafg,smad1,0,1,8.73383534895143,2.1919507798589835,6.193688858865612,21.477462120088855,18.73247760361274,2.26954533772395,1.8835945756231809,3.623819860740174,1.9889610292625504,3.0244460176263415,0.10567102039496279,0.3679357508074095,0.9644456018474193,1.0,0.3484282087779635,0.061827076457702065,3.6446168861869563,2.652010276437096,0.0,1.0
2017,mafg,smad4,0,1,2.928668297058883,16.283154727790095,62.51940027439682,44.22197890735261,18.812910811583965,13.143466841995798,3.8898755502023694,2.797616332021391,11.90102858477546,0.3009131682168151,0.2972157096255701,0.3694258665567961,0.970011534025375,1.0,0.2949406273481972,0.05651647116938613,3.549038875385098,2.561608153982796,0.0,1.0
2018,mafg,smc3,0,1,1.8190957844251907,18.630190053111686,36.65884084089764,15.018820824976627,18.846033553304604,74.049095949861,1.8957805526435683,1.733095604500373,8.31535546042305,0.5140924568536667,4.930420091750195,0.36879040921484296,0.2396284435505122,1.0,0.5336301749959932,0.15393027622414837,14.054336086980008,27.9675189687414,0.0,1.0
2019,mafg,sp1,0,1,7.7593037578781425,0.39748842659542283,21.450527320050238,20.9094677659752,37.93799259885336,2.285892022723431,3.8351119716316777,5.698121183887993,0.39007314644703656,1.7686275042475044,0.10932330025363604,0.3856998340992736,0.947032306536439,1.0,0.1893733083991044,0.03558003917468377,3.2416017179985452,1.0775916819237832,0.0,1.0
2020,mafg,sp2,0,1,9.86037696910352,1.0288650281786722,10.132082611204106,19.30423245945704,23.888208381078048,5.9928301588973625,2.135618713480602,4.997191747581563,0.9768039368052207,2.3576799852245927,0.3104412553818739,0.37365174349881786,0.5683879539008233,1.0,0.2940103355267828,0.056262592365448186,7.18390594770655,2.9463767644987424,0.0,1.0
2021,mafg,sp3,0,1,25.77049433537985,1.000390026722219,0.00010000000000000003,25.6761895781641,18.154206811617613,6.9972032846428105,1.0389658109020443,9.999961196083146e-05,0.9628747147748818,181542.06811617606,0.27251719977147504,0.3654566293435785,0.5516302125810315,1.0,0.2880985649944342,0.06149510941005638,4.218096724658638,3.459902837240129,0.0,1.0
2022,mafg,sp5,0,1,2.1236980916629453,24.879516711364033,46.45177428420158,23.004842168377237,29.57125086863474,183.23158368510659,2.005701809203714,2.0308509537157344,11.952741324319595,0.6366011056480145,7.96491374920099,0.3805808647565569,0.9176045936582765,1.0,0.2784259175109888,0.13103528095951247,13.308790564643619,27.14298228212259,0.0,1.0
2023,mafg,spic,0,1,0.00010000000000021103,9.999999999998899e-05,11.984811957320863,2.3899434525390415,21.96740065069902,4.001527891392456,8.694951866826294,9.999916561777789e-05,9.999581597564025e-05,1.8329366141852848,1.6743190668972903,0.374295595400191,1.865,1.0,0.21975547192756073,0.05279642324473418,5.49134581373138,1.8938557571621017,0.0,1.0
2024,mafg,srebf1,0,1,3.607785012785879,1.7021596689342873,8.808265298085093,19.05415116898076,19.152763345093234,3.044953374638559,3.455996644648307,2.5594554415786774,1.5625709163292738,2.174408092505686,0.15980524913624053,0.36897493942118237,0.5223580160950543,1.0,0.3052961558849881,0.06632905242732967,7.5311506240376875,2.68042856610014,0.0,1.0
2025,mafg,srebf2,0,1,2.820339747982914,1.7906483268260207,10.107903781582117,16.998635149015794,20.743754298682262,2.427292015169361,4.304058502351779,2.2050731593034887,1.619996719249422,2.0522310804422195,0.1427933474594223,0.37143414992173557,0.6600490536350595,1.0,0.25629453739153724,0.040050007931779104,4.225926955489468,1.8068826347810645,0.0,1.0
2026,mafg,taf1,0,1,2.2897918431622317,19.168112946897818,23.464595917796853,0.7136709509194521,17.733141102821623,11.535504770709071,1.1384504674460232,2.086209186347522,0.6880532181846047,0.7557403146828463,16.16361819946209,0.36543945312500004,0.4677425855892025,1.0,0.37620286381636203,0.08517437570771433,6.435683940285606,6.977178681209962,0.0,1.0
2027,mafg,tfap4,1,0,9.246620779002932,0.23573826877526308,16.92197925583821,2.5944542435295,32.32651668837007,3.7088367376425078,3.0872188334156894,5.979346422833583,0.21610266761967145,1.9103271667950532,1.42952482083361,0.38237449011852814,0.602465724306515,1.0,0.327784815787414,0.06836499133714974,7.381358180312302,2.859205349699871,1.0,0.0
2028,mafg,tfe3,0,1,1.7148590004464441,20.98352806681804,39.47824114170718,18.093851493120926,24.963036450762523,10.101209858295807,1.9360221642509927,1.6434698265007115,9.7159237625025,0.6323239265183492,0.5582675342580418,0.3775661739675715,0.8996682941635653,1.0,0.23274832402584014,0.0440653907543846,2.372741621103196,2.443018463655256,0.0,1.0
2029,mafg,tfeb,0,1,8.819671495454559,3.4732461772998002,8.902384107102066,23.31185524734024,22.187892258119657,5.696031142931398,2.3087565627244544,4.430417391291158,3.0228674829324036,2.4923539572302653,0.24434053328214986,0.3727470904889038,0.8786373162951358,1.0,0.3286709340228738,0.06655248838868132,5.095919486468482,3.2292350766247875,0.0,1.0
2030,mafg,thap1,0,1,3.5653975519223287,16.340607131875185,78.03706620110583,54.35816972955638,19.078370263553747,19.38501242145578,4.52424431540999,3.4096172100232516,12.56380287454502,0.24447831258017483,0.3566163562515147,0.3699397530864199,1.0038730891442844,1.0,0.33394657891859914,0.06408485972035723,5.441616642969062,2.6029298600748736,0.0,1.0
2031,mafg,usf1,0,1,11.21495193911923,1.3536490305960438,6.784677426739436,20.379180536018648,20.739556021198887,8.935044334379345,1.7115741054787807,4.227299891387518,1.2693357711367954,3.0568227075116603,0.43843982433873313,0.37216726583828535,0.4254627217183636,1.0,0.4122918581298575,0.09073625648498328,8.98386507834321,6.141397066573118,0.0,1.0
2032,mafg,usf2,0,1,2.955209878517838,24.957080055204056,54.49411492265475,21.767143736495644,21.43919193340159,13.37946327584075,1.9737113968627864,2.803193027905328,11.626610454283451,0.39342215143471776,0.6146632483254209,0.36867553686425675,0.6668588400775134,1.0,0.3906097875462034,0.07190014534701163,9.803993797596794,4.2869653316288785,0.0,1.0
2033,mafg,yy1,0,1,3.43811184941923,11.559946030816985,127.03958720669708,118.1614251387914,18.14355829630571,154.15907557270125,11.082063821291452,3.3475169571531347,10.529796942578631,0.1428181458649233,1.3046480726821577,0.3615778969128729,0.46161869926290694,1.0,0.45308944645567667,0.1045798782089592,9.479198926568241,12.896691886221447,0.0,1.0
2034,mafg,zfp148,1,0,7.274012916129059,0.7441377824226023,7.552197763456128,14.697437406996743,19.67905245673586,2.606657596854489,2.141440953447066,3.705247771244935,0.7082773839570199,2.605738497998508,0.1773545635658625,0.36827244004009685,0.8202097098534906,1.0,0.22697599662434736,0.044291097112046963,3.3594810077552726,1.9702452748165724,1.0,0.0
2035,mafg,zfp219,1,0,2.9019881888723518,23.308010656993496,30.31606362508571,0.7116986431110848,18.34515053336923,8.920664018600979,1.1291818462376058,2.648465330412123,0.6906111706409681,0.6051297015417636,12.534327703093016,0.36605776309695276,0.5329912049903666,1.0,0.4007999798182115,0.07915597913571713,7.158515364714434,3.2517573102721644,1.0,0.0
2036,mafg,zfp57,0,1,12.431698606454066,1.4902119793772164,6.506469209534261,20.78904450263154,20.692457176042517,20.523748226222985,1.6325769233146408,4.271081816944082,1.3905348763611136,3.180289725450603,0.9872386498391028,0.3685691776133834,0.31797519857716217,1.0,0.43920577905254427,0.11656031533416562,12.058504611484532,13.127209327264868,0.0,1.0
2037,max,maz,1,0,3.448700904012511,29.794895265214244,68.87187464594784,27.844994948032774,20.852985198981845,55.854449854342576,2.031427143890263,3.2842451065455727,14.393481754869574,0.3027794045999408,2.0059062664074445,0.43205125960679963,0.3453821099784172,1.0,0.5068146790748288,0.1254546675006409,10.202478210256292,13.043521765394651,1.0,0.0
2038,max,mecp2,0,1,5.9726151208192455,0.24627497660420783,22.14247141354766,0.15483970235966749,32.08519935651794,1.1822473606416322,1.9856635000281457,4.703825450268727,0.09506793462291595,1.449034245422438,7.635298587021715,0.4424379525607418,1.1297714880332985,1.0,0.2081235634427448,0.03323927711652175,2.3559624002523303,0.17511667459270658,0.0,1.0
2039,max,meis2,1,0,0.00010000000000000078,3.561372853421154,25.98685744544869,25.568767017667863,35.09065551663441,3.4081163964225825,8.179490376942294,9.999961519158214e-05,3.125968950205671,1.350323162017428,0.13329216829531101,0.4418778644932509,1.7852953203965896,1.0,0.20463899197062807,0.042397783338812535,2.239693076295573,1.9824203168336771,1.0,0.0
2040,max,mga,1,0,17.941942696912125,2.024779042684387,21.957935383521946,41.13522499718118,32.90320913914296,21.668175796794298,2.333295283083428,9.873915343787536,1.929789937310182,1.4984655234860904,0.5267547654906257,0.43906688990895254,0.35437474130953456,1.0,0.41644482298830665,0.09991392000771623,8.329153873291359,11.422216132774604,1.0,0.0
2041,max,mitf,1,0,98.64539746159475,4.958348936691349,61.20732326303133,166.04474675027362,81.6760916249338,34.69035905397622,1.665718551799614,37.77114773819351,4.814578298626449,1.3344169826532086,0.20892174990726745,0.4514970572612016,0.5422106762561676,1.0,0.20411026268919333,0.05749664093948343,6.0927418305617085,6.9295431129736444,1.0,0.0
2042,max,nfe2l1,1,0,1.1890922576322018,16.181119977139485,24.147900719907767,21.287319912356704,26.640402379555507,1.6229141312689337,2.3449961563167605,1.1332868825265514,9.19314170831429,1.1032181508677852,0.0762385372113883,0.43567693865811874,0.8325644995877657,1.0,0.23310319179820713,0.03719430987763665,1.6524448937423384,1.2171482928553954,1.0,0.0
2043,max,nfe2l2,1,0,16.636428902470712,1.1046703286395498,13.317168138950993,27.2095200125175,24.871388661716104,15.305977163469716,1.8735795666326605,7.396444594601878,1.0615719203759448,1.8676184307510926,0.5625228653952122,0.4375718366202998,0.3150131564667265,1.0,0.3396964537963279,0.07471011800940591,5.985198876545039,5.714359968774022,1.0,0.0
2044,max,nfib,1,0,12.236977935080477,0.5239742085649102,33.64219781131029,11.00222567626504,46.97032747620806,2.705023064695351,3.927778930736566,8.97310872759092,0.5001546519040398,1.3961729771536193,0.24586144152004286,0.4516942748251846,0.8133544971398433,1.0,0.24596239062637726,0.043721903475699875,2.2213880484642585,2.3027891595722383,1.0,0.0
2045,max,nfic,1,0,2.217550382878346,30.738990000923838,49.694450117280454,17.894676127752195,28.867602657001406,7.17333660668176,1.6239087175408216,2.122822195691862,11.31035996968382,0.580901943554521,0.4008642880972233,0.440144177173118,1.2602133960809767,1.0,0.15036058388040277,0.033040053903516886,0.4231854426884612,1.5515152314168135,1.0,0.0
2046,max,nfyc,1,0,15.932562458218387,3.304789012055111,38.2681900487757,66.98195091591624,50.79732387930124,18.475225997203108,3.5697293939891703,11.249111864939751,3.14940222892372,1.3274033554907145,0.27582394577302505,0.44875331231725146,0.43103459655248894,1.0,0.5035886801708833,0.11802604758483361,8.889272454288797,10.533291341384214,1.0,0.0
2047,max,nkx6-2,1,0,1.9424001641341528,19.06124952931802,45.54192495948491,28.210567959132856,21.060745076004263,198.62418294960483,2.5837941796445065,1.862944082831405,11.375248590012205,0.4624474063127626,7.040772211227405,0.43041663700121996,0.5081782429233475,1.0,0.30730528836999305,0.13799333455674265,12.464880307285561,23.55523502455975,1.0,0.0
2048,max,nr1h2,1,0,29.530882039996307,2.609962101589532,8.099014949719521,42.014464121300705,22.55122298870301,17.451986454986454,1.351934863458517,6.355878550124618,2.4573124711447716,2.7844402225092804,0.41538043671342595,0.4328654663826879,0.43316363636363625,1.0,0.4258292342519788,0.08355377434689058,6.709624982285016,5.749307913586277,1.0,0.0
2049,max,nr2c2,1,0,26.681732633649133,2.180826996994802,23.311275827401392,46.68928765715173,36.73513777057095,5.50287227584984,1.961197605920022,12.441444276364356,2.083507675677887,1.5758527350695406,0.11786155994193939,0.4451437785541522,0.95023340148914,1.0,0.15956528193203173,0.036374798299947046,1.6741928657733907,1.468758564224255,1.0,0.0
2050,max,nr2f6,1,0,11.6096547983017,3.705308828437655,19.15524696306993,41.49213563818038,29.83605761479021,4.183256473625259,2.8865851077873526,7.228555661981219,3.4015457799706508,1.5575919053569074,0.10082046656031596,0.442076671507384,0.9780158790170131,1.0,0.35839143060728723,0.06455562142319596,5.10184379893858,2.633793616417951,1.0,0.0
2051,max,nr5a2,1,0,8.98737692798256,0.290009120069184,25.930247328697234,13.119513401873146,36.78978622105755,4.546131130409765,3.971067953321519,6.674134095312429,0.28373706306001917,1.4187981223126231,0.34651674884227707,0.4449664840666606,0.5105661909896788,1.0,0.22050850351975945,0.047028485603777356,4.09842389082942,2.3816283857689093,1.0,0.0
2052,max,patz1,1,0,10.96141465586775,0.5605877175734939,11.957169026340935,19.65610517376084,21.90316754957149,7.190675895656099,2.1504721158961697,5.718830169674358,0.5450432073618874,1.831802118153562,0.36582404459531565,0.4325385473952582,0.42866317131382453,1.0,0.2902997247985548,0.06816736571710524,4.140172351428713,4.140000317222223,1.0,0.0
2053,max,pknox1,1,0,5.424675351161021,0.016889358354244214,29.974887987117352,0.00564917370513632,42.22732647099003,1.3743693783418025,1.5758228919702764,4.593391010608895,0.004233235725381273,1.408756772974049,243.2867973403267,0.4555627252450027,0.9851851851851852,1.0,0.21056013337842563,0.0368016849658922,3.156305634336924,1.4111546811112947,1.0,0.0
2054,max,polr3g,1,0,13.656307861306866,3.112844941046273,14.956953538073051,36.84591210863082,25.091130833255598,8.181419368152655,2.2722532265014665,7.138534797980598,2.8703498200155835,1.677556246289454,0.22204415361008886,0.4343793889079617,0.6447333761462628,1.0,0.40771900864944044,0.08620081897946635,6.29616968273362,5.320789764193868,1.0,0.0
2055,max,pou2f1,1,0,6.758986754693477,1.9455719759424597,22.360038664882595,31.554332126237334,32.3487939095999,3.3540260832474793,4.562777781368268,5.190118934020824,1.83257910581283,1.4467235229071886,0.10629368005094351,0.4421750181825465,0.8435426268181038,1.0,0.30695847775032536,0.055324333665749,3.678345635080814,2.4853744690272794,1.0,0.0
2056,max,pou5f1,1,0,5.807712827109917,19.227850162738154,137.98059046430774,99.95938731603873,17.554111300941706,2543.904129621417,6.453682656608024,5.573135135391718,16.125922223964153,0.12722159864566265,25.449376971253617,0.4225010476705672,0.26013186760333395,1.0,0.6130656971756416,0.3176813934860104,26.98659765183299,221.59224712746015,1.0,0.0
2057,max,rara,1,0,15.925060473560327,0.657964348185025,36.069119035340215,9.339876588740376,47.601111170774765,1.9812876389285994,3.494931979468832,11.047446219773708,0.6146632908653755,1.3197192624564964,0.2121321004730541,0.44429667538644463,1.015934326831763,1.0,0.303750953096426,0.057757846644679506,3.012557860096057,1.4906966633816174,1.0,0.0
2058,max,rarg,1,0,0.00010000000000033124,6.9673942568953215,20.36892233885184,24.924526366564727,23.970128538238992,1.7044788816125849,4.562774965228363,9.999950905875172e-05,5.445234983260733,1.1767990539449495,0.06838560767594269,0.43218001840832954,0.7980708103085726,1.0,0.23189430540212544,0.03970499309192199,2.8355629889696177,1.1073532103573642,1.0,0.0
2059,max,rbpj,1,0,3.625510641498449,40.87103331712506,82.50784334232625,27.563750347246085,26.831286451825786,16.88834062180049,1.7455880532712555,3.472906257671866,16.461788851591372,0.32519679784262917,0.6127011168307079,0.43950542474607585,0.5710013331892048,1.0,0.3307568809390366,0.06218957702322984,5.806019531215843,3.3774014888308224,1.0,0.0
2060,max,rela,1,0,8.375327194025736,1.2261256945226209,123.86208547597717,2.3257305391892213,152.11475246227323,1.4841583655402926,2.5127657159220576,7.8448713707404165,0.8028585013013799,1.2280977821237768,0.6381471716227661,0.4680058251741266,1.056570398718405,1.0,0.20394546062969726,0.04174581333115853,3.7171665980976,1.4406361995361032,1.0,0.0
2061,max,relb,1,0,7.936899860792987,1.508472461826484,64.81554056696234,65.1070894178176,76.39831399486364,6.050907989482966,9.136904694079359,7.071026784510267,1.474313939344905,1.178703646171629,0.09293777442041569,0.4471352156577401,0.6113127381376607,1.0,0.33158515862003585,0.06144405172671323,8.06976140296627,2.9588592715088344,1.0,0.0
2062,max,rest,0,1,3.582591081267716,47.85049458709212,64.13881733357739,10.030717792678859,26.37202612585236,90.10383090853429,1.2714373335496205,3.393065211147663,8.292411090044405,0.4111710695988513,8.982789942938936,0.43709938271604953,0.28386118847569985,1.0,0.547073568808576,0.15461098946641597,14.143816325332063,35.42729486926107,0.0,1.0
2063,max,rfx7,1,0,1.564590649659334,18.67767829411751,23.334998125190396,18.874118836588515,26.472964459220304,1.5479517100959685,2.078498336759953,1.4662780259796206,9.38769237828261,1.1344746769292617,0.082014515405889,0.4350585866116983,0.8637413211664352,1.0,0.23558089752941005,0.03334797028394005,1.6670010919300466,1.1563413509284013,1.0,0.0
2064,max,rxrb,1,0,6.427729544694628,3.3423221949857855,30.01365224410949,50.40711858157425,39.49670407066231,2.2814622763326913,5.774193254796337,5.293971573079138,3.134485285546417,1.3159579430528643,0.04526071595702465,0.44030106202681535,1.1257638556948881,1.0,0.35524102296221083,0.05642271999161639,3.5445269750978605,2.0219511616863186,1.0,0.0
2065,max,smad4,1,0,5.045188545911163,55.94522475371179,131.38348088236438,45.71940383808638,32.684932839073305,15.038824029956185,1.885792051394354,4.858615389620321,25.15901900942769,0.2487750561909538,0.3289374481613023,0.44598144072555207,0.9810356118427855,1.0,0.2903276332831453,0.0508885406384481,2.9511451956294463,2.4155385067387654,1.0,0.0
2066,max,smarca5,1,0,3.754874412110358,39.007504243947935,91.79255325188988,38.09356028673038,27.878399125301133,219.13197606427255,2.0558512640750948,3.607313329667599,19.272557695496825,0.3037109017852399,5.752467724593482,0.4420215398877621,0.16491448790171306,1.0,0.5371200310804255,0.18350838961434573,15.452238392260462,64.93966198336108,1.0,0.0
2067,max,smarcc1,0,1,17.35082829834556,1.6404064425839853,22.346392785384506,36.326308605314225,32.960917781152865,41.570647388930546,2.391231641720892,9.767142729935454,1.5695303266630738,1.4749994819168628,1.1443675117281011,0.43807880417259853,0.2160235918868523,1.0,0.46094254621574443,0.1261246051734641,11.322055281602616,19.719534483031747,0.0,1.0
2068,max,sox2,1,0,8.994688696755198,24.969964961943763,231.18378322018108,159.81860123986462,22.31901407759667,785.5500390561733,7.68836288797048,8.657837420677815,21.59584305052759,0.09654229966614865,4.9152603824706,0.4306605775928634,0.3617609466141164,1.0,0.498753930497131,0.16715779714923065,14.42431942080571,34.1160147306242,1.0,0.0
2069,max,sp2,0,1,16.291379928138156,1.8252651802823596,35.83370062821455,45.947703062845065,50.43082625305034,11.284205448529573,3.326651353337214,11.199607270328876,1.755527144299417,1.4073574698936449,0.24558802064807414,0.4594509571560327,0.5924719759372113,1.0,0.22437845549020188,0.04999882227672871,6.367537700822045,2.949938172615015,0.0,1.0
2070,max,spic,1,0,2.656302882947015,7.731540145710396,22.281161321342314,46.059654272439516,31.732942829381265,4.377635993524506,7.765992005956818,2.3733573136561734,6.620266940656559,1.4242050659624026,0.0950427453847375,0.4429048102481958,1.8776667566837695,1.0,0.282720735934959,0.05753841606800175,4.776478531294305,2.272923956599456,1.0,0.0
2071,max,stat3,1,0,12.153206485357638,0.19043278654188653,33.38553026150337,28.894550690557043,46.89351926135135,3.6778439535564367,3.7698813687794543,8.909804528540732,0.18918593535427414,1.4046060941384524,0.12728503699344193,0.4568298660232286,0.49919787070546406,1.0,0.23369035379874611,0.05693570621264853,4.390104407150529,2.388616211698693,1.0,0.0
2072,max,stat6,1,0,6.090375292466818,2.145259005590292,35.57914129449343,40.081894065982915,47.40584586126309,3.3334942105598175,7.029121994345484,5.200212069054292,2.0362737705860323,1.3324055650719167,0.08316708299942639,0.44856331844852987,1.0260989269178133,1.0,0.25426937870428257,0.05217474978144798,2.9215950325040603,2.7972503433728946,1.0,0.0
2073,max,tbp,0,1,38.221783811834705,1.8040690243292077,66.55449972757806,38.7614240731213,82.87732344763552,1.7953611258299165,2.868858136076787,24.278697567426217,1.7238366692897793,1.2452549983377577,0.04631824471781703,0.4544477291050792,1.1120607548066856,1.0,0.40110940090275915,0.07402485230402711,5.007570217334388,1.1844585837387342,0.0,1.0
2074,max,tbx3,1,0,12.593925060796499,1.3819546339784539,34.09190859695539,37.501307047022095,45.97634419296307,20.21724613434474,3.8436187030686098,9.196600090663457,1.3328384197564431,1.3485998902704153,0.539107773203605,0.44426527055765597,0.3430785778898604,1.0,0.3065437417482677,0.08547572615980462,6.594621850024968,8.353361307286548,1.0,0.0
2075,max,tcf3,1,0,11.7793839273075,1.8885608609301017,13.599438809491119,29.108374325538243,23.220049490172475,13.751995863203634,2.294297366764653,6.31207414915452,1.773495868085452,1.7074270354426009,0.4724412194719619,0.43262646092037993,0.3889498171114313,1.0,0.46580215384229157,0.10067670967125983,8.034322051505573,7.983581134044049,1.0,0.0
2076,max,tcf4,1,0,3.1505855534313727,33.23165568125307,43.15948914823032,7.414257229025779,23.82245042157031,16.930973809807334,1.2996838542698583,2.9362436549689566,6.061815954561022,0.5519632157774765,2.283569788154226,0.434580025354374,0.5424946556541864,1.0,0.3166032880882555,0.06722936664050419,5.711159773574846,4.965462603960258,1.0,0.0
2077,max,tcf7,1,0,9.687802861443904,0.8573927766422818,19.143804930979865,25.170602073410524,29.18862241273787,5.494269390475782,3.077447685584678,6.432572526808765,0.829149249713934,1.5247032926825728,0.2182812065619902,0.43955937047396076,0.5904608408865087,1.0,0.27914120798456127,0.05502033519284544,4.314591100519397,2.4550315130480596,1.0,0.0
2078,max,tcf7l1,1,0,2.4601300006270876,1.6096021052399654,16.223335992027707,12.736200836244473,24.67221885644101,2.9488072744196487,7.339508237272457,2.1361944084642195,1.4290044107253603,1.5207857908241043,0.23152958345537242,0.43696513822966027,1.012000704690104,1.0,0.1973403611790667,0.03794405377321788,2.1035955066167475,1.7658359953969884,1.0,0.0
2079,max,tead1,1,0,7.9201258843146825,1.2329401394725328,30.580952387707196,0.883690964174312,41.77931235318168,1.3356100194444591,2.041162364562709,6.290862579526277,0.5147510393958002,1.3661874170398942,1.511399429881467,0.44522172536559235,1.0054389394068157,1.0,0.21314499335838355,0.03336710086907409,2.208661182284855,0.48671917413307153,1.0,0.0
2080,max,tead4,1,0,3.56756309874631,2.2749052069317095,31.481363247358743,38.80297753859912,42.20987635249569,4.21626008173232,8.560795080248141,3.2044276823328834,2.148920288658675,1.3407893432326843,0.10865815845029445,0.4513344127866585,0.7220685550225833,1.0,0.3414081107528985,0.07125171187518448,8.47447933990085,4.1749573783726,1.0,0.0
2081,max,tfap4,1,0,10.059580915140955,0.004232856471485005,38.45138682568076,3.117152439537054,51.378349533115596,3.833199559289291,4.828913089282165,7.973554333916664,0.004227116368226652,1.3361897651712586,1.2297119353773347,0.44864599935100136,0.6153344135385724,1.0,0.3495246967730453,0.0694912894189814,4.410185620807975,3.85998700900501,1.0,0.0
2082,max,tfcp2l1,1,0,91.3438371249893,5.798234910228607,35.95396901250336,132.06614070523045,55.94502317439116,67.4692124756389,1.4547964718592368,25.799136600420493,5.5543754800886,1.5560180061048534,0.5108744157689071,0.44930866487177823,0.29694932417443326,1.0,0.43928810251992356,0.11459429186220073,10.734819043954104,16.034954108762552,1.0,0.0
2083,max,tfdp2,1,0,22.175276786182497,2.4871099052510206,19.695675418044694,49.90611285225251,32.48035105833868,10.225877698342355,1.9796220267418754,10.431027499820216,2.3690466261618974,1.6491108006674895,0.20490230783183128,0.44363346843892004,0.6297812428451941,1.0,0.3770884240512119,0.06832179774402024,5.72328909352401,2.912790078950053,1.0,0.0
2084,max,tgif1,1,0,3.1681225364549532,24.06189204962849,65.56691219109308,34.82543278115835,19.79123497284814,80.53661637816121,2.5655794975625437,3.0220980171428082,14.229985936187903,0.3018479033322035,2.3125804892145965,0.4277720548668686,0.31986268477765817,1.0,0.47099427655964987,0.1136340551190858,9.490119142218974,16.774559044995065,1.0,0.0
2085,max,tgif2,1,0,7.2118414069038375,0.7187540708496314,24.241885185481316,1.0528128924753883,34.92135343238054,2.4754897987623323,2.699390705567424,5.558280378910279,0.42714363497126834,1.4405378610280382,2.3513103006764347,0.4443569047890846,0.6956283707439808,1.0,0.2640992899993972,0.04448307139853808,2.921030204785488,1.9137391969288449,1.0,0.0
2086,max,topors,1,0,58.5776917129912,4.638014988538991,29.561728067409767,88.49631190730288,44.89937743916271,43.02870841581277,1.5835163122961333,19.64680273083743,4.407045551695692,1.5188346681485745,0.4862203575317805,0.43755332628972476,0.28785589134650813,1.0,0.4061240430156393,0.09974272583814456,7.4955117087888885,11.750345873994817,1.0,0.0
2087,max,trim28,1,0,31.22134178679095,2.7128221595060156,7.650978324521855,42.93285744881257,22.475555743959106,128.95732078348132,1.3215378590458506,6.145087522154558,2.5515932297966266,2.9376054656858157,3.003697597748598,0.43237488852028805,0.22909943659475326,1.0,0.569849703816396,0.19974952655993475,16.55882898480914,53.564034307567944,1.0,0.0
2088,max,trp53,1,0,4.824726492332541,37.69487339559183,106.39371387036675,46.56880904611253,24.378892024662015,399.4814571735056,2.3367861884239285,4.6154267966174904,20.832288719296532,0.22913846258215947,8.578305208061865,0.43188178832998986,0.26522267915925674,1.0,0.6168603737581239,0.2152104316136545,19.21431716640224,74.57932112875682,1.0,0.0
2089,max,vezf1,1,0,4.6744186356821125,0.3801482463817522,48.2570027492126,0.24638618639719048,62.63354918368297,1.2682883434330743,1.7627703364739027,4.261616768474978,0.14949422057482717,1.297916273606631,5.147562702190258,0.4586248696873136,1.118772975775285,1.0,0.08262821958677222,0.024363028972079537,2.7431741742687152,0.5449384070091022,1.0,0.0
2090,max,xbp1,1,0,56.735051869453926,3.680260396337725,44.410728224449024,120.2381816873322,61.012523643114704,20.229962250882824,1.8230203263907399,24.911024137983002,3.5709601472617494,1.37382398538392,0.1682490700290935,0.44814307853622554,0.6953605520358841,1.0,0.2633988171583129,0.06464287505788793,6.764139548052495,3.8854447601426507,1.0,0.0
2091,max,ybx1,1,0,10.101966138088052,17.175174243623754,280.67658028037965,204.7445478618304,18.51280221889481,7213.89030243896,12.770594188170449,9.751012736910322,15.845925056124045,0.06595777317937104,35.23361367994607,0.42611311983471073,0.25979534551476713,1.0,0.6454041503353025,0.35357106746500405,26.782148839638957,392.53643744049714,1.0,0.0
2092,max,zfhx3,1,0,8.277927175574941,0.042624029554010304,31.43654605942074,3.8119795043836713,43.05445192439095,1.782767234417485,4.8512802475585,6.552508889937454,0.042152694984987804,1.369566867906235,0.4676749264699225,0.44752875141993764,1.1459788910361228,1.0,0.17893304760313442,0.035123674061741474,2.8433290905650064,0.7659050205892567,1.0,0.0
2093,max,zfp219,1,0,38.45288296109884,2.7666703720604513,6.454044804297709,46.536125292333246,23.420262168261537,12.695213013014293,1.2359186762617256,5.526466445931816,2.61141619540602,3.628772789532872,0.2728033959266009,0.43664384866883504,0.5339594425094611,1.0,0.34867926564442625,0.06506059072137356,4.76706902264854,3.278895247979359,1.0,0.0
2094,max,zfp410,1,0,6.43386643246625,0.10246751694428333,42.50946290580723,0.025694865982194066,54.80978524116259,1.4869557030238743,1.4289457311206775,5.588099750254756,0.020543384535242005,1.2893549222819045,57.86975904269356,0.44944672135280095,0.8239790711430008,1.0,0.24522174528572352,0.04590416096243447,2.042700449224435,1.4328962948577804,1.0,0.0
2095,max,zfp42,1,0,10.590719657317877,27.547380835801558,277.2702612525644,189.76321150442024,23.463548140352003,1978.0713718184595,8.189928152315918,10.20107552248109,24.055336648076846,0.08462338526445556,10.423892787946327,0.43164780399254604,0.23381109441806716,1.0,0.6058542519702043,0.23569780000622476,21.56323562332472,106.3715197071226,1.0,0.0
2096,max,zfp57,1,0,11.082006431404064,1.6212778857254047,32.07347534186961,40.19400464243058,42.97947516832342,22.684445916438303,4.051271333375916,8.236229684178914,1.558417088815272,1.3400317461767797,0.5643738691439467,0.44266653091077357,0.32276110394355056,1.0,0.4266898777988139,0.10682759463405297,9.320567399521305,12.283651158224396,1.0,0.0
2097,max,zfx,1,0,10.384916232334856,1.0732663658437203,9.461760102432054,3.0700445785935355,19.576149439351,2.1505213229992632,2.5792155382878272,4.950934071619653,0.7952518244543249,2.068975457781807,0.7004853734027768,0.4306808806343225,0.7758247701460248,1.0,0.2617777194637485,0.05044163344213671,2.782430480313741,1.3750788932928397,1.0,0.0
2098,maz,mecp2,0,1,6.3117146565810724,0.03266980422831954,43.50491828437228,0.008334631533394463,75.0745194343821,1.112821696511756,1.436494713162221,5.5120270913191005,0.006640520115763054,1.7256559119052561,133.5178036429086,0.35181413264172035,1.1396614674219445,1.0,0.24205436773040873,0.04193583916807134,3.5216128360884564,2.019825511876765,0.0,1.0
2099,maz,meis2,1,0,0.00010000000000249073,8.97750899954402,32.83282900419187,46.110075260697265,56.884011314004255,3.284153038006978,5.596617119825803,9.99996954302121e-05,7.514463035209318,1.7325345710155433,0.07122419600139503,0.3467725331023382,1.7802853897937299,1.0,0.28486092119616524,0.05943912643440501,6.462386214508753,2.042306597473675,1.0,0.0
2100,maz,mtf1,0,1,21.197138607261397,1.9248078588223596,67.80568156525891,73.48587176029321,112.15895363780763,4.317963056481517,4.303992230112327,16.148774024380696,1.875678407767191,1.6541232393610166,0.058759091415101806,0.35447890939109455,0.8494653648639405,1.0,0.2639098508733236,0.053461232107324404,3.5937397724015647,2.1143125702343966,0.0,1.0
2101,maz,mybl2,0,1,5.654237963419968,64.53499574832874,148.53738299397926,55.78637954034185,51.616626000568,274.87584519132946,1.9354078915713353,5.446895912350847,29.92131496014911,0.34749922854545107,4.927293139583531,0.3447664057773349,0.24774754474676206,1.0,0.6011654113276662,0.20304832238930176,21.583287745875047,49.954628783970904,0.0,1.0
2102,maz,mycn,1,0,14.427845176214417,5.543715531632338,52.25874329871515,86.22160995495393,88.91204405574959,27.196162704991202,4.919257042007081,11.306337221026828,5.208809272294174,1.7013812128531534,0.31542165263673116,0.35342146283325254,0.5410217758057514,1.0,0.44204269866245316,0.13712146431060848,13.748986004306424,14.331182991577894,1.0,0.0
2103,maz,nfe2l1,1,0,6.192781468604334,0.1900223756536347,34.26304157587701,0.06658908164801894,64.5455904352688,1.6093132669002157,1.5748122455998939,5.244820472341258,0.049309627950384065,1.8838254710204219,24.167824920710462,0.35821967306390595,0.8202662553613134,1.0,0.23371678165894103,0.04955713249618743,3.9470378960384886,1.0123031380542873,1.0,0.0
2104,maz,nfe2l2,1,0,11.3560508710206,0.7777088783272789,24.69570670132278,26.741818960582474,48.59969839841569,13.016234395734255,3.2670000917585136,7.778974465621226,0.7557306269935512,1.9679411885715559,0.4867370620869218,0.346052890957067,0.3163461351860118,1.0,0.3363513370546151,0.08918290396141206,8.715778494240451,6.637722649086976,1.0,0.0
2105,maz,nfib,1,0,9.61911732498259,0.4082501656422639,178.09354087815166,2.7593653550325983,301.48583851672834,2.3656016162129423,3.3963890440961677,9.126196820859468,0.35563386904341804,1.6928510547330822,0.8572991655122798,0.3691270667129149,0.8011485871965248,1.0,0.3188404211950255,0.07033778387596637,8.630255050693478,3.55197084193842,1.0,0.0
2106,maz,nfic,1,0,10.546010013159272,1.9216771512654696,78.39934418702029,70.19487506134364,131.79121577244513,3.3104531551407526,8.598366464214532,9.295598137263553,1.8704705563798907,1.681024466965686,0.04716089532530305,0.3629293626343247,1.2241039449612203,1.0,0.20399037720508792,0.04709407083901041,3.8339738497599387,1.6469573148210679,1.0,0.0
2107,maz,nr0b1,0,1,20.568518857188675,6.877363159995067,47.360867374127324,103.86250493849747,83.827711822937,34.00359175298679,3.4343693540894336,14.340522529680417,6.450252988684495,1.7699783908250608,0.327390445407822,0.3554385987215262,0.6473366481188958,1.0,0.4184086288539396,0.12753318051558296,13.094011386624691,14.394679761221038,0.0,1.0
2108,maz,nr1h2,1,0,5.135147942874866,43.68059078190377,119.62638750380854,55.36808079531684,40.33699496459736,61.283870094785115,2.36490595363347,4.923786770532762,24.41739440911223,0.3371914491968852,1.106844759913886,0.3397558231304628,0.45156334038509804,1.0,0.47025986551240734,0.10997043958327453,11.892122704342308,9.567879165120662,1.0,0.0
2109,maz,nr2c2,1,0,28.117445102721366,2.549618882850473,40.76191145756396,62.38586272220508,75.49432302545802,4.963712757745903,2.5498175517408304,16.63953998593067,2.4495109559188646,1.8520800503689077,0.07956470490515732,0.35489282717965087,0.9413750704716908,1.0,0.22614076486055049,0.05713284685313975,2.590830939090242,1.6112761765791943,1.0,0.0
2110,maz,nr2f6,1,0,3.6300950589035397,4.995313786663486,82.17502964914236,114.74494084533256,135.69521736198556,3.7621935907916075,15.84830855009939,3.4765192651323287,4.786919709801698,1.6512950216307196,0.03278744634033807,0.36221630566012847,0.977294921875,1.0,0.4229834381535217,0.07940788644249287,10.245520441788313,1.5719955419291836,1.0,0.0
2111,maz,nr5a2,1,0,10.484613228679242,0.00010000000000021103,85.54536301154302,9.036517940084519,142.462650098136,4.436022734090476,5.705705507982628,9.3398965593758,9.999889339151448e-05,1.6653462570368998,0.49089956590613326,0.36328491134719726,0.5045744617772701,1.0,0.22974888547173558,0.0508463823731735,5.276109613555599,2.56654681192021,1.0,0.0
2112,maz,pknox1,1,0,6.115705268455513,0.02379513992416635,90.14314759437625,0.008013456610600076,152.54421993867453,1.3500234014396315,1.4273972809032718,5.727150347861229,0.005994647425486131,1.692244213892874,168.4695465442268,0.36623789359385356,0.9657835997927603,1.0,0.27106579568585415,0.04736700397968668,4.378751619764312,1.831251201525983,1.0,0.0
2113,maz,polr2a,1,0,15.661218746774912,0.7184033737718184,49.57334093077105,17.682244542040607,88.37266290599976,2.8225313716958675,4.334588784289866,11.901344014014843,0.6903552631939718,1.782665062445797,0.15962517456339484,0.3603667984248196,0.7594937937325917,1.0,0.2884154091099162,0.06450858947165664,4.517228812974239,2.3349936316584605,1.0,0.0
2114,maz,polr3g,1,0,12.517086758240303,4.129326672210457,43.3033213879827,70.58689409462013,73.09399835957018,8.511597228666233,4.720419344296435,9.710273513469787,3.9011119874897,1.6879536261127264,0.12058325186055968,0.34526414634829955,0.6454702575601308,1.0,0.47112034116173923,0.10064657753272446,10.07539670812124,6.959763530412529,1.0,0.0
2115,maz,pou2f1,1,0,16.840633983173987,0.5946612368914007,58.211619877272355,11.203174248209864,98.99139233415958,2.748178436668818,4.693172850850279,13.061840697597528,0.564687773783886,1.7005435090599315,0.2453035519917888,0.35690826846935303,0.8262810239973701,1.0,0.35374358686360236,0.0632313389907866,8.58773654143904,1.5195046207482261,1.0,0.0
2116,maz,pten,1,0,19.07234239314553,3.338958959738793,42.43602767419178,70.03454011831586,74.49705630564715,9.643613891885735,3.378758363407531,13.158444106405852,3.187015177925143,1.7555143680649887,0.13769796839664944,0.3496625052145335,0.6329453627331063,1.0,0.3983844417255104,0.08338425265818059,10.62537779171528,4.595786915137639,1.0,0.0
2117,maz,rad21,0,1,7.3931088205458675,1.2395759758909615,30.1804832344139,31.72981170890678,55.51931201464631,12.899239146776093,5.266351582933954,5.93841537647793,1.1929706638755815,1.8395766424090687,0.40653374388462526,0.3466154560039331,0.3767982394796751,1.0,0.4032851480333355,0.09845161142403851,12.097782858102196,13.201564293542365,0.0,1.0
2118,maz,rara,1,0,15.540649055808272,0.1615110015882518,61.165695945972224,7.070287361165375,104.48443962495553,1.9810103859879964,5.048604842660653,12.392124992118513,0.15790390383392397,1.7082195830363285,0.2801881005387413,0.35950394447489326,1.0159903275838178,1.0,0.3483835438878684,0.07080946668430049,7.127546187427514,2.290157544944116,1.0,0.0
2119,maz,rarg,1,0,6.635835329528794,0.528499346374153,48.924668055232395,0.2663035483704288,83.67329082497811,1.737034348185081,1.6745639377610075,5.843288325127462,0.1770769233246413,1.7102474917257904,6.522760807410882,0.3526193762394358,0.7894347719044278,1.0,0.23745206062781637,0.041401051952655026,3.5146418507494266,1.0664862784499327,1.0,0.0
2120,maz,rbpj,1,0,17.259466359349656,1.6990154734183749,39.97782466127486,47.44637142894088,69.66710206806098,7.49982725354717,3.4350373311058657,12.055006579759755,1.6402784533059849,1.7426436445288906,0.1580695641768824,0.34714822853029936,0.546756709462322,1.0,0.30372289788490087,0.06573077537716222,5.979327310853829,3.999718450095166,1.0,0.0
2121,maz,rela,0,1,6.757092130378233,0.26984452312802576,103.80720734873177,0.05850596395974343,164.76427115637674,1.141637779787193,1.2920481647639974,6.34413519696008,0.048081286813021755,1.587214176785093,19.51318639195018,0.35667536726891647,1.028046761980477,1.0,0.19086726085397576,0.041246647502087785,3.6606928722942786,1.316763006131771,0.0,1.0
2122,maz,rest,0,1,96.68895824460192,5.622707645648273,42.316218378336856,168.16655224489028,87.5991046592412,146.0573558016069,1.4834187498366447,29.43423526557559,5.440792829460298,2.0701071129760082,0.8685279792673208,0.3587798544972131,0.29533498724138546,1.0,0.57878140432395,0.19044160632442755,21.186254834819756,49.04711989845774,0.0,1.0
2123,maz,rfx7,1,0,6.5579263622811155,0.152422233232874,44.95679821224731,0.0528713374950593,77.71714122404939,1.5273919897165975,1.5269616499616205,5.7230893612430425,0.03925484517820512,1.7287072103563945,28.888847191719492,0.35021720903087333,0.8577094642932291,1.0,0.262771690700723,0.0509722831213719,2.4581647190869793,1.0268725500053897,1.0,0.0
2124,maz,rxrb,1,0,15.184046359600451,9.999999999998899e-05,95.96169988288251,6.299682834328268,157.87954831512283,1.8822504230005306,6.755818257784625,13.1096955936476,9.999841264368435e-05,1.6452350105074067,0.29878495036984415,0.36190658133537107,1.1132233493097892,1.0,0.3470277784397508,0.06263530045779225,7.670294494996534,1.0562191950684185,1.0,0.0
2125,maz,setdb1,0,1,10.434059039476534,1.8034213546284341,60.12871603719334,61.636843372213015,101.37346573141859,9.714831062799044,6.8827149370747165,8.891183381298552,1.7521553550880224,1.6859409681842001,0.15761402647006195,0.357129073891593,0.43894926636872866,1.0,0.41874565092554367,0.0931077164434729,10.530150636815648,6.672915279068148,0.0,1.0
2126,maz,smad1,0,1,11.733353761837636,9.999999999998899e-05,55.63410697548954,3.7033232192691674,93.52590526261766,2.0079289084582332,4.595529330674296,9.689761959599084,9.999729979550035e-05,1.6810893595150531,0.5421965055630462,0.351410209551657,0.9557601274820725,1.0,0.3256295729747261,0.058071700659493464,5.683925008126472,2.295404241409862,0.0,1.0
2127,maz,smarcc1,1,0,11.357252225174584,1.077850642025266,54.035519738344554,45.95586677704281,90.62430623697837,36.31878081800459,5.872552610414127,9.384753212926082,1.0531500214861103,1.6771247260284936,0.7902969384563451,0.3531424737164982,0.21317312570831184,1.0,0.44291363695368113,0.15503054471186586,15.366669594830704,20.310874173390427,1.0,0.0
2128,maz,smc3,0,1,36.15190933666809,3.2252896218976326,22.21068057838109,61.7117806923308,49.109210597778834,75.13377007837188,1.6987439768905594,13.758102780292822,3.0650961746912335,2.211062845394283,1.2174947673760628,0.34051401032430423,0.239045192587293,1.0,0.532203891367076,0.16834416899732518,18.887412114863423,30.28788720944396,0.0,1.0
2129,maz,sox2,1,0,8.744828260126134,23.53252020323164,247.46496192667416,195.03084727426398,33.134562942017105,955.4303234881957,9.549004940869011,8.446354024448624,20.998795025463572,0.13389597737006154,4.898867727035061,0.3361823606526297,0.3627827988552854,1.0,0.504521107524885,0.18940748858249778,21.99119150469616,36.695180556078284,1.0,0.0
2130,maz,sp2,0,1,7.471089501617292,0.3785161343840068,117.89370911921776,79.42874786278695,190.99304601365026,6.330953593664186,16.557051820371285,7.025851452697397,0.37672087845349284,1.6200444234094984,0.07970607322931617,0.36046281914266415,0.5709281418562837,1.0,0.284693610302397,0.07147373392859434,7.354044773131671,2.936052598080342,0.0,1.0
2131,maz,spic,1,0,0.0001,9.516421843719531,61.51305102201327,69.16695361296155,101.59869325885913,4.086247638868137,5.585801425909516,9.99998374331369e-05,8.365450826246073,1.6516607706956474,0.059078034023785524,0.3575002073649391,1.8810901467505243,1.0,0.20972678789973037,0.05679231939606675,6.308315475528484,2.462701204248774,1.0,0.0
2132,maz,stat6,1,0,3.474591143870163,1.5333077062610494,87.9675745070053,87.83135873145297,146.39750811973934,2.890613843985565,19.480101542423355,3.342564703648322,1.5069994054997173,1.6642212649398556,0.03291095442145788,0.3636350118652007,1.0145014995077952,1.0,0.3125425804764715,0.06679094966458714,7.820644154349477,3.044180079475589,1.0,0.0
2133,maz,tbp,0,1,8.224482412672344,0.029441530592149826,57.909817372174096,0.004327864576911994,101.53926288980257,1.0659239162068377,1.3098882146983495,7.201683181767721,0.003773208157917268,1.7534032655850267,246.29326940895015,0.36283944919643163,1.1052333221675386,1.0,0.3455785211295473,0.06134544021954237,4.462000576799138,1.8380059994892635,0.0,1.0
2134,maz,tbx3,1,0,9.452504520011132,0.762841397159257,130.34406103222642,87.4721116675403,214.35533524608263,18.67799894600232,14.690911569117794,8.813362625874658,0.7562461990318983,1.6445347302251474,0.21353090247772613,0.3638163727379183,0.3399464484884088,1.0,0.33016186020289207,0.10296019835795761,10.878298800346986,8.409088802948235,1.0,0.0
2135,maz,tcf4,1,0,12.404619310041525,1.8821760943753227,35.257230779174655,44.554257190189944,63.810493329290374,9.913939353245663,4.004581215672249,9.176155036434356,1.805887141937293,1.8098555081921306,0.2225138511663603,0.3486933807278073,0.5225833198101344,1.0,0.36156036293287064,0.07999875559974942,10.18431998142097,5.113301230832254,1.0,0.0
2136,maz,tcf7,1,0,7.758778564820172,0.8107800274103064,52.7158812457524,45.66980704922767,89.47664047367016,5.121294721838351,7.8254749484566375,6.763342707777307,0.7966372574026132,1.6973374694533778,0.11213742848350741,0.3544040041660113,0.590210556823724,1.0,0.3139452528429467,0.06015577390828908,7.106055401499041,4.151882747406145,1.0,0.0
2137,maz,tcf7l1,1,0,1.4590079755591034,1.44730291384554,49.73674892293875,32.08142810814738,86.49026518279305,3.092185818122118,18.459841840766032,1.4174282743943076,1.3848285624287866,1.738960970625554,0.09638554143220415,0.358746327351173,1.015818591626255,1.0,0.23086304811812924,0.05424850660194722,3.8849558342697774,2.415562167230237,1.0,0.0
2138,maz,tfap4,1,0,9.743213200816378,0.17221846393013018,93.02779411488211,2.3089818335321173,154.9460668523554,3.7493903619319604,3.8054523332056647,8.819507128879671,0.16026489478507214,1.665588960015638,1.6238284370546163,0.3637299358706788,0.6092517190067042,1.0,0.40475803739872057,0.07978528505642801,9.51463496980217,4.113820175779743,1.0,0.0
2139,maz,tfdp2,0,1,12.091024116516015,2.9380777380855467,57.00099714199298,71.03410236198914,96.62498515087287,8.032246744305338,5.95067637773796,9.975108826685533,2.821381153188961,1.6951455236857367,0.11307592377775229,0.35512443968261,0.6203378970838296,1.0,0.3901247510158092,0.08204101795330124,8.892649489880306,3.482308256279391,0.0,1.0
2140,maz,tfe3,1,0,10.669266019267182,3.127910010733431,112.6316572811242,115.13921949463676,185.51624355780632,4.8440914839000095,11.455951783371752,9.746051218088738,3.045183550083161,1.647105689786354,0.04207160257956803,0.3640571483637034,0.8837789676707376,1.0,0.3022876545997192,0.06168353231898964,5.531919430278733,1.7898596571723284,1.0,0.0
2141,maz,tfeb,1,0,2.1621580842933517,4.852692692553642,91.95022375806529,110.14497090661959,153.74057429507914,5.870814346684686,21.234296710924262,2.1124841998377892,4.647917868167273,1.6719978267762943,0.05330079347573604,0.3667448123460838,0.8762950333194502,1.0,0.37861565273628545,0.08810710301028116,9.338457897286418,4.2607680521709295,1.0,0.0
2142,maz,tgif1,1,0,4.2207277180975815,63.125222287930754,97.56540103619467,26.338994597579767,51.47661456655426,74.84852309821045,1.4765420046254434,4.045708364396442,18.58457992138431,0.5276113665279513,2.8417380481595194,0.3456609157311882,0.31949716729622135,1.0,0.47634208993304067,0.13258494139246668,14.033334728238636,17.23751494776418,1.0,0.0
2143,maz,tgif2,1,0,6.566161702742182,0.7436765418533539,55.638663200616705,0.9170657031968115,92.97769964681359,2.4248257472820782,2.255697247245287,5.873056632941879,0.4106599039305573,1.6710987341943007,2.6441134357433125,0.3516926351057428,0.6986678345541546,1.0,0.20773071964847858,0.04851529487457037,4.231569666074189,2.060764920372307,1.0,0.0
2144,maz,thap1,0,1,8.508281270929638,128.0535213629124,274.6569660211792,74.08029518668178,68.14216598759137,26.96012803807541,1.6274092631538402,8.252632490305881,46.930507839746504,0.24809917248680607,0.3639311637478778,0.3453427224865205,1.0132612263434495,1.0,0.3754781997496058,0.07470330999305091,7.503590816387216,2.369627671299627,0.0,1.0
2145,maz,thap11,1,0,59.540801801305165,4.213265873909798,13.441700425543637,81.17844211910956,43.4656982344836,22.45404424852397,1.2889712952292314,10.96604797711893,4.005381411337576,3.2336458080768207,0.276601073664091,0.3368367167198955,0.475285666173554,1.0,0.486231207697256,0.11073234774338746,11.11708821047094,7.715385307851474,1.0,0.0
2146,maz,thra,1,0,6.579517995257336,0.03927088137535866,58.111335544592905,0.008830806527605949,99.33037926294975,1.0754819868938386,1.363014419768268,5.91033441394552,0.007209592234973992,1.709311588385825,121.78751550402318,0.35787754957290596,1.1737722254117886,1.0,0.26609334712328403,0.04782955943695612,4.564904593910305,1.1080784891081135,1.0,0.0
2147,maz,topors,1,0,15.470773168964707,1.6571226409872886,45.980027670747035,49.482403453393324,81.07026558989499,20.807976887664047,4.104334440469948,11.575871570043883,1.603425321966289,1.7631626098709967,0.4205126557213969,0.35453113957816995,0.2789014950903516,1.0,0.42252926960051274,0.10439769283446648,11.428389227039606,9.733613712256709,1.0,0.0
2148,maz,trim28,0,1,22.295468119383205,3.0705866206399453,35.47929879534569,62.25726311767672,64.97387661459105,117.80192095601011,2.7191298397077803,13.691575361216023,2.926260697888458,1.8313179465405491,1.8921795635851293,0.3478270135499673,0.22543427089070484,1.0,0.6242009292630493,0.23016768368927318,28.033887312160353,67.74939386923819,0.0,1.0
2149,maz,usf1,0,1,8.057290029981111,1.2355703218814285,29.79289942944323,36.32969753517624,54.29415888185656,8.004245562324753,4.837286596620064,6.3421091139958,1.1949308134364658,1.8223858678286153,0.22032238376261296,0.3452004734772559,0.416695970563727,1.0,0.4458187887405579,0.09915874591661267,10.698764202350228,6.894068358468635,0.0,1.0
2150,maz,xbp1,1,0,59.58912715832323,4.875055112499011,90.45276172234857,189.2783562411159,151.22697331182252,23.157284295721237,2.5701179119831465,35.92330888596853,4.752645919767305,1.6718889554309562,0.12234512574814356,0.360217783302113,0.695405836483932,1.0,0.2569145884320364,0.06643888378921499,7.073216983789978,3.896219694373836,1.0,0.0
2151,maz,zbtb7a,0,1,7.570836690956531,0.14675676190505904,56.10019821062686,1.8083550094179601,98.02601105539397,3.0858973923052986,3.8811396302341663,6.670622515237075,0.13574074354704782,1.7473380519505055,1.7064665821887097,0.3613816922364344,0.7239152622187266,1.0,0.2609013993774829,0.05723545699767541,6.919151428126736,3.147242617006486,0.0,1.0
2152,maz,zfhx3,1,0,7.986115053556426,0.45338810925318745,93.72367669294432,1.3061296153632185,152.67883262921328,1.5544211383857902,2.905852477237744,7.359056118979118,0.3365601996866642,1.629031617372595,1.1900971542962258,0.3585413899605931,1.1289873807325332,1.0,0.26552741491319826,0.049876002961549475,5.993783144623355,1.1476148361128002,1.0,0.0
2153,maz,zfp263,0,1,7.041171786064535,1.3145130243238836,94.48315002271316,0.35711792476351434,161.10811404505657,1.4452510159906145,1.3590030245847515,6.552834614856908,0.2808252405098374,1.7051518075585665,4.046985367501977,0.3686120855034286,0.7993693499246424,1.0,0.15489636344645383,0.04244854900524217,4.22014870780105,1.062793586559045,0.0,1.0
2154,maz,zfp57,1,0,9.404063375469605,1.2219760868156953,29.030131345481347,33.529710576490075,53.48164538513164,19.743195118483914,4.235925603743847,7.103080914098012,1.1790076527590514,1.8422805170482381,0.5888268875284355,0.3450392111150242,0.31638590430605956,1.0,0.44712770771801386,0.12314763228723348,13.691858062657962,12.899013304550722,1.0,0.0
2155,maz,zfx,1,0,8.868252908469632,1.0314176770253878,33.09701534571692,2.5774917773991812,62.41313795772541,2.166394067941368,3.1375098433162805,6.994181493693577,0.7366409756658712,1.8857633326082464,0.8405047445495126,0.3561936610173627,0.7702562326869805,1.0,0.24954772609545176,0.05444829434795663,4.901182275671363,1.6393662932801356,1.0,0.0
2156,maz,zic3,0,1,5.448819746676126,2.6137677431432342,84.18656918058264,80.54492369062056,139.25213788032534,4.5443493428779345,15.034060247700715,5.11759301818096,2.5316141919352093,1.6540897109326957,0.0564200589516124,0.36170298411816415,0.9781008358227138,1.0,0.2771167934724485,0.055913768524904366,5.976974493261032,3.3456429304687942,0.0,1.0
2157,bbx,setdb1,0,1,0.7621575613550293,4.435297269198677,13.981452761781801,28.734592559325293,3.090017331877617,28.47658754655856,7.7997558390408885,0.7227585175930631,3.8422334402906686,0.22100831612607216,0.9910211007086995,1.273499295167985,0.46229300460548256,1.0,0.10273914587298984,0.02516448939422762,1.536209099869438,2.0788966757472456,0.0,1.0
2158,bbx,tead4,1,0,1.3553828406106292,1.2680758253487028,2.9773185971030687,0.9735517521045298,3.6228618594048996,3.742128314731167,-0.015820323673654223,0.9313834787734264,0.5507326256987859,1.2168203506772652,3.843789820768949,1.290406955681681,0.710473356401384,1.0,-0.00028489504216671626,0.01813374581884354,0.5214467905408069,0.7690571250360524,1.0,0.0
2159,mecp2,meis2,1,0,0.13189572642423664,0.6061799736664657,0.3507830398035331,1.3347008429110054,1.2082870898603533,3.434951801747205,4.046608799414935,0.09585419349140424,0.41685657094344747,3.44454250278774,2.573574310671383,1.1567162256177692,1.7930791817321465,1.0,0.10172977547787389,0.018900891196625354,0.4549028478948279,1.2278000408856613,1.0,0.0
2160,mecp2,mtf1,0,1,0.4325171264042535,7.569944943822975,0.4635067989684801,31.320204408447587,1.280044109363488,8.52929582760686,2.37028858371686,0.22373803096305306,6.096459564956324,2.761651203848975,0.2723256756685268,1.1234144478089587,0.8863223524888162,1.0,0.09110007673068898,0.012675389342574927,0.16511640703683375,0.42307208647930616,0.0,1.0
2161,mecp2,myef2,1,0,0.14316316190906386,1.2942787152769804,0.6003457634192716,4.384318663124811,1.2237690242841839,4.7818547476941955,5.433729373199004,0.11559699527730502,0.9992837929057639,2.038440343634979,1.0906722606440404,1.1778573189890342,1.4106673744236053,1.0,0.07378939795004576,0.01787113927517548,0.43470510571851945,0.1437807251861796,1.0,0.0
2162,mecp2,nanog,0,1,2.6049832089430676,2.9444631051885555,1.9804475340039633,2.668139512298673,1.319471316417993,29.82996806975847,3.7027639114372963,1.1250922457412034,1.3997496150861433,0.6662490642962685,11.180063086003761,1.1285268880929682,0.22682268095720798,1.0,0.15339672182802544,0.04730548550093641,1.1466988992587106,2.050750300711035,0.0,1.0
2163,mecp2,nfe2l1,1,0,0.4247881719528645,0.30193454653912677,0.04838996433464216,0.043835699785586456,1.2364522828128857,1.6465570223847326,7.8860458509195,0.04344132349785343,0.0382783431416388,25.551832902007636,37.5620106542963,1.1269997317359575,0.8264672253113007,1.0,0.11866690044297544,0.015992201181327284,0.008585293090316796,0.8948502587624654,0.0,0.0
2164,mecp2,nfic,0,1,0.9746224897541526,1.1744117843404274,7.843939688378828,9.158081669802268,1.1821064172285165,3.6033130776695774,9.10091940975944,0.8669077650238578,1.0409258019568939,0.15070314971695456,0.3934571897902038,1.1342025728765934,1.2239288071717054,1.0,0.11733150560088358,0.02189478634063839,0.10682681045728706,1.3429922266121501,0.0,1.0
2165,mecp2,nfyb,1,0,0.0001000000000384027,0.0001000000000139778,5.416468176134097,14.875428505162771,1.1354749191359614,28.050866748542408,19.273767267861608,9.999815385098616e-05,9.999932776895475e-05,0.20963382082425258,1.8857182325071762,1.1241318538615837,0.4040632277232289,1.0,0.19987875409352898,0.029835493079562486,0.6656368756670836,3.4439086571618795,1.0,0.0
2166,mecp2,nfyc,1,0,3.962777170037647,0.13208713296074598,17.660444296246872,17.430683172522077,1.171850462670509,28.791908462893286,5.485785610398462,3.236539272328601,0.1310937241539165,0.06635452896955407,1.6517946071259657,1.159865037805392,0.4535595874634605,1.0,0.26309290126158047,0.04963903874177876,2.434941167651564,3.708973848529232,1.0,0.0
2167,mecp2,nkx6-2,1,0,0.17615506929275906,3.8499001650778775,0.1014338896559816,21.271271071548664,1.1886771788002966,153.62522253324516,1.802720021201285,0.0643688925116183,3.259890601373433,11.71873801578307,7.222192882433161,1.1526550911535514,0.5065929293266703,1.0,0.17602704102507868,0.05755893527757872,3.058962705192198,7.273241037787634,1.0,0.0
2168,mecp2,nr2c2,1,0,2.3087684047782226,6.0517149373504315,4.673953178275512,11.07005201473857,1.1595854991395764,3.548937148100036,4.226777360179616,1.5453967761802163,3.912726958748025,0.24809523221784044,0.32058902192826305,1.1509892804873227,0.9341681153025801,1.0,0.05986378399311268,0.02089747294421009,0.07903901882614138,0.8492253935380507,1.0,0.0
2169,mecp2,pknox1,1,0,0.16183862911800032,0.006182185824318223,0.032997924860694916,0.001,1.1829840211179186,1.3669294296975638,6.22778987403718,0.02740932753192502,0.0008607666211288921,35.85025501185427,1366.9294296975638,1.1318147746215723,0.9782951696025101,1.0,0.1156859049392385,0.014011143640791531,0.48036353886594846,0.18612172777422306,1.0,0.0
2170,mecp2,polr2a,1,0,0.21336072563415076,6.745157914160927,0.12788326538778547,47.781501816944846,1.1978008358435817,18.011757943656022,1.7784073457974898,0.07995823228385757,5.9107558893287875,9.366361049754579,0.37696090032206725,1.128043582759173,0.7984319229625222,1.0,0.1537957892446322,0.021248422734024625,0.06566392418854054,1.106359703124883,1.0,0.0
2171,mecp2,polr3g,1,0,5.435411375520141,0.00010000000000000003,12.27338242467808,10.052674114451321,1.2052607264878226,10.201047908475454,3.2580735294234806,3.7671048180852096,9.999900524970661e-05,0.0982011873160903,1.014759634335588,1.1226069084925423,0.6542693532342011,1.0,0.20641132789998318,0.037198490281813386,0.5140315430692746,3.123022689682508,1.0,0.0
2172,mecp2,pou2f1,1,0,3.4319259029388736,2.3285465289251355,2.3386685224241637,1.8186198681766943,1.3176787021518397,3.1858090516100703,3.7288174719933793,1.3908683384884275,1.0211167279028155,0.5634311530331756,1.7517729281183363,1.12290338086845,0.8379761480954074,1.0,0.12590894515377343,0.018270113005426112,0.3989006476288524,0.4167353047239644,1.0,0.0
2173,mecp2,pou5f1,0,1,0.02988043210147216,6.135801745131947,0.00904211792698633,93.84858383192017,1.0818655063817948,2508.770140131922,1.387771069917717,0.006941538788524225,5.759262320117917,119.647356417787,26.732104393019394,1.1086945927694736,0.2751666427865274,1.0,0.31486364641890335,0.14788601985881275,2.342420716899946,106.66989806652029,0.0,1.0
2174,mecp2,pten,1,0,0.42353983247665233,6.657686654959784,0.724124094492185,7.989130151697506,1.3170551964276231,9.936231374561041,3.486756597687246,0.2672345017269636,3.6314460607930683,1.8188252627489905,1.2437188011575728,1.128660684863459,0.6380547424511176,1.0,0.18985484489738708,0.02524039585798258,0.05606690979331926,0.9483169156258262,1.0,0.0
2175,mecp2,pura,1,0,0.06070809011841235,5.606760595046348,0.026541406856569347,20.799312844171737,1.1375528109647124,20.345989190754022,1.7763434993338834,0.018467477466146128,4.416285818759604,42.859552137235454,0.978204873554525,1.1301413543721237,0.6613318941634602,1.0,0.2134763001541128,0.03439379699080913,0.5679489744846298,2.5464355396619935,1.0,0.0
2176,mecp2,rara,1,0,0.35087080277464366,6.582084945821046,0.2678562243185084,41.73961411308622,1.2263144247684408,14.558105235713091,1.9465619454872325,0.1518972411733204,5.685513776392805,4.57825621894165,0.34878389618721534,1.1330536735770218,1.063577720480403,1.0,0.1720460329910097,0.026997525961342576,0.12651777675262804,1.8120384008009296,-1.0,0.0
2177,mecp2,rarg,1,0,0.07778059737331074,1.336317294316687,0.007754548272673526,0.00010000000000010001,1.1640386462113284,2.0187746094372025,8.38134063228963,0.007051527093962912,9.999251730734936e-05,150.11043909718344,20187.746094351834,1.128652506404558,0.8145611185650733,1.0,0.13296017116263215,0.01699792704535241,0.013168795636862782,0.655957826094412,1.0,0.0
2178,mecp2,rbpj,1,0,0.3875965038479807,7.736792983507369,0.3961976531014385,38.18839442027148,1.275947769124494,19.489038120872813,2.2500491355591237,0.1959249425545318,6.433413094311237,3.22048290578292,0.5103392906858498,1.1289875622373726,0.5772321177726584,1.0,0.1756557669747704,0.024241240854057256,0.3420270665631766,2.2679996694073252,1.0,0.0
2179,mecp2,rest,1,0,0.46161999890030225,4.677183757853883,0.4467147014885664,999.9900916214507,1.2708897689638983,5726.329039655544,1.8742942944686547,0.2270225280632997,4.655409337166723,2.8449696522835985,5.72638577885356,1.127907825875289,0.3060325076750946,1.0,0.2757300885670273,0.06623938849948789,1.4557534656661149,18.49203821903057,1.0,0.0
2180,mecp2,rfx7,1,0,0.41550255496391375,0.4009070867959225,0.036989540328471876,0.04409572650097933,1.2514501690316167,1.6137138120808687,8.646935259849144,0.03396578343206125,0.03972624155043844,33.83254179204657,36.595696230223794,1.1267700957934197,0.8707257082114512,1.0,0.14352296873718412,0.016292164067321337,0.2534179846511573,0.2125962474760612,0.0,0.0
2181,mecp2,rxrb,1,0,0.04416413366708798,5.391730195198875,0.013143754844803412,43.08580629275474,1.1604831587095015,17.24433488790199,1.4582276557464642,0.01012919095305497,4.792055446770947,88.2916010236083,0.4002323821151695,1.1605928127592653,1.194055816265368,1.0,0.1796035571779032,0.033018988261917334,0.3844166486698536,0.8590635616015498,1.0,0.0
2182,mecp2,sall4,0,1,0.4217145450026347,5.223438639255599,0.3624826655748447,172.6974821218213,1.2472790691463458,189.64721667640953,1.8329511973591366,0.19493082903427988,5.07008786352132,3.440934388319902,1.0981469697550763,1.1219445189395671,0.5403069349391785,1.0,0.15265813008277912,0.027552061577567535,0.19670869960109252,3.1803399510347012,0.0,1.0
2183,mecp2,setdb1,0,1,3.8945681467168765,0.00010000000000000017,14.484390563418538,11.25381704738024,1.3191844725313795,13.086059258998484,4.7191681784829855,3.0692950021041057,9.999911142049866e-05,0.09107628427688792,1.1628107338074034,1.1285268880929682,0.4523179866464208,1.0,0.21445180930440827,0.025143077006751027,0.5938686753738656,1.134508886745441,0.0,1.0
2184,mecp2,smad1,0,1,1.7503665882417134,4.45278913604566,0.36076129062817003,0.00010000000000029579,1.2378710427949067,2.092620133799323,5.420726498846097,0.2991123918957193,9.999775426731332e-05,3.431274571169991,20926.201337931332,1.1657483930211205,0.9570893515764426,1.0,0.13686499911648153,0.02644340133905739,1.9547283172919876,0.8787634915609113,0.0,1.0
2185,mecp2,smad2,1,0,0.45331570390493864,0.6878079893210756,0.018264153818210532,0.013403347301976676,1.2636561039428615,2.0166571163975293,9.568429485676198,0.017556788333378717,0.01314714819406924,69.18777166029534,150.45921522156783,1.1281974042621374,0.7626933644472883,1.0,0.16213625024406425,0.020026346560593558,0.3614632450534355,0.7875996946998621,1.0,0.0
2186,mecp2,smad4,1,0,0.4783057661772134,7.272513743616169,0.4921897179284499,54.05188066859236,1.2861516467923455,16.480544372743978,2.133319451071074,0.24257421491791564,6.410059957353312,2.6131217291689026,0.30490233029616376,1.1296626461686834,0.9864337894110646,1.0,0.156547796448873,0.019935295686595772,0.3440755078742183,0.586608846558769,1.0,0.0
2187,mecp2,smarcc1,1,0,11.604486098534107,0.0001,12.961200228319699,18.68976007389981,1.1812611007132638,55.99980313834706,2.1169242103492802,6.122689424127162,9.999946495051539e-05,0.09113824953743528,2.9962826123461377,1.126332964279471,0.22273593515083187,1.0,0.22094178703732306,0.05448256364897265,0.9866450896870367,6.795507398158981,1.0,0.0
2188,mecp2,sox2,0,1,0.04597846278361369,5.138847360130191,0.011860708727585299,134.15003042595828,1.1191787277443976,690.0556685673716,1.3053743137662346,0.009428509098076776,4.949257547860524,94.36018988826895,5.143909892351725,1.1206257636760613,0.37044792112259217,1.0,0.25931957299694486,0.06141773183484344,1.287500548913801,8.912158616487293,0.0,1.0
2189,mecp2,sp1,0,1,4.010809385924814,2.036312634765837,5.675192893608147,7.810057712880999,1.1726935881417795,2.9534488878772844,3.038906961102251,2.350001194271338,1.615185965739218,0.20663501842599222,0.37815967518475696,1.1619024772101716,0.953875573930281,1.0,0.11459294882895192,0.016214295864816475,0.48931150517799693,0.4307500180152825,0.0,1.0
2190,mecp2,sp5,0,1,0.1884968667135154,2.351602408504916,0.1363442335592618,11.802954858258735,1.244604732945494,99.19084619431645,1.9611319704903245,0.07911702305772042,1.9609131214107016,9.12840022973563,8.403899479875658,1.1836093166010742,0.899669384539048,1.0,0.10953042933710586,0.046918383166500606,2.174527871402943,9.394844151846447,0.0,1.0
2191,mecp2,srebf1,1,0,0.14818357073876048,1.37678617235985,0.00918921691643982,0.056433846244136276,1.1602113119821287,3.0969489454019308,8.608767676309123,0.008652645703617477,0.054211731732360956,126.25790886560436,54.87750971295382,1.130899428957297,0.5231129804148937,1.0,0.13203782530050218,0.02098901450256348,0.0922731263092709,0.2554023829264702,1.0,0.0
2192,mecp2,srebf2,1,0,1.2721206798746048,1.8937385025793512,9.999999999998899e-05,0.05267829736704255,1.2475692395184226,2.795886889149347,11.528605848642634,9.999213972845106e-05,0.05125259912318903,12475.6923951856,53.07473910306287,1.1618030520525997,0.6726225097757301,1.0,0.18649792940287127,0.030749555321107246,0.7136128121943229,1.4096673260941806,1.0,0.0
2193,mecp2,stat3,1,0,6.179003530113457,9.03356270334581,7.437156356892218,14.588215197294438,1.1654474669979769,5.3250103647382705,3.565988854962967,3.374976187456369,5.578900846031987,0.15670605955701397,0.3650213746316176,1.1579055082657836,0.5124921704237497,1.0,0.11747401400970886,0.024959465129376145,0.802898332920416,1.0040250372385282,1.0,0.0
2194,mecp2,stat6,1,0,0.01127873843407176,1.942339433908612,0.020001726357267012,3.119202603237733,1.1712893850370407,3.425066752634283,3.948904103285929,0.007211984902345769,1.1969771611409568,58.55941452831089,1.0980584425901232,1.1485509662551237,1.0237116791320786,1.0,0.053853359820185964,0.015588346854566703,0.17059137865272447,0.32732823027878744,1.0,0.0
2195,mecp2,taf1,0,1,2.652855857725303,1.0764622452771155,8.961969806583818,9.083572078687896,1.3090308749522008,12.337560372906315,4.897084725647274,2.0469368017472838,0.9624103701989187,0.14606508426200396,1.3582278277785684,1.1304539737920407,0.4735733499302044,1.0,0.15367244502867805,0.028711966162433367,0.5862964831937529,1.5338186837382648,0.0,1.0
2196,mecp2,tbp,0,1,0.3554642757825564,5.385943933096369,0.00010000000000000286,9.999999999998899e-05,1.2086222365131936,1.324323936585314,13.802661176498335,9.997187568976951e-05,9.999814334970462e-05,12086.222365131589,13243.239365854599,1.1688739637220174,1.1154147383410467,1.0,0.16227495153616137,0.02679533515583404,0.5132069986080313,0.4598546375546478,0.0,1.0
2197,mecp2,tbx3,1,0,6.276008419326358,1.6390302072051068,7.712713565983814,7.892699552746237,1.2239055732988213,16.89169778182569,2.691786875694191,3.46029146385196,1.3571904899883938,0.1586867660555605,2.140167336782544,1.1330908508251882,0.3354404822738627,1.0,0.19288504975650678,0.03370306880455289,0.7543225648509737,2.9809988558770733,1.0,0.0
2198,mecp2,tcf3,0,1,2.809739920435291,0.00010000000000000018,10.799564365745058,9.699610503354291,1.298812057999407,21.098544563396434,4.843667561883784,2.2296486641537796,9.999896904139616e-05,0.12026522681961925,2.1751950303674765,1.1321529715463416,0.4153631032959254,1.0,0.20285996700903752,0.03732010664379389,0.7579689046805216,3.583333386277026,0.0,1.0
2199,mecp2,tcf7,1,0,1.017541604721019,0.00010000000000000002,3.2410931595659194,15.980075838860417,1.1296816266538403,10.608811801041895,4.185245488483924,0.7744141766492221,9.999937422465807e-05,0.3485495698633787,0.663877437630386,1.1294252394835484,0.6063130908508251,1.0,0.12945551485123225,0.027265283433405733,0.18334924879081166,0.9985237226843996,1.0,0.0
2200,mecp2,tcf7l1,1,0,0.46835288253786783,1.0355353124553721,0.2510833315181862,1.1297626346194856,1.259157924768122,3.2569056619758414,2.9007430107698786,0.1634552164267217,0.5402993636148531,5.014900499983688,2.882822959596993,1.1306970036853068,1.0224888654874893,1.0,0.062026009691004705,0.014909013715579646,0.13447551129316898,0.6335851638508039,1.0,0.0
2201,mecp2,tead1,1,0,0.0252500778093194,7.025769150738786,0.00010000000000082426,0.00010000000011223253,1.1440542219291765,1.5698195725868431,13.724725819887517,9.960552389406895e-05,9.999857680078053e-05,11440.542219197465,15698.195708249948,1.1324929081048614,1.0218775510204081,1.0,0.17194289586052255,0.021530372979934556,0.07082596298774076,0.502607924093387,1.0,0.0
2202,mecp2,tead2,0,1,0.44313043293739546,5.4987318508125504,0.4305107948683369,28.36991711672851,1.2620569204692924,31.71163496241267,2.1866151401426848,0.218364734678764,4.605987295335361,2.9315337397178793,1.1177908920894837,1.1230604365760928,0.5403924505445877,1.0,0.15565493089518115,0.03008888417157556,0.32196169600244173,2.139313244186064,0.0,1.0
2203,mecp2,tead4,1,0,3.747503067995444,2.4567940311919223,1.0925074355371576,0.8426812129633878,1.3493416465089227,4.264433354371702,4.118764734946694,0.8459020829593444,0.6274616479918554,1.235086922630862,5.060553491367536,1.1422334864763686,0.7245997841035623,1.0,0.15456956428420573,0.021256865876947913,0.5493935200538483,1.0499692089875496,1.0,0.0
2204,mecp2,tfap2a,1,0,1.791682196113713,1.3708732857114758,3.4881086937477472,2.624557407219731,1.2165189490734234,3.021059037966139,4.410146779201553,1.183679879575929,0.9005125887277289,0.3487617662987309,1.1510737123355337,1.1316475594050655,1.198827325079927,1.0,0.1260304908306607,0.02698515418787717,0.1820514000528933,1.4817402646572424,1.0,0.0
2205,mecp2,tfap2c,1,0,0.013468493093864331,0.6583885384426997,0.04552968874199942,2.4239181664942344,1.1483045595761894,5.034747196258972,5.568358826865347,0.01039381688224586,0.5177550749205863,25.22100614575302,2.0771110451888055,1.1281199319647164,1.0748306190295838,1.0,0.11289049890615131,0.019193072242407083,0.19866535104428826,0.6577866630563389,1.0,0.0
2206,mecp2,tfap4,0,1,0.10629738084209224,3.1944657785164416,0.02058682908653246,0.0001,1.1899782889676962,3.943038024326985,5.171214157987504,0.01724663780444538,9.999686968411567e-05,57.80289348912694,39430.38024326985,1.1594269166285633,0.6151385426958987,1.0,0.17299713541752726,0.025947648713538385,0.8465903373602507,0.9793555662568869,0.0,1.0
2207,mecp2,tfcp2l1,1,0,10.825728629594098,0.0001,14.33052548161074,19.601567941753846,1.1969621935611376,35.812081484582706,2.323758824916708,6.166990494594385,9.999948983933256e-05,0.08352535258369326,1.8270008598801115,1.1310327501352782,0.28965076481818725,1.0,0.20184111410674466,0.04017607825808619,0.7213677542962416,2.9589892319043365,1.0,0.0
2208,mecp2,tfe3,1,0,0.4696747003740833,6.37138052120919,0.5974875825409471,20.125053692988168,1.304742583767738,10.203647166683751,2.608585164065442,0.2629635677720992,4.8393068309202345,2.183714979011001,0.5070121711147949,1.1321529715463416,0.9010565745357451,1.0,0.1482030703519725,0.021765934638270052,0.06701199928691816,0.8616883767370085,1.0,0.0
2209,mecp2,tfeb,1,0,0.00010000000000010001,0.00010000000000015429,0.08932407834473005,4.196999670558799,1.1399350253773406,5.379158164224126,3.7480974810130125,9.988817329542356e-05,9.999761740245946e-05,12.761788831203704,1.281667521195667,1.1367053202027855,0.871472823925941,1.0,0.1385087811853829,0.025533134530688412,0.20497131120738848,0.9439403998327717,1.0,0.0
2210,mecp2,tgif1,1,0,0.42012628676119784,6.4790483814591155,0.3542345129898302,67.84037308828212,1.240831992813361,140.81335760205727,1.924998079849999,0.19218848711469924,5.914215298812218,3.502854598611582,2.0756571815843916,1.1353944773175542,0.3281577828965822,1.0,0.22827321904270376,0.04305110329761254,0.7638271314133342,6.217189352140001,1.0,0.0
2211,mecp2,tgif2,1,0,0.22876305771379774,1.236926594294652,0.03572969206789942,0.07260024579876528,1.1926542884850628,2.5584650593144604,6.883738960671067,0.03090305354445943,0.06857528385933293,33.37992071744099,35.24044624319953,1.1564684049748033,0.6978152571127546,1.0,0.1272580641370373,0.026306562361545195,0.5409752918439634,1.101788697170226,1.0,0.0
2212,mecp2,thap1,0,1,0.02718207612470139,5.580129237156082,0.008002907257789212,48.71193818084706,1.1566629320539583,19.59152655882735,1.4420770850870535,0.006182627171806644,5.006604525642906,144.53034313601233,0.40219148098957186,1.1499089518999548,1.027170371117168,1.0,0.16799120029863426,0.03158453821917076,0.7926541175294687,0.6210746186127029,0.0,1.0
2213,mecp2,thap11,1,0,2.522764473877727,0.13459717336040408,15.76591943396583,29.161208317389892,1.1215850233518643,25.32860432535661,7.262113491771295,2.1747711123690805,0.13397877769682245,0.07113984237008977,0.8685718386453911,1.1176599532362632,0.48713593065377103,1.0,0.1936743836577864,0.02645948492553797,0.2554958108105636,1.4664368630824927,1.0,0.0
2214,mecp2,thra,1,0,0.0058751856302556955,1.9792013688575196,0.001,2.409594265605113,1.1630052206274664,2.1788085223058236,1.1202569837618586,0.0008545493818233372,1.0866471501721675,1163.0052206274663,0.9042221561556826,1.1613275042242197,1.2431644876237107,1.0,0.01370614513531818,0.014357196850380637,0.12598495791097591,0.3157146683935879,1.0,0.0
2215,mecp2,ubp1,1,0,4.098762129666325,2.638472596458806,3.3920920345912053,3.4611786646611704,1.187119175900132,3.993127430617132,3.2008539066725863,1.8560471298540206,1.497171668873342,0.349966676550743,1.1536900626908366,1.1651762115907236,0.6192288388556737,1.0,0.1748182568052621,0.03060842576616444,0.8712775717965303,0.40996201295796925,1.0,0.0
2216,mecp2,usf2,1,0,0.4735433212994795,5.926735790274174,0.6283262550911233,117.69743235523991,1.325536568354076,66.70343890826979,2.191805522778836,0.2700316880244268,5.6425988156466005,2.109631035809318,0.5667365682790967,1.1311809116442062,0.7246694159004868,1.0,0.14339227553779682,0.025122921293933287,0.4453215919782509,1.798329802083348,1.0,0.0
2217,mecp2,vezf1,1,0,0.0059772918412050345,0.5393889053048373,0.001,0.15178472306911278,1.155653636914924,1.3229608909567427,1.8014812555419506,0.0008566779170545212,0.11845214032667263,1155.653636914924,8.716034553453403,1.1473646809509608,1.1290461854419005,1.0,0.029216787266038196,0.00853756889910348,0.032428139653637514,0.1161866955388573,0.0,0.0
2218,mecp2,zfp219,1,0,0.46317436635101605,6.76855529651817,0.6543576251213363,22.050064836197137,1.3231130439897825,16.5230339030017,2.718383173355754,0.27120626585662166,5.178842097515411,2.0220029433361306,0.749341737801953,1.1341802148281956,0.5449890677204122,1.0,0.1482279923137898,0.019866373791995906,0.15489799215989514,0.810205945998558,1.0,0.0
2219,mecp2,zfp57,1,0,2.4998690640161887,1.288191457387631,8.822286737107973,7.227349519767711,1.329534741666916,24.733621018685454,5.336359135130219,1.9479118707929082,1.0933198414400072,0.1507018283677719,3.422225665305917,1.1252545742220783,0.33054781882172235,1.0,0.21532905339839212,0.04120774088695643,0.5970673031793303,4.106480746527428,1.0,0.0
2220,mecp2,zfx,1,0,0.5567195723514549,4.843160671683957,0.058647260548228275,0.00010000000000028782,1.2220252478179465,2.3540834717539743,5.298575867193244,0.05305790963439298,9.999793527557488e-05,20.836868361703278,23540.834717471986,1.1332020094141846,0.7768689865429691,1.0,0.13014423539815073,0.01880278067557605,0.09254425398561426,0.4407308042442292,1.0,0.0
2221,mecp2,zic3,0,1,1.0517431642379846,0.00010000000000020974,6.912242459759252,7.341537439396894,1.1766161097599936,4.860834934241321,7.5586291956864855,0.9128474233682105,9.999863790625148e-05,0.1702220540743263,0.6621004080366902,1.153236027055892,0.9777724010768205,1.0,0.19875020177205688,0.03498665761845538,0.9382292264488891,1.3011840514558175,0.0,1.0
2222,bcl3,bclaf1,0,1,4.751529022583532,0.5294931716623396,56.48330362109569,57.29477639532766,4.860313344860386,98.47296823529508,13.006494931513194,4.38283318268751,0.5246446362474263,0.08604867338257335,1.7187076105479917,0.9828367389804062,0.2925677836060671,1.0,0.3208779857217387,0.07593785477507084,3.536604333246067,8.749294810158911,0.0,1.0
2223,bcl3,bdp1,0,1,4.867252768940351,6.989891490362349,25.991081756403695,11.038592038629275,5.189743507432688,7.94711399835966,3.0622235421547717,4.0995460899781175,4.2798142412986415,0.19967400957268877,0.7199390982608048,0.9897690234540313,0.6374295276386424,1.0,0.2550562931271351,0.044431315322786255,1.372471599147144,1.0758823422670611,0.0,1.0
2224,bcl3,bptf,1,0,2.3895999013552727,0.0001,78.07166308831535,90.65998368973084,4.494119451755571,122.47125634144503,31.156566001371726,2.3186317425620135,9.999988969787373e-05,0.05756402866263761,1.3508854883603678,0.9742948517917862,0.3913992755018139,1.0,0.3030527723741824,0.06923602248668516,4.667731030495551,6.579760454882077,1.0,0.0
2225,bcl3,brf2,0,1,6.363218318429885,0.0001,63.53182651456521,46.2576146714062,4.82115309995123,21.219488970268852,10.87094461185642,5.783913341020565,9.999978381984344e-05,0.07588563660838461,0.4587242364528044,0.9799349129146775,0.783491333907881,1.0,0.272668391714866,0.052599727988862095,1.1869651002826087,2.1405849313333656,0.0,1.0
2226,bcl3,cbfb,1,0,1.946549727156053,1.5031377354033335,2.3243480616925023,4.070179870496279,5.239544935799411,3.588175796203192,3.0043440259384573,1.0593695538949075,1.0977377185082333,2.2541998000007677,0.8815767141430249,0.9960628545469371,0.43390310700478,1.0,0.1554932487097598,0.02942304769568365,1.7746059245072807,0.9981425156518615,1.0,0.0
2227,bcl3,cbx5,1,0,5.66849928928207,5.250135822178802,35.352469225958416,18.827404267271252,4.9497601671717435,34.98791615799665,5.321342248456563,4.885195399695616,4.10533755587241,0.14001172409018778,1.858350501285944,0.9835687832494745,0.3537578296624772,1.0,0.39817655172237726,0.0805462504897857,2.7013562797979827,9.900892919327953,1.0,0.0
2228,bcl3,cdc5l,1,0,6.140659814017088,4.1287801919945775,54.796191245335066,41.70673519882543,5.645446008283623,130.62022568402298,10.307823568921783,5.5218601501690605,3.75686715188898,0.10302624835743915,3.1318736664792115,0.9994208881200397,0.25945612476970226,1.0,0.39012697131198565,0.10546755920150393,5.71188293170412,17.42029173638545,1.0,0.0
2229,bcl3,chd2,0,1,0.00010000000003862475,0.00010000000008059118,3.5642411823259605,7.561645049806376,5.537040766626641,7.096417093959135,6.843083611346245,9.999719447106088e-05,9.999867763452214e-05,1.5534977807010428,0.938475298326896,0.9999320663553507,0.6582976256966182,1.0,0.25485075270541274,0.039542436268777605,2.5540919471069814,3.4089725602036274,0.0,1.0
2230,bcl3,ctcf,1,0,88.27902482193471,1.3249420155099727,699.7132858926054,436.3810961196567,4.974226241418554,1219.4529586519714,0.8975678125925413,78.38909808337934,1.3209313983570938,0.007108949253511841,2.794467884826969,0.9829659299678921,0.47798623181758826,1.0,0.4590473231894223,0.11506759303868941,4.695283243060432,15.966656771177952,1.0,0.0
2231,bcl3,e2f1,0,1,19.932845429700187,0.0001,176.12719929781525,108.13207652716878,4.706521856940431,135.82761083598584,6.29570525056166,17.906331932386067,9.999990752058897e-05,0.026722288639712745,1.2561269070039398,0.9797397947950363,0.690170662820744,1.0,0.3834207706521598,0.07501188767538351,2.8507743249781,10.005686226941549,0.0,1.0
2232,bcl3,e2f4,0,1,8.892833256158186,0.00010000000000076655,67.40161408475123,41.966559245889016,3.951836654921569,229.3265304652914,8.275184207078935,7.856290151409478,9.999976171637173e-05,0.05863118722872873,5.464506373315699,0.9621642857142855,0.3450659572880516,1.0,0.5237417319027462,0.13369740411607517,7.163998305579365,33.18362184492821,0.0,1.0
2233,bcl3,e2f5,0,1,2.3100873177135495,3.233530170109837,2.6687798377095038,2.3080776568598105,4.321039755045985,2.802653801282034,3.197250487815835,1.2382564676679952,1.3467641470568998,1.6191068644892577,1.2142805476896756,0.9720719156705471,0.773279597039818,1.0,0.2869313148596461,0.04470336178232192,1.3285862131077009,1.959398694363721,0.0,1.0
2234,bcl3,e2f6,0,1,0.6256827703012244,0.9706044611596787,3.0416527459272436,2.5540319456802525,5.5715119724368325,2.1340159825957943,4.345876534540696,0.5189352618391635,0.7033221343372928,1.8317383468237973,0.8355478819304317,0.9924207642973499,1.2852175382887914,1.0,0.14540351380045408,0.028732347421512237,1.393372544022205,0.6398623501976024,0.0,1.0
2235,bcl3,ep300,0,1,6.253421758500161,0.37627581300813406,1.0039532769581228,7.733668480796876,5.683227339165989,2.403309943019205,1.217010014502265,0.865070805349529,0.35881780314694617,5.660848437474695,0.310759369759223,1.0024918302713375,0.7909686908212845,1.0,0.23305727629024767,0.03538138015741798,1.2023349331927349,0.4252152387176685,0.0,1.0
2236,bcl3,erf,1,0,7.50478094044038,0.5497257907526764,0.8262731181839431,8.305206296315346,5.9636217684105866,4.043390062388921,1.183577595289898,0.7443234319822727,0.5155980930981687,7.217494599749254,0.4868500453965599,1.0052835257212673,0.669657929872462,1.0,0.28145835622390675,0.04726763738038998,1.494374011797201,0.7151277088826932,1.0,0.0
2237,bcl3,esrrb,0,1,11.735223579987876,0.2933490399584967,0.00010000000000026654,11.547150266558132,6.73119762110531,2.81014407397462,1.024612359673391,9.999914787208005e-05,0.2860813009031673,67311.97621087369,0.24336256211310583,1.021634959942002,0.7365874104557231,1.0,0.28247825596181336,0.053880067382825525,2.2559272607620033,1.6552641465878875,0.0,1.0
2238,bcl3,etv6,1,0,1.2594644481993247,1.3623391099431865,2.838391437218406,2.90662358187103,5.314770554669682,2.4109499905586094,4.2921171366846895,0.8723716024204574,0.9275806019713009,1.8724586344856302,0.8294675669722085,0.9965135034979746,1.1102702702702703,1.0,0.15066794936172093,0.02823562240216321,0.5874273511244428,0.7924126556604907,1.0,0.0
2239,bcl3,foxp4,1,0,7.2308619561369625,0.8535730516219873,0.414671322520148,8.204745497032222,5.3059466404503235,4.652559757090736,1.1673474597505822,0.3921807650333835,0.7731401378817747,12.795547587432981,0.5670571693873546,0.9912664246451548,0.5920799692425991,1.0,0.3519269650301719,0.05963246096392088,3.483981526982447,2.399300865856189,1.0,0.0
2240,bcl3,gabpa,0,1,3.8234997608762,7.906050967460905,20.702888463891806,6.88182052145992,5.886516619115621,8.244074852634506,2.215889865027896,3.227441740125424,3.67923293303863,0.2843331078840702,1.1979497034144675,1.0065945233122422,0.5596010165832264,1.0,0.23984014662852043,0.044838315454092205,1.0409496016126492,2.0253914921373286,0.0,1.0
2241,bcl3,hdac2,0,1,5.5548766109552625,5.8909754847690134,40.05090709675411,29.333063991383828,5.361759599016681,83.73151948768923,6.808619606089747,4.8782814150323,4.905750829157203,0.13387361205237772,2.8545098293272115,0.9930375256611521,0.2285658196923701,1.0,0.37264215412808244,0.09815506252142416,4.311492127985524,12.294988520105663,0.0,1.0
2242,bcl3,hltf,1,0,1.8833054654027226,1.029144021115681,2.552347762561956,3.99100447088288,5.55980284701456,2.4470145342273453,2.962509516743231,1.083684914892905,0.8181667127977547,2.1783092917690134,0.6131324963627572,0.9995877700810734,0.7652084785105263,1.0,0.15659130727808462,0.03499149040052156,1.059621752492613,0.9690424736017975,1.0,0.0
2243,bcl3,hmga1-rs1,1,0,4.885377390142535,7.842996834409381,25.09011934602419,6.803270302023746,5.115117894121477,13.66260105499316,2.231046247625517,4.089163320558179,3.6431144499388206,0.2038698112024734,2.0082402210197343,0.9930375256611521,0.6139241169236684,1.0,0.4153588726457642,0.08043186392372921,2.4613198605122832,5.0029753353322475,1.0,0.0
2244,bcl3,klf10,1,0,1.8326068974499807,0.5961463485547495,3.017127158105909,3.9686913961485772,6.074488705547523,3.555023991617791,3.043873644284251,1.1401054113666804,0.5182924381266018,2.013335331004399,0.8957673038190295,1.010361611275344,0.7545163807534525,1.0,0.16702723391639285,0.03463115658867041,1.1310495601969939,0.8015755802595672,1.0,0.0
2245,bcl3,klf15,0,1,3.561029614561735,4.592975107107117,24.411623423562382,12.357442002738514,5.267711587830978,37.082157810963224,4.228836589635168,3.107696428806963,3.3484381616267385,0.21578702474766678,3.000795617956006,0.9923027291088593,0.557376753080515,1.0,0.35112355546157653,0.07878151841862645,4.242118890457796,8.299052080497129,0.0,1.0
2246,bcl3,klf16,1,0,0.00010000000008725252,2.5642345567808373,6.4997832820326416,15.530318688155209,6.960703948528312,1.4374237248808093,4.8868792296057055,9.999846159808533e-05,2.2008490245058594,1.0709132361027782,0.09255597092010194,1.0246728615457013,0.9537370137879991,1.0,0.30402335235978795,0.05346065726593105,2.3504787465160044,1.3694775196483335,1.0,0.0
2247,bcl3,klf2,0,1,24.44818301709939,0.0001000000000008939,175.0906110891022,141.9361063061845,3.588473916935978,2624.445545428812,0.5347749525135868,21.45270709716643,9.999992954670707e-05,0.020494953410779018,18.49033071097046,0.951768769950588,0.3215535133378599,1.0,0.45066242061098977,0.19830316065307446,9.967024055859156,149.1769549397265,0.0,1.0
2248,bcl3,klf3,0,1,3.163798405498635,5.823946422283636,17.160417387765005,6.454933790505704,5.143823020877728,20.977399993577965,2.4970505954015105,2.6713011572676186,3.0616137549853626,0.29974929540729933,3.2498241925320377,0.9937913220021738,0.419442083728705,1.0,0.3393462494802646,0.0675690000384756,3.7131994338110754,5.074130035622492,0.0,1.0
2249,bcl3,klf4,0,1,2.036376066917673,3.5687471666548007,13.41921370506642,9.444895047452858,4.612462517806069,62.48770972627514,4.199566954171243,1.7680700658466606,2.59008522636417,0.34372077374881027,6.6160300789289455,0.9773156807754996,0.30538170170975915,1.0,0.30060063264405246,0.08904107826058834,4.888043247937334,17.3906637685226,0.0,1.0
2250,bcl3,klf5,0,1,7.435315903290643,0.00010000000000274438,102.26052534013412,85.98650082930018,5.580642295743811,169.00040788361795,14.367397923973034,6.931341258900553,9.999988370555501e-05,0.0545727911839074,1.9654295296783435,0.9975538445409964,0.30205589082379186,1.0,0.3779840835200075,0.08850678965819692,3.634214752354996,10.51146383473672,0.0,1.0
2251,bcl3,klf6,0,1,2.322411092044211,2.8671607852256566,23.718206038474257,17.264191042905104,5.317803928293421,39.91393744143724,7.093903291920725,2.1152887625918524,2.458812104097912,0.22420767909964173,2.3119494763607986,0.9893163281658447,0.6743829523920021,1.0,0.26908438873540014,0.06675956215141435,2.7742875442625605,5.868543463237995,0.0,1.0
2252,bcl3,maz,0,1,8.371928998515115,0.00010000000000050881,65.985207555709,47.77530174288035,4.241266640914742,76.91474891453306,8.62490632490793,7.429326870405104,9.999979068777391e-05,0.06427602182404275,1.6099270147675242,0.972793096607816,0.3477660469468914,1.0,0.41915743241985914,0.09389274177610016,3.1907990674442317,11.239425696199536,0.0,1.0
2253,bcl3,mecp2,0,1,3.144933947105336,0.9800352470373062,3.6107859956602084,2.3824835715920036,6.192301389389475,1.148439143635876,3.0225291819618043,1.6808990825092918,0.6943954819557839,1.714945553913187,0.4820344439430806,1.0124959386814745,1.1433584361480533,1.0,0.2146015556287723,0.03514296337163969,2.617523918178668,0.4147530534597945,0.0,1.0
2254,bcl3,mycn,1,0,2.294014714757101,4.677495252360672,14.497904790458854,6.628092355760352,5.263760043696374,28.295137270369935,2.7994639852656804,1.980619720820437,2.7422608714302603,0.3630703967072871,4.268971485555592,0.9936240324856516,0.5425648944946231,1.0,0.31428505435722953,0.08598919379205255,3.43688831821966,6.351451280812303,1.0,0.0
2255,bcl3,myef2,1,0,0.48124670703318306,1.1457721261672396,4.107505225776974,6.296187658032958,7.06280620239774,5.861862958042087,6.78529619125665,0.4307758172528215,0.9693678182739143,1.7194880625043496,0.9310178279967974,1.0225842159634597,1.4251914492406255,1.0,0.07000638507271127,0.03141834396798682,0.12391981590031316,1.4476044923633646,-1.0,0.0
2256,bcl3,nanog,0,1,6.78654779479783,0.48347375822283506,0.48578692501923376,5.935880327688931,5.311958229362522,28.86226543238894,1.1446049301764738,0.45333669471333565,0.44706092419594984,10.934749281595435,4.86233950805173,0.9964764681382756,0.2252570689072862,1.0,0.3420219129277479,0.09429643591836508,4.126842447900515,14.738981443521443,0.0,1.0
2257,bcl3,nfe2l1,1,0,0.8141747991601888,5.157654148763996,6.796530555430798,7.993026257668554,6.798547592987563,1.6122134136666613,2.8551809790914366,0.7270763539171778,3.134838941023825,1.0002967745881983,0.20170250436996812,1.01493334550767,0.8313679846938774,1.0,0.2138900630389574,0.03822865250776757,0.9559123865629926,0.422002797471487,1.0,0.0
2258,bcl3,nfib,1,0,7.116360310575929,1.1196221140059022,1.984043612636308,3.5748321070716575,7.396837775054053,2.2091543600515706,1.6793151212817368,1.5514881909146025,0.8525934842361765,3.7281628931661777,0.6179742975009842,1.0323643079140579,0.7882929098097152,1.0,0.20135134424636214,0.03236588764896163,2.5012863349576806,0.3586243801934861,1.0,0.0
2259,bcl3,nr1h2,1,0,6.435970042693671,0.0001000000000002489,49.22365323783319,35.20283098361518,3.937719685667776,39.168654201379724,8.558369938144873,5.691773299182073,9.999971593299312e-05,0.07999649409689188,1.11265637185857,0.959265630501484,0.44926448391492,1.0,0.37485026464989685,0.07122940759361729,2.817801976844887,4.638710455117771,1.0,0.0
2260,bcl3,nr2f6,1,0,2.8199177512923486,0.008318943664839552,9.819946170616703,6.57970460399085,5.658034890203409,4.640102332487481,4.477149161807978,2.1908021078659687,0.008308439023622324,0.5761777907839671,0.7052143844988232,1.0000361452315405,0.993355983275979,1.0,0.29075140067719324,0.04693600131606344,2.8628252561603267,1.5706791006438101,1.0,0.0
2261,bcl3,patz1,0,1,4.47677611422762,6.853895561144203,19.756617985865677,6.2574530591882365,4.642355264158782,8.681276658029834,2.3464511943992727,3.649755173861624,3.2710540302414013,0.23497722471933336,1.3873498651791778,0.97962741874145,0.43686781025482824,1.0,0.29213742938446546,0.0535632147491565,2.143348292578092,3.451189647988443,0.0,1.0
2262,bcl3,plagl1,0,1,3.0065761708225,6.779855717859337,17.483542930268335,6.152857998303458,5.846547636919516,5.67891543207791,2.235534242137588,2.5654122992822685,3.225578977197947,0.3344029102246603,0.9229719641902627,1.0083303016578935,0.9928280429081945,1.0,0.22005126649775614,0.037971111848377904,1.481593543676808,1.6122034743616225,0.0,1.0
2263,bcl3,polr2a,1,0,7.642656947460209,4.0522804132983055,62.70027034384407,42.7749282589002,5.519033957879262,14.961440796841948,10.075737822589735,6.812293363433157,3.7016087202031267,0.08802249061468558,0.3497712656883046,0.993613027249025,0.7866983234544577,1.0,0.2490787352562021,0.04697094517296221,2.452266097310473,2.05921456408463,1.0,0.0
2264,bcl3,pou5f1,0,1,4.600609035536317,31.678892287560068,35.05724133199983,78.17169438196719,3.3506725420344448,2001.9372635565067,3.9226892179632635,4.066903771592296,22.54328139104385,0.09557718789972189,25.609490486089783,0.9451927055085972,0.25550285154760477,1.0,0.5097961305241825,0.22644053619549184,11.171848848993962,165.4301320277037,0.0,1.0
2265,bcl3,pura,0,1,5.267345575785954,9.255739352264406,33.51226249165197,11.99477000526356,6.1073368106561,13.787309050354388,2.65679380557204,4.551894058934538,5.224367232390588,0.18224185287929937,1.1494433861011277,1.0095927864052643,0.6520576984114934,1.0,0.322342177449903,0.0611685965572659,2.891569794216541,3.5517682710015794,0.0,1.0
2266,bcl3,rbpj,1,0,3.9936234183874193,5.617050281228842,23.515001136394805,18.03552075914851,4.767447429042952,10.428857708177963,4.925790277473071,3.413840595144817,4.283104224878697,0.20274068461192818,0.5782398993324287,0.9813354529785029,0.5619169351636245,1.0,0.19912835140179014,0.037351480739317724,1.2946972365423417,1.652431452820433,1.0,0.0
2267,bcl3,rela,0,1,0.0001,0.26006620076390835,3.437505872126135,4.329296229294274,5.397527381192461,1.1118340702863785,17.63188516508238,9.999709099868572e-05,0.2453289840348918,1.5701871013398534,0.2568163533747425,0.9979353101640275,1.018561403303062,1.0,0.20526051036117623,0.029736336394255148,0.9341262511835301,0.4341377328730231,0.0,1.0
2268,bcl3,relb,1,0,0.0001,2.366598138268505,614.5291592613796,999.8189022454292,5.3758472437351985,787.4809293372591,317.75047292439973,9.999998372738181e-05,2.3610095653487093,0.008747912385795632,0.7876235661965444,0.9932729796786388,0.6533299044074804,1.0,0.2828007997199117,0.051034973712251845,1.3487950601460161,3.685607027689252,1.0,0.0
2269,bcl3,rest,0,1,8.140457193758943,7.0122536000250175,62.551307728449046,30.69130277461585,6.005304909944448,132.7883853604839,6.076534805053476,7.20304894830992,5.708087487351987,0.09600606490938586,4.326580280271141,1.0097394216313638,0.29010760649123857,1.0,0.5030797098044111,0.12747135436331852,10.468133131960238,41.4814668423259,0.0,1.0
2270,bcl3,setdb1,0,1,4.118608574327541,6.1283843851389745,22.124549131126184,10.029730765569733,5.043246637443808,13.7031841379327,3.1274211051193146,3.472232982681449,3.8040356092009637,0.2279479960271216,1.3662564288338899,0.9871790793115518,0.4504504943154793,1.0,0.29408948484239633,0.05167491207226492,2.673308415474778,3.697519556031424,0.0,1.0
2271,bcl3,smad4,1,0,0.0001,2.6064914093258427,601.477365296411,951.3018745353852,6.010558146368247,386.4657914673341,276.9307738976001,9.999998337427324e-05,2.5993693442413615,0.009992991412746205,0.4062493744754614,1.004994933116673,0.9706376763668432,1.0,0.24593063978061894,0.04203857566571036,1.904131894356615,2.0901188942738895,1.0,0.0
2272,bcl3,smc3,0,1,5.662689503398619,2.280345895520537,41.78881599786559,31.39769083067008,4.47588358741878,109.43126608523164,8.98549493956125,4.98692480271812,2.12594326672438,0.10710721231363413,3.485328480855552,0.9750019710671822,0.24705378476906517,1.0,0.4259372962451701,0.10428979437068228,5.461321654502097,23.552640728221917,0.0,1.0
2273,bcl3,sp1,0,1,4.06437373517473,5.593351771550452,30.098216302566446,24.883660359134854,5.6209087786125185,7.420636679518056,6.184496329554548,3.5808291959308187,4.566821221043922,0.18675222219508167,0.2982132279744737,0.9969966112947495,0.9804307951616102,1.0,0.15365850098411804,0.02049879835568974,0.20629496594821473,0.7980874954797518,0.0,1.0
2274,bcl3,sp2,0,1,5.277029482912625,11.046492096317477,27.543625895464665,5.3718375386927635,6.14078197781403,8.682155735873302,1.7710417063131367,4.42856866327052,3.6142507936578,0.22294747979514098,1.6162357244307326,1.0077720953388,0.585036525877454,1.0,0.31749916795263533,0.05677775873549919,3.6643754132818898,1.427669176963616,0.0,1.0
2275,bcl3,sp3,0,1,4.901712391267639,6.827623977827454,26.579529284936505,19.56909632210111,4.797142289604842,9.261599990642791,4.579050390260683,4.138502838930701,5.061629996267156,0.1804825901233526,0.4732768359969105,0.9834561043352251,0.5518604499975884,1.0,0.19384898317996865,0.03771440514873664,0.8989079999092496,1.2583036223683606,0.0,1.0
2276,bcl3,sp5,0,1,1.560264447658344,3.1487347651764903,22.021149476765068,18.094001317568964,6.698362482693505,142.98897355622876,7.118585143948952,1.45702953755377,2.6820090767900404,0.304178602927203,7.902562349069187,1.0186345275027062,0.9213670463267873,1.0,0.19955690262571946,0.09241521113228815,5.646329459233616,13.431228071395017,0.0,1.0
2277,bcl3,spic,0,1,0.00010000000000243148,0.00010000000000198739,4.1168951048091635,3.7238277732619247,6.312290411644743,5.119390939056556,8.691678022089045,9.999757104642209e-05,9.999731466526518e-05,1.5332648150959742,1.3747657654350038,1.0093937180423664,1.9257723689958117,1.0,0.21242891826286206,0.04506335910106103,3.2098168773766043,1.7952437277017275,0.0,1.0
2278,bcl3,srebf1,1,0,5.765500856579522,0.5742909587689065,0.4437137737114463,6.855433770014461,4.984761362638236,3.298818251569069,1.1671788081109304,0.4120057518916197,0.5299003363214827,11.234182164198266,0.48119759627728276,0.9875596217287766,0.5314996818789968,1.0,0.2536136655213143,0.04203473834334692,1.179634313812498,1.1697012397984934,1.0,0.0
2279,bcl3,taf1,0,1,2.382465125616796,4.01038192141014,22.121495632547855,23.49394041730993,5.2432292245179175,24.730978979809535,7.363088386927274,2.1508233869281237,3.425631533543586,0.23701965326446717,1.052653515780102,0.9933633282554528,0.48511680020886416,1.0,0.1972047931279718,0.04280410453847074,1.4950841079873585,2.399068756029207,0.0,1.0
2280,bcl3,tbp,0,1,12.139211316926923,11.235407898828624,72.55999896912795,25.030611938840078,5.758559942394793,5.116737012048521,3.7678460005320673,10.39940228093561,7.754618134247295,0.07936273462248647,0.2044191737921063,0.9979706942906342,1.1396049717972958,1.0,0.2765356875820087,0.04820999877853117,1.3885972738972217,1.3184019080437706,0.0,1.0
2281,bcl3,tcf7,1,0,4.86082284967484,6.596170945250951,26.328096817790566,11.079878231855286,5.1694676854490975,9.46060058171954,3.1744914694414383,4.103258976740566,4.134677955328426,0.19634794422192933,0.8538542016210765,0.9929996139254134,0.6127535108496507,1.0,0.28220125537626245,0.04993244677724225,1.4440538233429108,3.439705289945199,1.0,0.0
2282,bcl3,tead1,1,0,6.6934183392717514,0.5436558299637315,0.4995389956492,6.076878504404746,5.446815102990908,1.8819155282267248,1.1524997680962876,0.4648468382297853,0.49901265669005246,10.903683497045584,0.3096845735623384,0.9972897196698326,1.0320942257971848,1.0,0.15279720017448878,0.023504890761846593,0.9273589439150893,0.3416152245829604,1.0,0.0
2283,bcl3,tead2,0,1,8.152110214334598,0.0001,252.76824816731133,252.6486224742449,4.339460131528674,226.34759784230914,31.806054528169398,7.8974083529740815,9.99999604193526e-05,0.017167742242120206,0.895898800577799,0.9721646137369426,0.542107507438186,1.0,0.30506808179819367,0.06265278843729548,2.5501931752067586,4.646457473338312,0.0,1.0
2284,bcl3,tead4,1,0,5.1511283539525845,1.137012139973799,1.6126020181486709,7.634464529093165,5.367164391514318,3.6745886424599092,1.5086136952920335,1.2281270131035946,0.989625712896257,3.3282634717746595,0.4813158314452714,0.9939076766455638,0.7124123858320339,1.0,0.3199306062254409,0.05180878473401914,1.5621240264204714,3.518818619993941,1.0,0.0
2285,bcl3,tfap2a,0,1,1.6513772969162004,1.335011582747955,5.942763229966156,10.098273763894062,9.276367703349468,2.139736474350386,4.512618049810487,1.2922784670859075,1.179128485979566,1.5609519249519719,0.211891311760721,1.0433401001584426,1.1558124226727737,1.0,0.2295557844766155,0.04401953296547173,4.564158104445566,1.2309212903691094,0.0,1.0
2286,bcl3,tfap4,1,0,4.80730075679998,1.1095154518472434,2.086885833042967,6.579886538908153,6.115906634107868,3.769935942726064,1.675930098736501,1.4551807836653219,0.949421787948829,2.93063786109949,0.5729484726573472,1.0080444780261697,0.6088301317362069,1.0,0.2807608729690489,0.05087375435719533,2.6194508613543315,1.7287200484056688,1.0,0.0
2287,bcl3,tfcp2l1,1,0,5.834244048022696,7.521744072457836,30.96509433543028,12.74306280529833,5.173961606602678,29.80529921918394,3.2017802396105,4.909270798308136,4.729877649410084,0.1670901289870326,2.3389431312220674,0.9916306999437042,0.28422026337006184,1.0,0.40584515122731535,0.08877266206527688,3.9266821388798228,9.485666962594035,1.0,0.0
2288,bcl3,tfe3,1,0,5.677136113624436,0.7052098171418915,71.41758558929958,55.14584917200881,5.858808506536806,22.814876140007534,13.735358174995282,5.259080587374363,0.6963054043125858,0.08203593636207474,0.41371882893387407,1.0073218138244975,0.9112600020624249,1.0,0.2274089372247673,0.03985553032450467,1.2615776175998539,1.5185821724144732,1.0,0.0
2289,bcl3,tfeb,1,0,0.44696783790047123,0.0001000000000139778,3.5969532311848584,4.216279177914803,5.057457498267343,5.759067817346988,6.450302182537225,0.397565229712916,9.999762831077443e-05,1.4060392707973537,1.3659123540759426,0.9864302621048227,0.8772010214948153,1.0,0.24171145372671493,0.04182344273610357,1.730387173459856,2.050211181333237,1.0,0.0
2290,bcl3,tgif1,1,0,5.6786172361642215,0.00010000000000000286,51.79612692425929,39.6738876618873,4.3842485788601735,83.38261042337902,10.072331929604532,5.117558736715239,9.999974794568239e-05,0.08464433229286034,2.101700018258621,0.9725910396769938,0.3200349145221746,1.0,0.40476146293782717,0.08781282122277727,4.673364597084624,12.702538156226211,1.0,0.0
2291,bcl3,trim28,1,0,5.058480700861188,3.7781211811840305,31.071593153322397,18.14176260203419,4.388342315907313,161.3179312650264,6.245655775222922,4.350255550138941,3.126922488669078,0.14123325747260823,8.892075968789175,0.9728143324190328,0.2331586867058634,1.0,0.48823403161134205,0.14764757019672112,8.447020796087964,45.53780536121951,1.0,0.0
2292,bcl3,trp53,1,0,37.08052999507768,0.0001,296.5507116529034,212.8909995261724,4.469155978241878,1603.3875329890948,3.862784129924975,32.95931611257623,9.999995302762763e-05,0.015070461147544924,7.531495162114533,0.9743601108033241,0.2781432256414415,1.0,0.5187870563225173,0.16211482154864815,8.449593444793049,64.24599078291857,1.0,0.0
2293,bcl3,ubp1,1,0,8.799513957739766,0.31210756306801657,0.0001,9.628020920925147,5.915690902219681,3.218385871433171,1.032428319709864,9.999886358651095e-05,0.302307777171776,59156.90902219681,0.33427283736353985,1.0050714417481048,0.6108223062381851,1.0,0.30405012143746224,0.050849037459221993,2.27809918791246,1.7910569836441035,1.0,0.0
2294,bcl3,usf1,1,0,4.881372277468084,9.271570945004731,24.8393110838307,5.889867768568938,5.530920951252355,13.231874124150382,1.9566119743376542,4.079647935481329,3.601790562533759,0.22266804955201602,2.2465485888769505,0.9993056394155294,0.4368456226331033,1.0,0.35577871843310666,0.07875995003836087,4.186386282399666,4.322794669746347,1.0,0.0
2295,bcl3,vezf1,1,0,1.1274372897362737,1.360642886411947,1.5718270432482613,1.0055439949048035,4.624877002022443,1.6951632862738684,2.96709520097878,0.656525705881712,0.5782241015891759,2.9423574444074316,1.6858171247239682,0.9788425879901974,1.1624306031766456,1.0,0.055506444275441005,0.016642337580945736,0.6154877767503064,1.229841354830769,1.0,0.0
2296,bcl3,zbtb7a,0,1,0.9445565635369463,1.6420593159552879,2.9187702211905586,3.390646907218839,5.38302257399384,3.2131188994019255,4.056713213084125,0.7136190448036832,1.1062921406928792,1.844277612164386,0.9476418475073448,0.9938900203665986,0.7371868222585743,1.0,0.2308783885520765,0.038114414532825824,1.211243306446593,1.4604961117698567,0.0,1.0
2297,bcl3,zfp281,0,1,2.906526529472825,1.2625781148393065,1.8778346598661388,3.7971950808763295,5.27078741766823,3.5164464230843584,2.1933998418446983,1.1407951951927395,0.9475237765497989,2.806843185035235,0.9260641995440543,0.993046221692664,0.55741563190537,1.0,0.16933334333517683,0.02938121370057142,0.9197780338021647,0.9855836001523771,0.0,1.0
2298,bcl3,zfp410,1,0,9.999999999998899e-05,0.012318024780061387,3.2803098648140985,4.29138607886876,5.4774142606078975,1.4921837482651126,11.356202362907798,9.99969516004255e-05,0.012282768235738659,1.6697856258522434,0.34771603413004104,1.0007556730526428,0.821622995099131,1.0,0.2406867293616589,0.03746687272966944,0.9539306752201897,0.6175196211625812,1.0,0.0
2299,bcl3,zfx,1,0,6.410361065697894,0.252403418779549,0.5014396934826326,6.188952854433657,5.319660560645171,2.5652569938394585,1.1159555335445406,0.46506107451477796,0.24251303496759688,10.60877435469599,0.414489664758353,0.9939991387566914,0.788593839065484,1.0,0.19664810419580128,0.03036848268976119,1.0166351800475533,0.473538011324532,1.0,0.0
2300,bcl3,zic3,0,1,0.00010000000001419984,0.00010000000001841869,4.1581041685804845,5.842057188410573,5.927517418562573,4.6275840815778375,7.227260495469084,9.999759512988022e-05,9.999828832192009e-05,1.4255336514539847,0.7921155052637968,1.005575007508774,0.9815227345857774,1.0,0.21886501175827522,0.04077254307763142,1.7406868574325203,2.2089462507068927,0.0,1.0
2301,bclaf1,bdp1,1,0,11.446484697222646,1.024913404825733,43.72877397220463,36.96848395663178,74.74025335312795,5.713613443008979,4.949418460718896,9.071833176171387,0.9972652459259682,1.709177883666146,0.1545536314042982,0.27956111122899635,0.6212516211478092,1.0,0.25274207510413665,0.06223346929084327,10.358912125468539,2.8185586214837097,1.0,0.0
2302,meis2,mitf,1,0,1.3575616889537874,3.77720161454188,10.190128041702266,29.181410087578154,3.4264666634301757,19.361482756919937,9.607229583907163,1.1979649399674985,3.344317724715293,0.3362535435676216,0.663486880819432,1.7820497572358764,0.5275241470143022,1.0,0.09375894374771897,0.02497274567647088,0.9387955981024239,0.2274645861874322,1.0,0.0
2303,bclaf1,bptf,1,0,6.069690640708839,98.79973335066872,161.30484260941736,52.20896704169423,81.9515794166611,81.50864294650304,1.5859451774795694,5.849578633472632,34.15850880664961,0.5080540552343998,1.5612000689730179,0.28425101918745366,0.37637419924838533,1.0,0.4208668006183294,0.11573013412742661,15.412747293853936,11.551677414905535,1.0,0.0
2304,bclaf1,brca1,0,1,20.118018980127946,2.1465341104251046,48.506150195839346,31.790801343456568,85.44754547507571,4.233409926380673,3.6413981753115077,14.22017434980593,2.0107659770228845,1.7615816784075569,0.13316461830088552,0.28525426136072835,0.6667281170280612,1.0,0.4181277721361483,0.09616634299845593,10.558346278688047,4.417457463530788,0.0,1.0
2305,meis2,nanog,0,1,2.4450388777776193,2.525984652101278,1.7252034319099034,2.7905353824697907,3.289403605835724,28.37924008425457,3.2493872072733656,1.0114974502311733,1.325838988930464,1.9066757838489559,10.169819118773274,1.7786317170367067,0.22308358667611994,1.0,0.20151907453345558,0.05811677405812502,2.916669134026807,6.259464645943028,0.0,1.0
2306,bclaf1,cbfb,1,0,7.657193798038318,0.9494224107641318,62.1060125752212,0.564131303335144,109.40224450958713,3.5299746750018257,1.7459759412559492,6.816741933670017,0.35386844682859636,1.7615403078257834,6.257363585627347,0.2977882811613945,0.4307372175980975,1.0,0.2982281918888247,0.06847023151209768,8.865142610919563,3.3539667295945765,1.0,0.0
2307,bclaf1,cbx5,1,0,29.8727895352787,3.900309716943384,53.521348391501455,89.04612124252654,96.88767677859661,32.797355815286785,2.9139188690072944,19.17199476955347,3.7366410775879206,1.8102622540425608,0.36831874715755125,0.2913377598288997,0.35188951843484984,1.0,0.45740841826591006,0.12080929798203374,19.6260440269907,16.258657344226716,1.0,0.0
2308,bclaf1,cdc5l,1,0,44.120967408427475,4.5111047759453005,52.58701710359102,106.08586916567613,97.26263800570008,85.1913962610172,2.28508842991025,23.991711536968424,4.327102758762639,1.8495560950738597,0.8030418841926282,0.29181201988331956,0.25307246337229045,1.0,0.5256215586143275,0.18285563928262238,22.17050873997446,31.451033071691697,1.0,0.0
2309,meis2,nfib,0,1,3.6902665045844545,1.563505654487205,1.487962770969039,3.445565216060135,3.3849301180566815,2.2653868096329477,2.0399533982984535,1.0603970742853583,1.0754810298033965,2.27487554399781,0.6574790107218828,1.767154514275928,0.7924723849129806,1.0,0.18579961983644327,0.029009715695941633,1.0227275393631483,0.2613315695420032,0.0,0.0
2310,meis2,nfic,0,1,0.36646193495626145,2.1540329632650774,2.237144931534805,9.076251152403886,4.29880608643237,3.5275454555053747,5.998594030154485,0.31488181681312627,1.7408770752177922,1.9215590486947804,0.38865665970152097,1.8302698820234562,1.2216138585743845,1.0,0.06134845356666089,0.024737569414417633,1.318912080849612,0.0,0.0,-1.0
2311,bclaf1,cebpg,1,0,3.2403185327701647,3.5959061600909408,47.25082866243795,45.030155635823455,80.75033025645617,3.0304353960337598,12.037052309056609,3.032367935941375,3.3299882421141573,1.7089717268947846,0.06729791077210748,0.28413581016967526,1.1011345872905023,1.0,0.2880168108061666,0.05967791391976046,4.783516059332611,2.1463684461705914,1.0,0.0
2312,bclaf1,cebpz,1,0,11.847055011695275,2.004457326547128,63.9098580040996,62.55600793509297,113.93201597792343,14.832106767631178,6.558314158686299,9.994382999823944,1.9422234322022593,1.7826986248446224,0.23710123547239004,0.3002025639020818,0.36534439493568116,1.0,0.44600688714578274,0.11515410705205627,16.157267740165437,9.035611485712863,1.0,0.0
2313,bclaf1,chd2,0,1,6.594031683898401,1.1359416777651952,65.56980033233503,52.86352956996187,115.96051699070443,5.393631871035393,10.755470098167809,5.991496416113914,1.1120458235009125,1.7685049581204804,0.10202935586995243,0.30111023643801094,0.6404282080159143,1.0,0.3151546171010167,0.08011000074666054,9.490705716628185,5.762811864850816,0.0,1.0
2314,bclaf1,clock,1,0,7.573082422344701,0.7827780762427738,63.336403213818514,0.6324848238498666,112.6773355874901,1.61116968597158,1.9340003136085784,6.764282628338333,0.3498256427364416,1.779029592304139,2.5473649725926464,0.29811343889069675,0.896309111880046,1.0,0.22769937966811057,0.04730420415403842,4.256072364417102,1.097832879471102,1.0,0.0
2315,meis2,nrf1,0,1,7.869318008009886,0.00010000000000027566,52.261336765566455,37.05942988113022,3.9411417595321354,47.853329323132634,6.462576697178703,6.839457845263057,9.999973016414898e-05,0.07541218811932197,1.291259187651411,1.8203382332721585,0.4970503826530614,1.0,0.23122340007332837,0.04735393395252932,1.936334961908733,2.2918204712527146,0.0,1.0
2316,meis2,patz1,0,1,2.146566518912998,3.673386194966213,2.254300060019143,3.5652973588496453,3.1069353103500936,6.405582941579628,3.846976041332237,1.0995573134586658,1.8092673897927032,1.3782261578450696,1.7966475995837863,1.7662456669084163,0.42543643058777164,1.0,0.13214652029066978,0.028764417419917577,0.6511603536667365,0.25586031658607455,0.0,1.0
2317,bclaf1,cux1,1,0,7.037194779547726,0.2210104927988041,65.30082792895304,0.09052836186087758,116.9114278150029,1.4982050251531913,1.5442586845226742,6.352601691278614,0.06422222322476281,1.7903513863898006,16.549565178872967,0.3013263944817799,0.8865539800335304,1.0,0.2547143179663009,0.05205907718965297,3.7475008749502132,1.9450660821999661,1.0,0.0
2318,meis2,pknox1,0,1,0.599792287784622,0.005037847414849259,1.6782890007486022,0.008074568330374563,3.9268695282164976,1.3669293312154347,3.170887476979943,0.44187395962981696,0.003102284428711639,2.339805317478047,169.2882238761147,1.8117139543067162,0.9782951696025101,1.0,0.07392658886991124,0.022107324983403575,0.6118988447248694,0.16699801858942276,0.0,1.0
2319,meis2,polr2a,0,1,0.7836758124654583,1.6009682933077423,3.5230014005685555,7.235587893486091,3.889641814166205,4.456214648380127,6.710246521433204,0.6410721882178135,1.3109119159141103,1.1040704705761626,0.6158745790914761,1.8162407985508924,0.7773421790383018,1.0,0.1659681374147385,0.031019678523669682,0.9118657602187497,0.9243280118354351,0.0,1.0
2320,meis2,pou5f1,0,1,30.691580176698636,0.8117923749195969,124.35870548963608,99.52786213373918,2.793555991919984,2482.206030436446,-0.47126232441424065,24.616305373465906,0.8052246140158484,0.022463694688047358,24.939810593952235,1.75032662468255,0.2679260552342536,1.0,0.342901328694624,0.18232527436809912,6.190028899618107,119.53687150935428,0.0,1.0
2321,meis2,pura,0,1,5.712287522258246,0.0001,37.17350257777365,26.913822546656345,3.4711941564137527,24.291052735042197,7.033376334995367,4.95142410664117,9.999962844509259e-05,0.09337818380582757,0.902549338464744,1.7902272288877743,0.6663074832659515,1.0,0.22255976172608188,0.04943795584393587,1.587911903330054,2.8883502233148057,0.0,1.0
2322,meis2,rara,1,0,1.0769606855342022,1.9651201358282298,2.3320822511370403,3.2467995888690093,3.3715655574392107,2.667353579460761,3.8451497101887773,0.7367348979063034,1.2241844821307073,1.445731837200577,0.8215331764255605,1.7855599135515885,1.0327665935905093,1.0,0.1081990134616894,0.020929289139941496,0.37565112575721754,0.6988800271868797,1.0,0.0
2323,meis2,rela,0,1,1.7313224808996837,1.5730421452750858,2.3916488067641573,4.467364767955969,3.6727525921645734,1.240745810363319,3.2193826378590455,1.0043037063966318,1.1633906720619942,1.535657150739334,0.27773550511547307,1.8041295590769009,1.0316541640106436,1.0,0.10804655837524962,0.02547782787177315,0.9939998181976348,0.2073475531731146,0.0,1.0
2324,meis2,rest,0,1,2.722788334782677,1.1657941571850738,22.077599005494168,26.408597631340005,3.8654792395008473,117.63470817418873,9.510540183563391,2.423858474764375,1.116506541800845,0.17508603351926516,4.454409500131408,1.8083673579187112,0.2906352318400157,1.0,0.2107163275874708,0.07183948387018052,4.329004848611387,14.424947152418081,0.0,1.0
2325,meis2,setdb1,0,1,1.3446781291933874,0.7696928351813288,5.343218534028161,7.908866595586322,4.097424537746092,10.37910664533274,5.44439040305214,1.074315209103046,0.7014295404196232,0.7668457712615985,1.3123380600609673,1.8237443103772302,0.44096518623487346,1.0,0.2535891090063197,0.0439520669585993,2.1993289081216867,2.1319525847905285,0.0,1.0
2326,meis2,sin3a,0,1,0.870115361882601,1.2374635548313577,2.4949244898413943,2.1204593829634,3.4365494167572352,5.1271779295817845,3.6218863302052733,0.6451252350654675,0.781432824554528,1.3774162026746153,2.4179562083459545,1.7783131377741643,0.6174534009367673,1.0,0.23862781043798617,0.04113188217727322,2.060543058904694,1.4996171030464474,0.0,1.0
2327,meis2,smad1,0,1,2.2768462677451007,1.9286486992091911,2.544686521232465,2.4862975126270297,3.620155945175734,2.40433660761152,3.760076581765852,1.20166350868642,1.0861274936305052,1.4226333636657091,0.9670349567582885,1.799690226558918,0.9711952713883216,1.0,0.17078340650515456,0.027454005862778807,0.9329105016294738,0.6876296215880575,0.0,1.0
2328,meis2,smc3,0,1,6.159182292148803,1.013589527824812,30.161305598597746,23.94286597910877,3.2117505464227825,90.90002484215398,6.03886540261666,5.114715967191084,0.97242327604556,0.10648579306103058,3.796539015900116,1.7797246558197748,0.2509491243501574,1.0,0.29742129648766424,0.07489970000225242,3.5531843422602476,14.13595528847559,0.0,1.0
2329,bclaf1,eno1,1,0,3.471641482118376,49.6909838921703,57.95486787697206,10.412136756304562,47.72690881885998,666.3855547919891,1.2816922783021418,3.275434751406899,8.608360335674739,0.8235185510244933,64.00084539693466,0.2742120147643984,0.2741863686443749,1.0,0.5695014596645342,0.3746603892315581,44.550423340434605,296.1601191190165,1.0,0.0
2330,meis2,sp1,0,1,0.5824147113934712,5.127137169264793,1.4468852871224873,18.159075997872563,3.5501386060791873,5.509694743487532,3.3146227049645205,0.41526007861586084,3.998248785233556,2.453642066635133,0.30341272563279226,1.7935291817543064,0.9695710176829908,1.0,0.01897482085727255,0.01960363837088573,0.4566521340336693,0.05504203932792239,0.0,0.0
2331,meis2,sp2,0,1,0.2023298188941366,3.8268136621637825,2.036032843902988,22.124970033142862,3.316406913865807,16.72009348848975,7.455473998905833,0.18404084530905296,3.2625170813637574,1.6288572769329186,0.7557114637191964,1.7757082427697968,0.594098750743605,1.0,0.05827633938184854,0.023979765137730504,0.9663535945463577,0.3410014555727417,0.0,1.0
2332,bclaf1,esrrb,1,0,20.358899319399548,2.5715943560705448,56.62158116375155,65.32562123435845,101.40990012888011,6.463789873189158,3.9300198049381936,14.974615161960877,2.4741957002542954,1.7910114490727345,0.09894723924629872,0.2937175731717638,0.7537244264775957,1.0,0.26362114138061105,0.06427833207930532,8.1027776408298,3.6671481740224303,1.0,0.0
2333,meis2,sp3,0,1,1.9117942293653658,5.3179930972457585,10.822492342226772,24.084179255686514,3.792102960565155,10.780003203151098,6.493885167011812,1.624777194301285,4.356123673351538,0.35039091187611915,0.44759686799814163,1.801783862758036,0.5590785687266877,1.0,0.07896737078166988,0.024101392880913543,1.04140275876942,0.24879020591898082,0.0,1.0
2334,meis2,sp5,0,1,0.0001,0.8479593283497192,16.359236041378576,26.725761696647954,3.2396568374495907,202.75616175499692,23.384079951909367,9.999938872824822e-05,0.8218825060781277,0.1980322815353539,7.586543802058498,1.7694950040507698,0.9163733143995321,1.0,0.20327039641722083,0.0924896397501717,1.8697053505991106,28.098441479394936,0.0,1.0
2335,bclaf1,etv5,1,0,22.85866033990896,2.456916386024882,54.38485967557802,65.59433503067112,97.03551120150081,14.267057400869437,3.5057509820606523,16.09410128782842,2.368212093271251,1.7842375944398257,0.21750441397413867,0.2910767872087542,0.391379340499918,1.0,0.36758679198902705,0.09095031341874653,12.32970144272146,6.427422759143331,1.0,0.0
2336,bclaf1,etv6,1,0,8.812460038682499,0.1857706622182136,65.40778821573609,2.2926533305316235,116.13643040773707,1.755536975763521,3.8866005124972247,7.766122229798214,0.1718461928610946,1.7755749517883324,0.7657228209711255,0.30138992510505336,1.0713906310152088,1.0,0.22171963748299958,0.04483994604716028,4.610304204683159,2.052214663187632,1.0,0.0
2337,bclaf1,ewsr1,1,0,11.489067043829019,1.3246218921635302,38.96476624298816,38.74789194347036,68.55825687582472,34.79077414605247,4.541589860999741,8.872840427563425,1.2808356908686511,1.75949360117519,0.8978752753003709,0.2787185951850216,0.2326360603143744,1.0,0.4942616451176216,0.16273150664850097,21.95636775551901,21.82823875200931,1.0,0.0
2338,bclaf1,ezh2,1,0,22.41660838899361,2.640322770674958,16.30898468581594,44.75243696755183,41.31834343498142,60.09587986571374,1.8212333515923902,9.440581638550615,2.4932263708904636,2.5334712265023054,1.3428515615649448,0.271633135263419,0.3228375801686458,1.0,0.4812888774509341,0.16570079802057527,18.90998478222462,31.049446697671456,1.0,0.0
2339,meis2,stat3,1,0,2.068280162680067,10.856494736860737,1.6101592986728757,11.364327793691393,3.292557927944254,4.465049442187459,3.4775279173579725,0.9053460227329869,5.552304137730999,2.0448647103786834,0.3929004445530085,1.7806340781606926,0.503195856752819,1.0,0.033455857689955695,0.021271179764510966,0.4664485644801649,0.9079294978827933,1.0,0.0
2340,meis2,taf1,0,1,1.6228219609494707,1.376012822827388,14.268055423881718,26.421854750277596,3.1903103077057717,27.509441747270877,10.23889925159392,1.4570947293333127,1.307899278376327,0.22359811571560514,1.0411624016282148,1.7657242914614786,0.4887778154084261,1.0,0.14480769688247142,0.024652942362277094,1.106091124199367,1.9948053273045747,0.0,1.0
2341,meis2,tbp,0,1,1.0749497051402939,1.205841996443884,2.5423139755388995,4.126976891810806,4.234431962353102,1.181353353059709,3.8247090861718727,0.7555046852062647,0.9331803983554384,1.6655818294258957,0.2862515066182896,1.8262503208943028,1.1132481724547547,1.0,0.09619281314633846,0.019911810272288537,0.8592282663795603,0.08608235392871355,0.0,0.0
2342,meis2,tead2,0,1,2.0343854592063235,0.7941959429965251,14.827346646623745,19.256152760356166,3.092754367424719,22.113881357937515,8.63020854775171,1.7889347444959924,0.7627377770960653,0.20858447847302156,1.1484059995340674,1.7545784875831447,0.5244111844163886,1.0,0.17741882209429033,0.03352676427222392,1.2445076635311714,1.5370423201699988,0.0,1.0
2343,meis2,tfcp2l1,0,1,2.3856828719514698,3.7137575136764243,15.520892601366624,23.391903276055412,4.082469209175122,43.84000036803375,8.411722962480757,2.0678396989783194,3.2049340993580104,0.26303056879703285,1.8741527720367057,1.8268106519742886,0.2914958891741368,1.0,0.15367561345155362,0.045094100247757785,2.521886708262741,2.836813604874675,0.0,1.0
2344,meis2,tfdp2,0,1,0.0001000000000139778,0.00010000000007215348,2.1727746964853836,10.465067486635379,3.671425617649311,8.973722988901812,8.18921756132173,9.999539781578432e-05,9.999904452127222e-05,1.6897405992384305,0.8574930835717861,1.8071820555170757,0.6242956110564877,1.0,0.25917292706915684,0.04182727600802954,2.2153007106220217,1.5929613269555254,0.0,1.0
2345,meis2,thap1,0,1,24.753581190663724,0.0001,143.94567726303467,104.44637710710073,3.7731672828746654,36.956746675453125,-1.0447708155996906,21.121438480736195,9.999990425718247e-05,0.02621243898821557,0.3538346441404777,1.7978471150589033,1.0263970631082102,1.0,0.15675881616040882,0.03188190245361793,1.4763850276904391,1.2861876089100681,0.0,1.0
2346,meis2,thra,1,0,1.2632608157853285,1.2085921454785866,1.5826471406802323,1.7807036021263611,3.844652980720843,1.7155244315372868,3.7491921143628226,0.7025160857693473,0.7199503055793877,2.4292546846976806,0.963396956960584,1.8035649800794453,1.220695578887545,1.0,0.08302928352018606,0.023324648676122148,0.152755438006691,0.1293213354455221,1.0,0.0
2347,meis2,vezf1,0,1,0.6219420195655138,0.5736004846155275,1.8215661727672363,0.16108185497260283,4.066666183506298,1.3175657894029413,0.09414235944756294,0.463640166142239,0.12576405487962528,2.232510816408285,8.179479865233958,1.8103178980984176,1.1292400367309459,1.0,0.00179971321996631,0.017624744746962694,0.618132156275356,0.14695501545218195,0.0,1.0
2348,bclaf1,foxm1,1,0,4.675124996110747,0.9288927798688585,61.75291272911646,39.97152036127534,108.77116376212176,2.731736533762674,13.234474938404295,4.346095350230375,0.9077966165241292,1.7613932518333864,0.0683420722822742,0.296762775961398,0.9703444275264117,1.0,0.21570477401640975,0.04735967732182116,7.473561118983,2.04273377776922,1.0,0.0
2349,meis2,yy1,0,1,56.39844555494915,0.0001,327.8092087924763,279.42050489397946,3.2712770979993646,354.9502597590788,-1.1720469790240204,48.119629073749394,9.999996421165861e-05,0.009979210498843209,1.270308561978147,1.7882161619246582,0.46675104860973804,1.0,0.24654717015569483,0.055820625216787954,2.177040839317822,6.952149644546496,0.0,1.0
2350,bclaf1,foxp4,1,0,15.972296730738638,0.7961246544209873,53.90703146837331,14.920104465639183,95.6952151786661,4.5977698715675945,4.608481514428565,12.321513739124157,0.7557959941211743,1.7751898513426672,0.3081593618969761,0.29117064073999027,0.5903708002918084,1.0,0.36308511942591637,0.0828546809542039,11.068303877416497,3.8200358124618194,1.0,0.0
2351,bclaf1,fubp1,1,0,18.85801698738438,1.7915069499224192,22.548232945135716,39.336456073971306,48.587655489609425,87.22098078532004,2.29568262108844,10.269342444868677,1.7134700884869105,2.1548320707805684,2.217306526579389,0.2748111111111111,0.22464985955135808,1.0,0.47212613113957774,0.2067674987498254,22.605612598953222,40.322298391743736,1.0,0.0
2352,meis2,zbtb7a,0,1,0.7396502831289062,0.8001676990920755,1.5470423313711896,0.7580102032949608,3.7432961293837486,3.2140561911973573,2.7738103220009522,0.5004040731820256,0.38925932612038017,2.419646866460308,4.240122596274192,1.797310549358273,0.730821567770259,1.0,0.08714324784027261,0.02407786472822664,0.8993785710575783,0.3049159870280487,0.0,1.0
2353,meis2,zfp148,0,1,1.847637829765948,2.268654201280203,3.3456296293457215,3.4033216819258287,3.40832549071292,3.1921056419016676,3.850005001128906,1.1902933781543297,1.3612469783007675,1.018739629998871,0.9379382674444571,1.786873423915089,0.8266398675554016,1.0,0.1607668784358445,0.02904065246228036,0.7823139334016926,0.9850914483818702,0.0,1.0
2354,meis2,zfp219,0,1,3.7993983581223185,2.083673633546132,11.322045904312409,12.390985184255957,3.512118548565879,10.087871547006012,4.636435412066783,2.844765478274749,1.783722120644455,0.31020175843203057,0.8141299014563997,1.8039004732557633,0.5334921361566095,1.0,0.16584622362197657,0.034764142354683725,1.7302044729941413,1.216228915172459,0.0,1.0
2355,meis2,zfp263,0,1,2.7786479407060707,1.8391929180823354,1.5572849785603597,3.309073839072106,3.6794339102509213,1.474068305850694,2.4277480492058334,0.9979736262850958,1.1821503153027801,2.3627235611380475,0.44546250024569894,1.7961741046831956,0.8046751898336193,1.0,0.06648371185978769,0.014300417148277096,0.2970558181867118,0.14172835694191357,0.0,-1.0
2356,meis2,zfp281,0,1,0.7182247787611207,1.3810817701631575,1.6815765938432643,0.7701138238803568,4.037416100532267,3.4265556314554506,2.205033531776151,0.5032708085220596,0.4944181580032963,2.400970681510678,4.449414521856178,1.8131736373826037,0.5556742217475577,1.0,0.05200796422956303,0.02896063524294753,1.7104559606480643,0.21831261407043084,0.0,1.0
2357,meis2,zfp57,1,0,0.4362969094288797,1.5699174748420257,2.6632428730361557,5.980426534219883,3.552725944877604,22.328049126560284,5.498999464476086,0.37488295557221896,1.2434898478549234,1.3339849627861458,3.7335211792670013,1.7871198705539197,0.3233741507264439,1.0,0.20405050607188444,0.05374754526087752,2.138107499516422,3.6896696460431837,1.0,0.0
2358,bclaf1,gtf2i,1,0,7.815389567416586,0.47598670704650176,59.966404562184735,43.29633793759581,105.10692143397833,4.5857707921225055,8.66744369245587,6.914258004364475,0.47081075746821716,1.75276343815116,0.10591590445206017,0.2963634260695889,0.5566680707999381,1.0,0.29528365968031284,0.07557242601627284,11.098213854848682,3.0999762469421177,1.0,0.0
2359,bclaf1,gtf3c2,1,0,14.576903678525845,0.9752718619026006,48.01943753523696,42.5092862783878,85.02159689418224,9.18780761631947,4.387544199571963,11.182358298830364,0.9533984602791936,1.7705662802025297,0.2161364826534539,0.28633844649904566,0.4038176852025604,1.0,0.308649716848264,0.06920603329928281,9.560984700893538,3.1368155010798615,1.0,0.0
2360,bclaf1,hbp1,1,0,10.490309480738217,0.10793144936423037,53.61243001770906,8.640432061175124,93.71174113985366,2.251687760301991,6.186993365383017,8.7735873271658,0.10659986343414993,1.7479480245327277,0.2605989775001778,0.2897709994517034,0.9886270799372268,1.0,0.18539738218015012,0.05666035260997501,4.503366731760567,1.5990531616983792,1.0,0.0
2361,bclaf1,herpud1,1,0,0.0001,0.1947136776160221,71.70456723714967,34.87379053969665,127.50873790749596,3.2538947607620416,25.420907158408966,9.999986053906411e-05,0.19363255319691905,1.778251272137021,0.09330487768624264,0.30662659166737055,1.427084003103447,1.0,0.22250032905240932,0.051766715810424906,12.177038468551938,1.3819067139689156,1.0,0.0
2362,bclaf1,hes1,1,0,4.555038334265795,1.3820155424335403,59.490373287310106,34.28168798311518,103.32696648981323,8.906779803536695,13.317349599575351,4.231074857393689,1.3284606176580016,1.736868686145123,0.25981158827195344,0.29498760766336385,0.6209897889162527,1.0,0.24637437763695183,0.08329780180250923,12.641224939438157,5.362750272644925,1.0,0.0
2363,bclaf1,hic2,1,0,9.079747818613912,1.808125827687025,53.274952614731795,3.7520986157054654,92.33410073952244,4.066054054341832,2.8056784082520068,7.75760498292263,1.2201425471498528,1.7331615742064472,1.0836746234020123,0.28851455075421717,0.42841511976593133,1.0,0.2201996086882555,0.061611958782208716,5.873283176133635,3.0873620405364903,1.0,0.0
2364,bclaf1,hif1a,1,0,10.814545895333545,1.342363305490403,38.472979486922085,3.7253195485668353,67.7758076625009,4.098377118860997,3.271139849857832,8.441645206665957,0.9867887172968126,1.761646967985403,1.1001410927118132,0.2779783287704102,0.44328608348343645,1.0,0.31793772809482074,0.06732894821476083,9.601727313273491,2.8516279892818357,1.0,0.0
2365,bclaf1,hltf,1,0,7.926811416695584,0.6439069672345739,68.04570974010994,1.2427996632678702,118.23286949455111,2.3844255796749114,2.641674319381437,7.0997447578681525,0.424150394723451,1.7375506838876875,1.9185920709096442,0.2933289666634757,0.76525947632509,1.0,0.25390190635318965,0.057557154696409506,5.1074358810450855,3.01936844619115,1.0,0.0
2366,bclaf1,hmga2,1,0,5.749227008701885,4.067549972431169,48.843898427438674,53.112850471442336,84.23683421199877,11.409983421284915,9.407609086243674,5.14377328291637,3.7782032268716517,1.7246132459541286,0.21482528841903945,0.28582967367756906,0.5827363911765693,1.0,0.40981155108955664,0.1216721099452746,13.61354440243306,9.214095165845904,1.0,0.0
2367,bclaf1,hsf1,1,0,6.040002506619572,1.877984736577637,58.57784107751765,53.862761669827655,100.32875676753478,3.854381310525803,10.285109259201352,5.475427332697698,1.814712769512386,1.712742479443157,0.0715592960894338,0.28875580248080296,0.8123037455159935,1.0,0.3169426462181798,0.06899453055228509,5.7266167510127515,1.8784963657903224,1.0,0.0
2368,bclaf1,id3,1,0,20.427607184126398,9.174093813512696,47.930699220641564,114.31637736197754,86.1504155275912,35.803175354473886,3.349503804105126,14.323197095349434,8.49255137142801,1.7973953422004358,0.3131937538669965,0.2872109086399734,0.850341837290097,1.0,0.367532898374547,0.1319932413822365,16.068533393988762,22.782145763933606,1.0,0.0
2369,bclaf1,irf3,1,0,8.37242173688988,0.6555730484669114,67.69975935760006,0.47850095382072266,121.1951573838295,1.5926159236765807,1.8679694199340986,7.450962081969804,0.2766065780167796,1.790185940597793,3.328344303098876,0.3029451399056282,0.903779983520508,1.0,0.3367613531548941,0.06405118209350609,12.48425689764708,1.6861823166381043,1.0,0.0
2370,bclaf1,irx2,1,0,3.7544124753169177,2.5149866937099272,73.83159977703144,42.30717645716686,126.07350324556889,4.184274043019936,18.14747946793323,3.572735229308071,2.3738699419760416,1.707581897538533,0.09890222873313773,0.29253033046935645,1.4109074817267637,1.0,0.1608702247691508,0.05191592034040191,4.10198086895946,2.332719134880368,1.0,0.0
2371,bclaf1,junb,1,0,7.0198371190728075,7.119363279522108,59.996598194444786,72.91512596841939,105.75124137032893,6.23187588092055,10.478737698969848,6.284523267361976,6.486069633469241,1.762620624382678,0.08546753225962563,0.2949647499102907,1.5199742448419702,1.0,0.20773818718207382,0.05799794985758576,6.022674843061523,2.852134603213209,1.0,0.0
2372,bclaf1,jund,1,0,0.0012438265859541589,15.327336641880876,243.72455885526645,905.3868159820805,110.68418965441256,3559.1982009127355,60.0703736013075,0.0012438202382283174,15.072179003797416,0.45413638319534855,3.9311354418741384,0.2983458109532977,0.8549847369398333,1.0,0.2506233732592416,0.1352194271122998,18.88903873869019,29.11218254432884,1.0,0.0
2373,bclaf1,klf10,1,0,7.801073293250382,0.03377986903769514,64.01543944039139,2.295116544515042,113.61491185022632,3.061661867341674,4.182384568179302,6.953681207360968,0.03328990325580658,1.7748048415104605,1.3339897159726164,0.29952043136667533,0.7298218888809189,1.0,0.19857032297151705,0.05887114416493942,7.205223025456171,2.2646965532598022,1.0,0.0
2374,bclaf1,klf15,1,0,4.80310209413066,60.98976908109009,61.93061229949673,8.590706967970469,61.451040265336395,46.62148719970258,1.2214876330327513,4.457402923385184,7.5300610741783585,0.9922563007799581,5.4269674630418425,0.27505725793426183,0.5619517776603186,1.0,0.33189122497369206,0.11846049008729963,11.687590369789095,11.49547064264799,1.0,0.0
2375,bclaf1,mafg,1,0,12.152928980630984,1.9620021256903528,44.0115800551245,49.170224902644364,75.41630640832476,15.433545428290277,4.805886618814858,9.523266844454637,1.8867178565526075,1.713555984899107,0.31387990310901065,0.27898401529063965,0.35946339834118,1.0,0.47016453760871957,0.11248662567304123,15.828901964185363,9.60977279550237,1.0,0.0
2376,bclaf1,meis2,1,0,0.0001,4.150871212582539,54.648651667470304,35.83196648100756,92.56238211652713,3.528338761521413,9.632388280401257,9.99998170132035e-05,3.719943023956031,1.6937724773111837,0.098469023836344,0.2892139373946717,1.8027594067464405,1.0,0.17174728071890982,0.047890752204412766,6.427276038313029,2.8515695673913104,1.0,0.0
2377,bclaf1,mga,1,0,10.630815714288524,1.4701341785200206,47.69950324284788,44.686751745469046,81.85679230457542,16.633118702302415,5.660627211470553,8.693328576009518,1.4233092149292805,1.716093182099315,0.37221588172357833,0.2833391344703561,0.3463760302264559,1.0,0.4133472958447466,0.11332361808371662,14.56878923609782,9.74149879727733,1.0,0.0
2378,bclaf1,mitf,1,0,11.24913671543466,0.94181851606893,85.6425850918724,56.84039105532906,149.1260101006421,9.135630570903873,8.713687825485287,9.943111035612374,0.9264673876889354,1.7412600278315788,0.16072427373012177,0.2948392653460276,0.5107778552936018,1.0,0.24553359416773451,0.0639111270636657,6.40568254711397,3.8980997550694787,1.0,0.0
2379,bclaf1,mtf1,1,0,20.82142393615942,1.654018098634692,51.74482795169352,56.55086618802549,92.00181648792768,4.471536580299067,3.586360086261992,14.847135841477732,1.6070155849429306,1.7779905766391986,0.07907105375595298,0.28930080020257437,0.8507651935253471,1.0,0.23192489590834883,0.05407697964150419,3.076334441020883,2.2208897205192173,1.0,0.0
2380,bclaf1,mybl2,1,0,6.620368094156098,28.81768918021778,204.8587785804917,188.3098393483543,44.85211128497078,866.0283829045029,7.767158060907484,6.413117051245708,24.992935979573485,0.21894161234270856,4.59895449914562,0.2737137940960568,0.25246241201197095,1.0,0.5049727114242318,0.19900951306331835,23.538832570882064,43.45105860148597,1.0,0.0
2381,bclaf1,mycn,1,0,13.608454074745389,5.0009297995650055,55.25213686569108,78.63137937006866,97.01709182175281,27.26937265741463,5.381956373539708,10.919107094487241,4.701891077467183,1.755897551213006,0.34680013088762907,0.29141972453819687,0.5414930054075965,1.0,0.40627761354259573,0.1440120120473695,17.876438887626904,13.780345916785741,1.0,0.0
2382,bclaf1,myef2,1,0,12.55909547664612,6.176898078761699,60.693392310332506,83.29419997027377,107.81356718198533,6.232246434597537,6.265158172725224,10.405846024556503,5.750457913083848,1.7763641654880946,0.07482209369706072,0.2972707670102531,1.4264811540440967,1.0,0.21107692527478952,0.05662039671252812,6.079430060813482,2.7444179079868434,1.0,0.0
2383,bclaf1,nanog,1,0,6.9153661047947255,0.28052445006614257,57.10414222456014,35.14834734213468,99.90269781537826,27.48783388916728,9.25880995081889,6.168370546545244,0.27830326821348655,1.7494825055337355,0.7820519588474584,0.2932913416488512,0.22135760839955906,1.0,0.3977771742682411,0.15331368996689115,18.639265341172738,21.72962450032887,1.0,0.0
2384,bclaf1,nfe2l1,1,0,6.55573910692598,0.09338157865382533,61.85761492702894,0.02683177830454428,108.7081958102025,1.5599017154917931,1.4168619223303551,5.927532584311288,0.020842890337348315,1.7573939108134284,58.136352268071825,0.2975857090132318,0.8218923602531271,1.0,0.17989445627149883,0.049346642571688505,4.6975676919517335,0.8112060941655748,1.0,0.0
2385,bclaf1,nfyb,1,0,15.009945835661217,2.556243318564896,49.354524552464056,59.31305074865645,86.07761206912696,19.338514584505436,4.472928694756654,11.509591173672895,2.4506274391173624,1.7440672937214927,0.3260414755338392,0.2851993929879828,0.3914894920063957,1.0,0.43106605949627236,0.11731766069435881,18.80083586536876,11.688616001062726,1.0,0.0
2386,bclaf1,nfyc,1,0,10.265250002117881,2.597643965111447,57.941321670275684,66.27241319552529,102.18704572992667,15.355450460822087,6.883214854165015,8.720305651123157,2.4996659112564736,1.7636298721564951,0.23170199665913005,0.29458748572751914,0.4228600519129286,1.0,0.4876057049029006,0.13065375008050634,19.51918028172488,11.05706941665759,1.0,0.0
2387,bclaf1,nkx6-2,1,0,4.981256300188794,77.44788893049815,135.35859478898453,57.10651676367758,83.23217919733608,381.10595151354295,1.801227191373144,4.8044503955537365,32.869820536187575,0.6149013243458221,6.673598270590795,0.28419290556632887,0.5150376051718556,1.0,0.30128247242890377,0.16692940822828709,20.58089575658957,36.86971430998463,1.0,0.0
2388,bclaf1,nr1h2,1,0,4.021158771543073,56.123711883841565,76.22632846075904,20.19376733581419,56.259129433520485,32.70530476832574,1.4315419233605164,3.81966065087109,14.850453544758455,0.738053774457764,1.6195742094305503,0.272101085713268,0.44454997458588025,1.0,0.3689238363350794,0.10826673748496407,12.32679874283465,7.186312111876833,1.0,0.0
2389,bclaf1,nr2c2,1,0,10.613648220667866,0.029226085232184396,546.6733108153122,8.152031425668556,1254.5863605574252,1.8969376278938448,3.9058225786025105,10.411509041335638,0.029121680248370987,2.2949471571720355,0.2326950828379903,0.29649162111114385,0.9218470107783701,1.0,0.2475967061452135,0.058015654495979174,3.3391020533116853,1.5182448634667385,1.0,0.0
2390,bclaf1,nr2f6,1,0,7.0756756997201435,3.494278820222623,65.56468405382701,70.77366285023379,115.70435369051464,4.176414812691714,10.189408565242989,6.386455729204161,3.3298743113749856,1.7647359300248313,0.059010861448976396,0.3009523854433882,0.9853145269815384,1.0,0.3172038458852917,0.061601436434122775,9.88178286436069,3.0022518937847438,1.0,0.0
2391,bclaf1,pknox1,1,0,6.542243217806103,0.05474329143422192,63.211780717010235,0.024661125929514013,110.14670417121461,1.3870285608150104,1.583513227573448,5.92864497778304,0.017001965994803622,1.7425027885913398,56.24352127228053,0.2933013064632262,0.9821879575249578,1.0,0.20377332315254398,0.039131107932372705,3.1397761522400254,1.3075379559537383,1.0,0.0
2392,bclaf1,polr2a,1,0,16.329125525370458,0.3856253235515513,52.40728469160787,10.790185301442701,91.2012156821453,2.6825907285183637,4.359875128546021,12.449953779543044,0.3723191845023032,1.7402392857943587,0.24861396292792934,0.2885869142432998,0.7556493861428549,1.0,0.33295096571747934,0.07370394052161723,9.061288633282318,3.140025221762819,1.0,0.0
2393,bclaf1,polr3g,1,0,13.731113319475254,3.129063842621043,42.43784379446721,59.08907424391846,76.60295096202059,9.90789556783902,4.307253592816018,10.374393118852732,2.9716975048887897,1.8050622772688467,0.16767728543079613,0.28678014214731473,0.6523290732243296,1.0,0.3701243208629472,0.09072485272609729,9.973907533714694,5.07921221025463,1.0,0.0
2394,bclaf1,pou2f1,1,0,11.810611354266756,1.0159812452871302,56.25436201840433,28.754450313836482,99.20912356064873,2.941550947157156,5.966661049059161,9.76123803272305,0.9813086578667826,1.7635809917849785,0.1022989803335485,0.29292167901234567,0.8298251004207355,1.0,0.2444091883525868,0.05137795546133594,7.388981547826851,1.8960455778323033,1.0,0.0
2395,bclaf1,pou5f1,1,0,5.364404597919967,43.588449318393344,136.75316623060883,84.47200481621071,50.43427751441384,2208.714695822312,3.0531912135380646,5.161918469551607,28.752074367035537,0.3687978779911084,26.147298156684045,0.2709643368045542,0.26313692405763395,1.0,0.5531848749310834,0.37426768822157397,43.39103897919552,229.5383850740968,1.0,0.0
2396,mga,mtf1,0,1,10.470571049690653,561.965110679278,3.8373924960768013,4.633863048544901,19.59168872167772,1.3615988968168407,2.6915652725218706,2.8082047209022813,4.595965544757708,5.1054690761259085,0.2938366720277592,0.35665948795423436,0.9006460572394641,1.0,0.22590072145177195,0.047776165398761755,2.207119636904604,3.047675785414846,0.0,1.0
2397,mga,mybl2,0,1,2.6044722129402955,20.188892092222197,57.34902745982,38.4843812673053,26.096274785302903,195.14955567585326,3.0381996779924965,2.491329935258379,13.2420943328092,0.45504302237010963,5.070876788180145,0.3588339123666667,0.2469720964965379,1.0,0.4707890256616485,0.17108322869421275,25.516868952238625,37.47019610204698,0.0,1.0
2398,bclaf1,pten,1,0,12.595402878691667,2.673149187326413,55.35727880166215,64.39188694601107,95.86057011536583,7.640450144116646,5.61900667514862,10.260775756500832,2.566599977936637,1.7316705623992403,0.11865547829841869,0.2908092078635587,0.6227361019607571,1.0,0.38047788541909605,0.08688600542612615,12.266941813512894,3.7665633257137823,1.0,0.0
2399,bclaf1,pura,1,0,7.783780812266821,163.9538355796806,226.9412252439518,55.79096216403838,103.05564116843222,54.028450483573536,1.3862545508787545,7.525660705034181,41.62620608722186,0.4541071859361469,0.9684086523676961,0.2931760404943523,0.676560452329773,1.0,0.3759227874137232,0.09191995362549746,12.378050905963919,4.851790064774771,1.0,0.0
2400,bclaf1,rara,1,0,51.71978995421481,4.553406702225243,45.36632719745768,118.92252456779387,88.08429989370137,8.64419020824405,1.9475632072573674,24.167584228145987,4.385491284357048,1.9416229026060015,0.07268757739259292,0.288349326505307,1.0472917551163579,1.0,0.29704931920703703,0.06950343761804886,7.451327367455836,1.8994933228658497,1.0,0.0
2401,bclaf1,rbpj,1,0,13.445918293530609,9.999999999976694e-05,762.9538013643939,216.96080880595542,1840.9213499165994,19.137765310545085,49.18026790869351,13.213057932844292,9.999995390851459e-05,2.412887053743583,0.08820839770956719,0.29357707875749606,0.5780300356398823,1.0,0.3385057636192344,0.08125303704095191,10.964068864079838,3.734759023810226,1.0,0.0
2402,mga,nfyc,1,0,11.7005315754857,2.007145222724713,22.64218190560235,35.58895010250044,42.65974301262946,16.012607214500175,3.100677427177875,7.71417099788231,1.89998962823393,1.884082690903308,0.4499319920475863,0.3701504031773515,0.4237458409359236,1.0,0.4221808717619698,0.10997564737283518,18.007757255780056,9.742019497625192,1.0,0.0
2403,bclaf1,rela,1,0,9.943089587954365,0.6001526317663175,37.050545981018004,3.893177123274183,70.58886898779629,1.6168920556714117,3.8971304532262536,7.839293417322223,0.5199931061913265,1.9052045555269517,0.4153142804639715,0.29049805679072865,1.055320573371587,1.0,0.19619938663081316,0.03896673747040339,3.6688689620017843,0.8847951822694091,1.0,0.0
2404,bclaf1,relb,1,0,9.512534701154385,1.637160675476944,64.3902579150949,57.53418868942087,114.43050711333731,7.025811779464687,7.93147016485446,8.288111195123433,1.5918634986152287,1.7771400646387463,0.12211542283825688,0.29981343402023214,0.6232281664380429,1.0,0.3180511220421059,0.07922589867191396,13.073565229584975,4.104211215061129,1.0,0.0
2405,bclaf1,rfx7,1,0,7.360209270964451,0.5417557549172599,56.123116946445414,0.4249225866374773,98.54387082508073,1.7135261599348828,1.9337332362453452,6.506872123398063,0.23813945840033718,1.755851709360951,4.032560785940941,0.29242195943611127,0.87799524588906,1.0,0.23894180829991496,0.053911910400746985,4.852143204716329,1.8876713719593914,1.0,0.0
2406,mga,nr2f6,1,0,11.001375965898243,4.725210015070341,75.49874564986399,98.72850707924295,115.01592204802206,5.481720093387861,8.238976056397396,9.602184023941607,4.509387806708643,1.5234150058787004,0.05552317416273743,0.3777759143041759,1.0046389959055464,1.0,0.3070982599620056,0.05750149261489699,11.335493544367683,3.9026646344880858,1.0,0.0
2407,mga,nrf1,0,1,31.72225421941031,3.098980953686333,11.81823362083491,49.75891712043544,34.26892561776004,22.549672271185965,1.439366642113928,8.610399881601223,2.917292250555468,2.899665611394394,0.45317851706071516,0.3651045692446448,0.49052409868348873,1.0,0.3774193816030751,0.09490732013638678,13.961733791437258,8.01822560035095,0.0,1.0
2408,bclaf1,rxrb,1,0,11.758038913573872,9.999999999998899e-05,56.117875345431756,3.5126151472843583,97.23551653297329,1.7615042422171614,5.0172945655287435,9.7212121451628,9.999715319927198e-05,1.7327013172619818,0.5014794300989677,0.29079180078053624,1.1126817559293527,1.0,0.3016690502039848,0.06484354049347749,13.794971120672738,1.4184482290626688,1.0,0.0
2409,bclaf1,sall4,0,1,4.945205309557154,68.75198124046517,147.06460695062376,72.91683244656005,81.12075055226381,81.90090508307523,2.129867052743546,4.784327171560281,35.38659332289709,0.5515994108596076,1.1232098588909427,0.2876958061146224,0.5236311093062592,1.0,0.26869283178133496,0.08738113938083211,12.318510761461983,6.423037862988908,0.0,1.0
2410,mga,polr2a,1,0,12.1484122237175,1.0439208303969298,3.0981424873251737,17.769906181021593,19.11772033528732,3.408687143564956,1.3287528476181023,2.4685912835494457,0.9859969056433319,6.170704031044383,0.19182358695880242,0.3557863359502039,0.766847962944022,1.0,0.3019905505357995,0.054862460165452355,5.883433864676788,2.612133626628595,1.0,0.0
2411,bclaf1,setdb1,0,1,12.442821597106393,1.9185478749980187,50.56363494482,52.76312009969665,87.58268672205587,10.354100577309937,5.240257954693787,9.985552647306099,1.851234164846331,1.7321279773029508,0.1962374582425323,0.28590949754390876,0.44052671961512135,1.0,0.4079118854979077,0.10185510977188736,9.950971192471751,6.722787055468746,0.0,1.0
2412,mga,pou5f1,0,1,0.5533515760188892,7.290312672264888,75.8859164693125,95.53363118341046,14.155737215339949,2600.849541638255,13.837360979819827,0.54934580811304,6.773422764463006,0.18653971479759865,27.22443928301027,0.3348754640911376,0.2640752673557015,1.0,0.5154161807782316,0.34414502322184615,36.74317144220609,229.33373187223017,0.0,1.0
2413,mga,pten,1,0,17.991018213256847,2.187340482130858,10.462206451372612,31.524470140308537,29.595392393341093,9.086051664103174,1.689297270570652,6.615269412731402,2.0454181618392333,2.828790707858595,0.2882221849776742,0.366832482150125,0.6355727686941607,1.0,0.32384474751325504,0.06505825598047003,15.33171931978562,3.4815120841285325,1.0,0.0
2414,mga,rad21,0,1,8.41602365948224,1.1142535741150181,3.3699043201688763,13.317282641401222,17.226347570380018,11.994652322137668,1.5175876774549617,2.4063607496753274,1.028222467731956,5.111820969895297,0.9006831682649945,0.35055378573348084,0.37251082689783577,1.0,0.37445500699937284,0.09029094942994426,8.499039320470768,8.6769954011191,0.0,1.0
2415,mga,rara,1,0,2.4633923255307666,30.928803445866833,50.84361561519142,15.72930588325711,30.458006747077224,7.933681936263695,1.5757326583700078,2.349555477733346,10.426667882564848,0.5990527301912959,0.504388559491911,0.3682953852041027,1.053147759163926,1.0,0.2656330277777047,0.056186298816975705,8.255705338956457,1.7512301915769024,1.0,0.0
2416,mga,rarg,1,0,3.280636738648119,1.639955906353854,7.8029372042222205,13.359949591654274,20.050020362049057,2.0738386578244103,3.6042958155617715,2.309598203023882,1.4606577517660115,2.5695478301683448,0.15522803013567513,0.35739053324686615,0.8159417972048968,1.0,0.23655945605274656,0.04561115368770308,2.9209981173427035,1.6696912617433872,1.0,0.0
2417,bclaf1,smad2,1,0,9.999999999976694e-05,0.00010000000146070942,50.16625869605923,8.35873724219603,82.13237799214869,1.7634645613244786,55.64187526817347,9.999980066299504e-05,9.999880512203187e-05,1.6372035732176402,0.21097260390268907,0.2870784708988894,0.7358149916299833,1.0,0.2644006931824496,0.05889894050244439,6.822584017117481,2.5695161935521798,1.0,0.0
2418,mga,rbpj,1,0,31.147421707312123,3.152911052390943,35.7180557560165,65.52895281157619,61.90955753670894,11.418420355209523,2.250031985665751,16.63826218556625,3.008173452899205,1.733284643475608,0.17425000500225257,0.37124476646740584,0.5644943212547321,1.0,0.30000298330847935,0.06603183151476393,15.402607852914818,3.205683402321298,1.0,0.0
2419,bclaf1,smad4,1,0,71.31012996655932,6.194911209082057,55.714401940636435,150.34410835895326,106.83804997348851,9.129684349371567,1.8546952977167583,31.277432663940758,5.949752366294421,1.9176020248287724,0.06072525520969561,0.29562855822797435,0.9588796991072422,1.0,0.32697139706155026,0.0649559212551427,7.487577400930646,3.3906127014282017,1.0,0.0
2420,mga,rela,1,0,7.7844523463081075,0.33807991726578585,11.204625471046608,15.390198341237852,26.93383316893291,1.8989464357870118,2.4929454631193204,4.593265343189944,0.3308128770608833,2.4038137855237975,0.12338674224222358,0.36300361030643996,1.0640945402134625,1.0,0.17641151830694685,0.04161203941819138,0.24193361252940143,2.0382379225514287,1.0,0.0
2421,bclaf1,smarca5,1,0,77.62733758900585,5.529506823565591,32.79162273979424,111.48353005475384,72.5722730780535,227.7299336744755,1.492974882601394,23.053344832566676,5.268207343374735,2.2131345451831965,2.042722665515064,0.28035651219925123,0.16741789519697675,1.0,0.5618047419254704,0.2213096147152894,29.17814592867398,75.89766873716589,1.0,0.0
2422,bclaf1,smarcc1,1,0,12.642771292780987,1.3420073535542707,46.547494130450886,44.59046971922129,79.94471391075153,34.0237021622364,4.813199773024584,9.942332887603117,1.3027979781456627,1.717486954006672,0.763026323258713,0.2818134924289841,0.21029300269127257,1.0,0.5259077237189904,0.16044017240199468,22.93560524188719,25.78781939346636,1.0,0.0
2423,mga,relb,1,0,13.135651581638262,1.6523534400133995,4.15295074971751,18.776479758527472,20.660540558231396,7.745837565998676,1.424914852793389,3.155357098187975,1.51870547959444,4.974906230139319,0.4125287415752598,0.3584847395940825,0.6290641390795475,1.0,0.2623906010293938,0.0551488336217024,6.237407171436713,3.0579082970716627,1.0,0.0
2424,mga,sall4,0,1,1.3216900119820483,12.566623144616097,33.308829466465454,25.410892788140345,19.8221187331619,32.00336933309838,3.1420102636632907,1.271247093016877,8.408372838344972,0.59510103028743,1.2594350619603119,0.3532461805555556,0.5115464347419598,1.0,0.315048528776258,0.07607315613217362,8.530655339855969,6.259878815002537,0.0,1.0
2425,mga,setdb1,0,1,15.175638732747602,1.3400831105034194,0.0001000000000115353,17.64448966089547,17.420411723370787,9.833035654845288,1.0718883458456467,9.999934106503008e-05,1.2454893177075128,174204.1172136129,0.5572864868196055,0.3511366286778684,0.4383838431225371,1.0,0.35023616790292644,0.08604434701980138,7.088734871554621,4.528029406778018,0.0,1.0
2426,mga,sin3a,0,1,7.4085790544981185,2.3556151125493505,4.954242092485892,12.62010767558446,18.15728973104598,4.788093654946678,1.9801924435015892,2.9688930836193532,1.9850872497561338,3.664998478492841,0.37940196534218024,0.3494703369114678,0.609397861984532,1.0,0.3850578010258211,0.08414254875654727,5.781805469482169,4.107906011705397,0.0,1.0
2427,mga,smad1,0,1,6.65928106518555,1.62627755406328,7.9563581441824525,16.45076214778883,22.03712204078169,2.2683733525211083,2.4117470563520187,3.625132255825582,1.479971592109837,2.7697498832295326,0.1378886480846727,0.3600887648506696,0.9660260348215972,1.0,0.2718145123153999,0.048962800198238725,3.9818290070571773,1.501008811622989,0.0,1.0
2428,bclaf1,sox2,1,0,5.6979624581607276,36.699408365516426,225.01345165731598,252.9429900108998,72.88397239248182,1215.4755673056195,8.092145285281156,5.5572378377552605,32.04937583599501,0.32390940121873424,4.8053340685711134,0.27972586738803185,0.3592418129838513,1.0,0.46797112599965124,0.19030676306877656,23.82991430969396,39.193928450884684,1.0,0.0
2429,mga,smarca5,1,0,1.1764135120905737,10.587044593581961,35.743707612516374,41.34904475852994,14.732134072651874,211.67913289667027,5.0670830353284595,1.1389285659616486,8.42890148683811,0.4121602110323083,5.1193234120119,0.3381849586343642,0.16335139801011528,1.0,0.46539252191678165,0.19541183530950845,16.86121693990911,54.85045991549579,1.0,0.0
2430,mga,smc3,0,1,1.347431442963521,12.883940782338541,32.285379958101124,23.1491017783039,18.176984766552383,91.70518519163495,2.913462859626255,1.2934492922644187,8.277171043051593,0.5630097830702894,3.961500799032473,0.3503992356620392,0.24324897699111503,1.0,0.44796132582282955,0.14695853125822336,17.699293231807644,22.38255831903949,0.0,1.0
2431,mga,sp1,0,1,8.715063312726457,0.6222300055568717,19.6953285004542,23.536827964721454,38.224964751965516,2.299383542159678,3.34609864161609,6.041663767789752,0.6062041248999511,1.9408137696755858,0.09769300882880844,0.36736213685306257,0.9504641625933148,1.0,0.22828103290499008,0.04182346461037938,7.427044764856932,1.9224425948383241,0.0,1.0
2432,mga,sp2,0,1,24.30634661039793,1.853293974883043,17.557076944325818,42.2353591104388,39.47530221333701,13.826836264560967,1.7767957110382753,10.193824619153881,1.775389609088723,2.2483983147373987,0.3273758423222109,0.36836698296092235,0.5977184897874936,1.0,0.23207351352044647,0.05913627657010674,8.46521655094988,4.403245406517221,0.0,1.0
2433,mga,sp3,0,1,1.961563089565725,17.775070838319625,40.24623129010977,21.55388694150802,20.086181921799827,10.798049102201702,2.3204303517911997,1.8704014969997924,9.741470124157363,0.49908230604279874,0.5009792030321477,0.3539932552958854,0.5593460880642898,1.0,0.2969092949330705,0.060475273431706986,5.676856494909336,3.266507785660882,0.0,1.0
2434,bclaf1,spic,1,0,9.999999999998899e-05,5.801936251750316,74.6159849348058,57.03519084824282,125.77569302367628,4.904636145587046,9.95713512403216,9.999986598062831e-05,5.266226460056511,1.6856400559956455,0.0859931574286676,0.2909325691503407,1.9054059493619926,1.0,0.1521764586602068,0.05361137685699085,3.7818552285061138,2.432693677103747,1.0,0.0
2435,bclaf1,srebf1,1,0,9.18164693744284,1.1074880222190764,53.604865160689826,1.137315212233703,94.42279786201446,3.1022873099700776,2.187411099952655,7.838959827318105,0.5611017285189449,1.7614594790783606,2.727728668886036,0.29030795027462547,0.5256990513981028,1.0,0.37703477641861327,0.08508445321926875,10.774269277611953,3.4396117928458128,1.0,0.0
2436,bclaf1,srebf2,1,0,7.752693570142868,0.9294025947721495,64.28589164974055,1.0898025243345064,114.88777012124059,2.454018694773694,2.217603562108607,6.918359339270922,0.501615850871973,1.7871381600678828,2.2518012575464104,0.29985120786026553,0.659461307722632,1.0,0.24968325165442756,0.05670101714718655,7.563747968215155,1.6152492202311228,1.0,0.0
2437,mga,sp5,0,1,1.0663654144393562,12.30829448870198,27.938614665529542,18.214730163733137,21.249707524357888,147.40545461908192,2.573567496346179,1.0271605884412947,7.345021191062869,0.7605855830273367,8.092651018930656,0.35958108542606604,0.9175470006482976,1.0,0.29805102869362204,0.13283787437428635,14.27607618912995,27.671793383748685,0.0,1.0
2438,bclaf1,tbp,0,1,13.216207589461673,1.4334549160556391,42.38577385100995,5.034867240618389,78.37427579025756,1.4170466933180927,3.4938561816841798,10.074806176730602,1.115784746482539,1.8490703051866089,0.2814466848075321,0.289237735517576,1.1082472433823782,1.0,0.24935167710828973,0.0459530139656876,2.9983888365847515,1.6026389246608717,0.0,1.0
2439,mga,tbp,0,1,2.626368132970362,16.14576012587296,53.60430209910339,35.46339849082269,19.247501863551914,7.709181333400269,3.353064427604349,2.503698252966909,11.094610736316803,0.3590663642624657,0.21738416681625342,0.3547433485622145,1.1616507492939387,1.0,0.26499359792203436,0.05849185305257432,3.8456858332777277,2.1136923980957034,0.0,1.0
2440,mga,tcf4,1,0,0.9965010380119799,11.012984744392755,24.98130845224445,17.15424114979547,17.61713859147829,20.240355278004515,2.659661616304271,0.9582755548690919,6.707064330510158,0.7052128044115911,1.1799038559187935,0.3508616583031485,0.542953482432401,1.0,0.3017753814758415,0.08092411112129667,6.76647573926524,5.191448990221882,1.0,0.0
2441,mga,tcf7l1,1,0,3.3017952478895762,1.4750487439696955,7.08449199927747,8.468703010554517,19.22559456383024,3.3693535592491735,3.6928494444578885,2.252156276854978,1.2562411097086488,2.713757678855592,0.3978594543993288,0.3554493858853959,1.0292475141091104,1.0,0.20897064020926404,0.044535255060005566,2.8894326955887926,1.515274261246458,1.0,0.0
2442,bclaf1,tbx3,1,0,8.953620659060757,0.5237110229906035,57.67394729765743,35.92061889079979,101.78706818102033,16.311379843111062,7.53091093889562,7.750405152854124,0.51618520933864,1.7648708463752865,0.4540951783903933,0.29400761888690613,0.33516879122936194,1.0,0.28535886527787563,0.10053809112105422,12.421395032567975,9.89069402178706,1.0,0.0
2443,bclaf1,tcf3,1,0,11.017637035911662,1.8214149526309338,44.69898329338998,47.46279450358146,77.45057330966438,15.814354038396889,5.251106118738681,8.838963506583221,1.7541002393328524,1.7327144289010632,0.33319475188515424,0.2823579221231096,0.3986252028123309,1.0,0.419034866649136,0.11116046076119385,15.921410886207367,15.207466097086861,1.0,0.0
2444,bclaf1,tcf4,1,0,60.922094641530315,3.518117704923877,37.56696084971131,113.01386625375916,76.32176208514429,29.392092643461996,1.6539114044764105,23.237688013814903,3.411905214882626,2.0316192835101483,0.26007510067362494,0.28171777052685043,0.5479509856872808,1.0,0.31950964138086313,0.0872492596388897,11.412085727680115,6.281532337389255,1.0,0.0
2445,bclaf1,tcf7,1,0,8.010730912583885,0.8700562333735619,59.920096022796834,48.93868269187936,101.72174773834332,4.892789648454384,8.481631902606496,7.066066867571293,0.8548581403166747,1.6976232431210205,0.0999779597513823,0.2878694167929572,0.5881710799843649,1.0,0.32800781934156303,0.0737252474812282,9.887050034719499,2.582051267606518,1.0,0.0
2446,bclaf1,tcf7l1,1,0,2.827245208043105,2.0184830665565467,46.69714635054456,25.230579868087947,80.45706384602265,3.0720009041853396,13.892960905986909,2.6658436195562167,1.8689632867480646,1.7229546157285562,0.12175704721201659,0.2842061238793039,1.0135720447895264,1.0,0.2043139680544225,0.05469319560369606,6.00723808686414,1.680890647353067,1.0,0.0
2447,mga,tead2,0,1,0.6732672568140816,8.460022441167498,46.61971383123527,65.68095719559709,18.79500743768833,64.95851919255774,8.84919760380026,0.663682561819828,7.494672643313369,0.4031557873934363,0.9890007997159979,0.3520108456535132,0.5454634656855112,1.0,0.24885008816761459,0.06848742912192765,5.331404991315027,6.223996287633332,0.0,1.0
2448,mga,tfap2a,0,1,6.653910129379176,9.999999999998899e-05,81.53707901687969,2.3053663575221397,124.44056287765173,1.881668808762523,4.925984900480074,6.151880155132845,9.999566248278023e-05,1.5261837237496603,0.8162124872790213,0.3794246809591575,1.1424846754704518,1.0,0.13800007424138783,0.04466933987397637,6.553176045366155,1.1306600842833276,0.0,1.0
2449,bclaf1,tead1,1,0,9.558306400370682,1.4049690823582317,45.17273886429775,2.0939043875638994,79.24274141525996,1.4714656221155333,2.575412082387487,7.889030383412438,0.8408051766464707,1.7542160030037368,0.7027377328472353,0.28403961797979316,1.0186610752526097,1.0,0.21866889121280803,0.04306647986643254,3.256820228805067,1.1299164963002375,1.0,0.0
2450,mga,tfap2c,0,1,3.2137300435975407,0.8854540818081309,8.898968714952368,7.299991771039117,21.727745163445515,4.571986809790798,4.2259401188032255,2.3610661576215723,0.7896707921638703,2.4416026013146643,0.6263002689850976,0.35736776343190335,1.0632719091875265,1.0,0.1602655464950057,0.04594530458938613,5.610595402904723,2.7693752157570586,0.0,1.0
2451,bclaf1,tfap4,1,0,8.67890708903061,0.3465229562465576,66.26752860387826,1.9388818305448838,119.70678784741507,3.636856945914371,3.497029143237583,7.673876928975212,0.29398164719712855,1.8064169642265686,1.875749665925904,0.3028121308291174,0.6035802159553173,1.0,0.3165831607301378,0.07658046275339982,9.722217828649317,2.9324308555110203,1.0,0.0
2452,mga,tgif1,1,0,1.658052802169963,10.061899365925822,60.93024634786509,65.17423852852166,17.334414627998527,133.43020611675718,7.603955802880137,1.6141286321235218,8.716245246996223,0.2844960535533088,2.0472844659069587,0.34607203732718095,0.3258784367103503,1.0,0.44206644170639187,0.1266804902773261,12.571968110476927,18.675892209139363,1.0,0.0
2453,bclaf1,tfcp2l1,1,0,26.192422705964475,2.856391268039044,45.148467416738846,65.33963121847655,82.78026749167489,38.739234550451364,2.8427928808410328,16.57601609780528,2.7367512834967935,1.8335122370285377,0.5928903152348493,0.28594485211367515,0.28909363869244553,1.0,0.37956698298572467,0.11520555235119083,14.557459874147382,12.945681696293086,1.0,0.0
2454,bclaf1,tfdp2,1,0,10.818448385021455,2.0577513537920797,55.57306029805707,56.825498685087894,96.2313024168668,7.3726134623422555,6.353510998073556,9.055590034896277,1.9858405704838002,1.7316178360656378,0.12974128926169848,0.28865684157755706,0.6141570807295935,1.0,0.3491450566429574,0.08290863092095226,12.172828189961614,3.868088020018469,1.0,0.0
2455,bclaf1,tfe3,1,0,19.23048671001142,2.9683593104154724,58.063652632973785,70.82072243827496,102.57546004029857,6.373850697509621,4.187820355005058,14.44601505087407,2.848949273226785,1.7666036390905067,0.0899997977719708,0.29424129971006063,0.8835438291942702,1.0,0.2545885210638013,0.06031622000586066,6.707576327029123,2.5739246847688655,1.0,0.0
2456,bclaf1,tfeb,1,0,3.5083131544360917,2.50437820666912,66.09930124549922,52.14741493035515,116.22054319736938,5.009851771570755,15.746167661001643,3.3314896661482822,2.389616918117907,1.7582718880145949,0.09607095151814529,0.30042338967684007,0.8653367934574703,1.0,0.28053027087048127,0.07154626474382406,9.153895653445094,3.6324958552470004,1.0,0.0
2457,bclaf1,tgif1,1,0,28.042117783871472,3.1555873351669415,50.472464991464705,76.95576461293211,90.22023952468271,48.22618560226589,2.9146903386269702,18.026648784250924,3.0312887034784235,1.7875140344332237,0.626674113951454,0.2881659623454241,0.31506178683147384,1.0,0.3839162708869738,0.13799227831722014,19.613154649365008,18.223731580090917,1.0,0.0
2458,bclaf1,tgif2,1,0,8.113854689913161,0.7347337626674653,62.12509093666626,1.3102888972194655,109.6892525173299,2.546856678856743,2.5971677597720344,7.1765593284618205,0.4707593272774249,1.7656191864435766,1.943736747110786,0.29788840762828106,0.7041789841440472,1.0,0.2707950232588122,0.05681758609861468,7.289402959529638,2.616132112500025,1.0,0.0
2459,bclaf1,thap11,1,0,6.027145903926217,105.27670251601687,157.05071206272774,46.82735326810808,85.78823746825631,49.41759820070102,1.5002499104491016,5.804390416454444,32.41089998688627,0.5462454537231998,1.0553147840272459,0.2848234849415296,0.4887396899810964,1.0,0.3562387661484308,0.09236700367365436,12.084357079880839,8.236886502979415,1.0,0.0
2460,mga,tgif2,1,0,3.518025851423512,1.7884708933055364,7.551559480992886,14.226225102158025,19.44706926654909,2.597054068804724,3.421385550231772,2.399961757817357,1.5887400874814874,2.5752388384805744,0.18255398393849173,0.35549314164005413,0.7057892613846386,1.0,0.27928988956934464,0.05911978342030716,3.9238249539292163,2.8399294156143307,1.0,0.0
2461,mga,zbtb7a,0,1,9.087046730823785,0.7979750721327518,13.755406512536172,7.039215544605946,30.794597971579343,3.4396942346511143,2.7986985917580576,5.472092706033182,0.716726031898198,2.238726855764988,0.4886473802165221,0.36532683917334136,0.7471358881165268,1.0,0.2575332048083318,0.06441211453014707,8.070232851063373,4.023407395800378,0.0,1.0
2462,bclaf1,topors,1,0,15.839647289811905,1.7354101294473647,53.83908869102785,53.95409511020023,93.71280771580957,20.709708710877184,4.536704809781833,12.238915693092979,1.6813308499775879,1.7406091000835715,0.383839422542033,0.289189622910154,0.2781527448009534,1.0,0.4414895529347845,0.11501685414689995,19.74057968636255,11.365598401841147,1.0,0.0
2463,bclaf1,trim28,1,0,24.300189611691724,2.6202394966664153,26.766550574741046,53.69310178166422,54.66239358527588,127.32765687724634,2.204049158017548,12.73690570109952,2.4983206961825846,2.0421904358815466,2.371396932794219,0.27511357147019405,0.22710524604758034,1.0,0.5662624475477349,0.23505447281790895,28.629670306462476,64.29308400418648,1.0,0.0
2464,mga,thra,1,0,8.205767114705989,0.47131229617617865,7.908456146169279,2.5217193611060402,23.33753757149761,1.466810020249937,2.3307985903764674,4.02718445200476,0.39709481171142397,2.9509599775427615,0.5816706025553081,0.3616063160509065,1.2172800360143472,1.0,0.19445907003518909,0.0395788381863856,3.7361840132888497,1.351726815100436,1.0,0.0
2465,mga,ubp1,1,0,5.482724803827683,0.9903481727677544,6.106144274536067,15.096802103264885,18.789818893676287,2.7967632862203486,2.2523650407137907,2.888833107300591,0.9293809109174282,3.0771986459661407,0.18525534527709756,0.3547870799099299,0.5953456903594772,1.0,0.27246083560291534,0.053538351442215436,4.933010810748077,2.375220388996831,1.0,0.0
2466,mga,yy1,0,1,1.440919644072787,8.501438304245982,112.48475187724654,125.00813833310775,17.24151147799249,166.35678325442893,15.112109871142216,1.4226950473427487,7.960095465318278,0.15327865501990862,1.3307676241937139,0.34569506472949285,0.46864554374632994,1.0,0.4161357629433238,0.10613492568869208,10.30369920685012,15.03286780566369,0.0,1.0
2467,mga,zfp148,0,1,7.5510642638128305,0.519177335617496,3.665141413014278,11.535634706706775,17.01236383972881,2.734737538172641,1.5522324113965338,2.4674760024070466,0.4968173763852398,4.641666425017291,0.23706866658864248,0.3492095905216867,0.8166096531923461,1.0,0.21201639280429738,0.04971500688509349,3.6411466039695726,2.770272792384636,0.0,1.0
2468,bclaf1,ubp1,1,0,10.767920328559555,0.8026536958757959,62.599379601001154,3.33297022882735,109.33132635666577,3.0514505970532118,3.368480965442444,9.187541763265115,0.6468723755156959,1.7465241197840438,0.9155349095712787,0.2926543274450459,0.6060696547124927,1.0,0.3320116379523828,0.06547147782406852,11.101108159436471,3.360627372509818,1.0,0.0
2469,mga,zfp281,0,1,8.604014110283485,0.692813883058062,12.8038915627497,2.5760744260069135,29.574748178111847,3.4645922949200214,3.1572919690750525,5.145989773824958,0.5459777017095211,2.3098249491704164,1.344911567749372,0.36444214501876,0.5574403170276683,1.0,0.2842344583588935,0.06592327809746028,8.737302511334567,2.274351780669085,0.0,1.0
2470,bclaf1,usf1,1,0,7.441322433393454,0.8997220257169203,60.331253372387295,51.3192884145589,104.53939578867482,8.210297739310397,9.050359313857369,6.624276911670764,0.8842200137727069,1.7327569036800574,0.1599846372184147,0.2950585058326702,0.4194035447451114,1.0,0.40396965143829755,0.10377360474973828,13.404698651098496,6.52979398014375,1.0,0.0
2471,bclaf1,usf2,1,0,7.696261522828072,173.89151412450366,208.6462293029991,37.92939568134115,104.95686917714188,25.891028568607698,1.2630534375351734,7.422471380162799,31.137624944116016,0.5030374597602815,0.6826111543175585,0.29479373783682244,0.6790550152416897,1.0,0.35386628435417705,0.08177230661430056,11.435561802380189,4.688557464951172,1.0,0.0
2472,mga,zfp410,1,0,0.03688337006011573,13.8277085613944,13.176472760064044,10.933993135996577,23.18915019104574,1.5367914117093433,1.795743245161783,0.03678041491582124,6.105883688631055,1.7598905726370606,0.14055170810835457,0.36075600337157243,0.8418355516976116,1.0,0.22619260321184037,0.04256911983859918,5.1293891319093925,2.0450578500413013,1.0,0.0
2473,mga,zfx,1,0,4.658977423178418,1.4046985713581406,7.814130944397854,18.51932352249562,19.974511106717852,1.9667550543510024,2.8430122632658232,2.9187479639274314,1.3056634434567167,2.55620378630052,0.10620015639134789,0.3544387658243251,0.76115,1.0,0.25814482246997883,0.04750231667062924,4.835294315707619,1.2947687309504685,1.0,0.0
2474,bclaf1,vezf1,1,0,15.816499408196542,0.8884488869127526,47.534446224540325,46.905603480907,83.47524021253668,8.36928372519908,4.011549409068582,11.867676686910919,0.8719334130085564,1.7560999831200603,0.17842822827353264,0.2849731417786243,1.1719530587237252,1.0,0.05023135909704215,0.03809755579812788,0.7366912819983678,2.7323319989631702,-1.0,0.0
2475,mitf,mlx,1,0,1.528156696853155,14.791819996899754,39.579595418821924,35.35992823864701,9.793413914843782,23.00511588284406,3.5214120204775954,1.4713483633892905,10.429101915905662,0.2474359278110903,0.6505984889895895,0.5140367916901727,0.5554775280898877,1.0,0.20124185205488687,0.0439052585020385,2.137205880562214,1.9643841597073934,1.0,0.0
2476,bclaf1,xbp1,1,0,30.00955428698674,4.085128034663285,63.098778612003976,107.87309113126642,116.1088977351537,13.69918990362735,3.2193079878660313,20.3372368857011,3.936070009411394,1.8401132365669124,0.12699357884309959,0.3007871186883533,0.6872403047091413,1.0,0.32895145668788717,0.0881673663316485,10.97658020992429,4.848279855931374,1.0,0.0
2477,bclaf1,ybx1,1,0,6.271271602565966,57.78847687418591,237.16166771906387,181.64575289727168,85.05495386991997,10000.0,4.252847766210673,6.1097123344457716,43.8409804672356,0.35863702042555234,55.05220926170193,0.28720390958081454,0.2704353123291775,1.0,0.5554852545755233,0.4136625938620898,61.200479792506016,420.57930780664014,1.0,0.0
2478,mitf,mybl2,0,1,0.22552144804058336,8.909821398620638,50.75260406332385,94.7326458450315,7.7935922840012966,439.49846495775216,11.65502357567059,0.2245237667210734,8.14387169222574,0.15356044143621198,4.639355958416977,0.5080964498957091,0.25999591754032936,1.0,0.24483159567862736,0.10577369261615699,6.264836566131189,20.53131752282991,0.0,1.0
2479,mitf,nr5a2,1,0,10.407405047742348,0.5033524598951594,4.836713322481192,14.429032809656883,8.241326156041897,6.654070166736296,1.5110786252405148,3.3021020582730665,0.48638506357441685,1.703910404971897,0.46115843345251406,0.511516892430726,0.5277353942156207,1.0,0.16991833198297626,0.03534358755990828,1.9243106275291906,1.754296952874428,1.0,0.0
2480,bclaf1,zfhx3,1,0,9.508650347232706,0.00010000000048537849,58.820538722035934,3.6290134218423127,104.69585103201177,1.7912894669054875,5.500546532591329,8.185432076132326,9.999724499142318e-05,1.77991996174611,0.4936023262201432,0.2955758724012727,1.1455220585230697,1.0,0.2065911850870173,0.0506467790616979,5.826815945231567,1.4530701065354827,1.0,0.0
2481,mitf,nrf1,0,1,25.273661173417615,2.3338265978622115,53.65044419224179,75.95688352530709,34.824524430008005,28.69573740856412,3.1972415322230425,17.18034233059616,2.264255807402908,0.649100393376498,0.3777898207079989,0.5407980678661997,0.497852418844345,1.0,0.18727968804263564,0.05257896727939846,4.9040419520028795,2.7307329124154434,0.0,1.0
2482,bclaf1,zfp110,1,0,0.00010000000015164545,2.8967006837154576,60.27327522447824,111.39768988617396,99.80435398011439,1.6966010491213364,17.29849224116569,9.99998342409097e-05,2.8232861022193805,1.6558641223396093,0.015230127759874746,0.2935248044381141,0.6440195342610249,1.0,0.17605916272156835,0.04587409604410302,4.546381777895871,1.9311869576211818,1.0,0.0
2483,mitf,patz1,0,1,12.754433894883412,0.9714089477707528,20.586989746882473,26.861226610093865,16.13465890415067,8.963185135576976,2.7086409831531983,7.875350574182864,0.9375050315624855,0.7837308466427915,0.3336848784190967,0.5248174389306741,0.4393295262766932,1.0,0.2301654835755678,0.05190285698968806,2.2157558482234703,2.0999014724039116,0.0,1.0
2484,bclaf1,zfp219,1,0,13.509401789006748,1.860708159911798,53.48099176692266,54.05966649363721,93.36681215535299,7.950810740504129,5.121574514557571,10.785071821539868,1.7987945036136703,1.7457943293620672,0.14707472791087112,0.289644800604471,0.5239905884417729,1.0,0.3527599900210814,0.08753617456344417,9.808848870098316,3.8991253924482683,1.0,0.0
2485,bclaf1,zfp263,1,0,8.339961190562049,1.3185847350455606,60.561612100466405,0.3282518084779176,105.39418225506132,1.4309797107263214,1.4112252299514125,7.330478397385572,0.262823791233116,1.7402803293977978,4.35939627373778,0.2920914555293979,0.7968241965973535,1.0,0.16766269468936665,0.039991613653314544,3.957359368241861,1.4562099002804387,1.0,0.0
2486,mitf,plagl1,0,1,14.561127876888502,1.505725316425657,40.98861429622648,40.87201841622269,26.127615255406898,11.36438179054439,3.813863475293264,10.744252464823742,1.4522253296677856,0.6374359246834133,0.27804797098138184,0.5302216761238996,1.018033295450139,1.0,0.06073000912820868,0.024230090054770236,0.7210487302811311,1.1228653460846956,0.0,1.0
2487,mitf,rad21,0,1,9.900721297631302,1.140633358359808,6.232471195893687,15.697505828048016,8.757472343901254,15.921543884154978,1.7479013663779948,3.8247829951092305,1.063365648204911,1.4051364328279903,1.0142722072258548,0.5130205676020407,0.3891362147923736,1.0,0.22185079435393526,0.057341086746871946,2.8973940245073138,4.400522747729345,0.0,1.0
2488,mitf,relb,1,0,23.253267560832512,2.000714533684412,49.10366988482295,65.16153228282096,31.101701953399807,16.365291939571968,3.1885817436865302,15.780391132614753,1.9411147014120897,0.6333885435925998,0.25114958728320874,0.5364735983645088,0.6472053872053871,1.0,0.14474602500297057,0.03862657375673178,3.8925825072907663,2.0836557386960757,1.0,0.0
2489,mitf,rest,0,1,34.58480967746696,2.840987794147954,51.4247629721748,85.53943150504767,33.68995586515579,114.94086807613556,2.5595497064129873,20.67811274154637,2.7496642667139644,0.6551309897798643,1.3437179328150306,0.5404737949327725,0.28628451459007287,1.0,0.2414885442277753,0.10180187579010236,9.758664918343744,19.22110601722467,0.0,1.0
2490,bclaf1,zfp410,1,0,7.292706036097737,0.07725465749532894,61.00809017788793,0.019367971259876653,107.23953209172515,1.5061057781741984,1.3934136091654779,6.514039252151138,0.015485668371246143,1.7577919875714052,77.7627020386125,0.2966630806167164,0.8297064230103808,1.0,0.25661285992684985,0.05588816997826768,10.122006393014443,1.4925133866159448,1.0,0.0
2491,bclaf1,zfp42,1,0,6.909202064203137,70.44276801299984,211.06334777461677,113.57349076921452,70.46064036660978,1209.2875617772092,2.697793885607869,6.6901970876623365,43.47676186673793,0.33383645767739323,10.647621672864892,0.2774109705911364,0.24243266615155967,1.0,0.5120548627283512,0.28039482123468795,37.86989820752309,105.6246023626417,1.0,0.0
2492,bclaf1,zfp57,1,0,8.882888385658058,0.9743330193672143,47.66082733736023,38.486768486318795,83.35933700139906,20.293060506572242,6.5096761933151335,7.4874069415559115,0.9502757884130191,1.7490115396309032,0.527273691834792,0.2868207682055794,0.31788110839584993,1.0,0.3859846132988762,0.12982656065178386,17.439363763246174,12.587575782559444,1.0,0.0
2493,bclaf1,zfx,1,0,11.154054280569731,0.23132482689142786,46.4164156303554,4.576749630450607,81.40926973498708,2.355608027404013,4.270108807289034,8.99299971411593,0.22019538702706876,1.753889623518173,0.5146901660801774,0.2838126490752516,0.7825479238646327,1.0,0.25509632468624194,0.04898274124708375,4.665722057295336,2.534413791835045,1.0,0.0
2494,mitf,setdb1,0,1,1.8649316633442723,23.23985977790993,29.184125115884093,3.9264372534879985,10.534708519312385,14.010543823706344,1.238229742709077,1.7529163408282347,3.35893593051564,0.3609739362575115,3.5682586831765266,0.5134540840739129,0.4485774695613074,1.0,0.2526537514239859,0.04526369476612501,2.595184333299047,4.499269766088576,0.0,1.0
2495,mitf,sin3a,0,1,4.508077137707206,0.6960791680997496,31.72413279653539,12.69627504107568,20.69741749082118,5.139204119165943,8.277038248763713,3.947174020938951,0.6598998525966935,0.6524187004122476,0.4047804653364322,0.5253657700819877,0.6181905801513713,1.0,0.12371846097747542,0.032417241095658106,1.9738941184680523,1.4730719521198576,0.0,1.0
2496,bclaf1,zic3,1,0,5.288511539363696,1.129963386722396,52.022106834833515,30.344960451400947,89.34341326525904,3.4922243082950257,10.724234537844778,4.80049805956891,1.0893972121416453,1.7174124367726593,0.11508416080778905,0.28783897562822447,0.9590792984089782,1.0,0.19039348704838757,0.053433877528223574,4.465821840831108,2.7520981245188496,1.0,0.0
2497,mitf,smad4,0,1,5.460583886922164,91.73447349131683,156.23327680630783,55.19083960114635,28.998589519825053,18.554838075992983,1.6575179545777274,5.2761738155794715,34.45902210988442,0.18561083856531038,0.33619416211250364,0.5306417777777775,0.9906350981558597,1.0,0.16660241732446612,0.03522324278243691,4.249032348446775,1.1626444294026557,0.0,1.0
2498,mitf,smarcc1,0,1,9.461787570287019,0.36117195951181186,53.707051009624124,31.72803742932072,32.70390329176678,36.480868245640444,6.743659389572496,8.044547265765912,0.3571068801028128,0.6089312795429105,1.149799079974846,0.5394086702908012,0.21405058257944473,1.0,0.22298704567742147,0.07690797256069005,8.288817600547908,7.988082907723792,0.0,1.0
2499,mitf,sp1,0,1,8.871315790537468,0.34065712178333346,38.58372401806398,24.783696620223235,24.68673007250305,3.116852248151928,5.419623236438618,7.212898809477963,0.33603820597704626,0.6398223784968322,0.12576220149534148,0.5269453894206463,0.9605659434582511,1.0,0.10760318771540595,0.022804907571007452,0.7453003248177748,0.6648053352225921,0.0,1.0
2500,mitf,sp2,0,1,14.223727789550088,1.0892473347169487,20.347935117824235,29.312284316926863,16.180089703417647,13.438309484113145,2.484225658123968,8.371697102647126,1.0502210195370745,0.7951710878635705,0.4584531638277325,0.5244627008566718,0.6000933953149749,1.0,0.10332751056397063,0.034051949918018035,1.4152385265635783,1.4674737506656916,0.0,1.0
2501,mitf,sp3,0,1,18.857536608878835,1.7076768428792743,51.89581332178516,53.86294867366526,32.636354707745625,8.109543323145308,3.870946848722511,13.831531659237744,1.655200194063473,0.6288822280398739,0.15055884467591796,0.5340115172847028,0.5499880633756775,1.0,0.1981464344643884,0.038994737425465095,4.031457188228507,2.508836149080688,0.0,1.0
2502,mitf,sp5,0,1,3.9145041572785124,52.88126086719185,65.80473057018672,18.237585295892067,26.336463300253058,166.2843592305679,1.3878145467161431,3.694717711583143,13.56077267350748,0.4002214289467051,9.117674107219813,0.5294695761496192,0.9335525804697415,1.0,0.13651758370325992,0.08387704863393695,5.360754129955317,15.960469191663332,0.0,1.0
2503,bdp1,cebpg,1,0,7.507926528741916,5.109384568524282,8.96416857651625,27.232308099671414,7.153329710838644,3.018693267557953,2.6055962528258303,4.08583842150456,4.302197049401448,0.7979914310824626,0.11084970309932622,0.6320738069395331,1.0995225365654682,1.0,0.2880667185107014,0.044535430698066064,1.2495137426008456,1.4091916977523395,1.0,0.0
2504,foxj3,gtf2i,1,0,12.977479921988591,0.596861763197745,0.00025093945376916064,15.880242787425468,2.4933778850502506,4.039050949272085,1.037605248808241,0.0002509346015642467,0.5752412191711522,9936.173238600855,0.25434440791234925,0.8344930217592404,0.5516839599483708,1.0,0.15814431492634215,0.023993082522865118,0.8409844023987177,0.3355044016399669,1.0,0.0
2505,bdp1,creb3,0,1,18.36000359220435,0.8980079798605972,23.233634170265294,38.687181996957214,14.151021934387593,6.089850838651709,2.289269086408396,10.255645569210841,0.8776362617416348,0.6090748365358294,0.1574126241381624,0.6491433973951456,1.1015878188513961,1.0,0.05904352573327391,0.01584151999806686,0.27124279092815345,0.7934780801502257,0.0,-1.0
2506,foxj3,hmga2,1,0,0.0001000000000045409,14.02607769529623,11.073690917294817,0.00010000000000000118,2.899687606957998,12.636318567412951,0.9933106911592624,9.999909697141743e-05,9.99992870473909e-05,0.2618537602877542,126363.18567412802,0.8341591797835503,0.5978563454945328,1.0,0.20389204127476546,0.04328619191432612,1.7405873180465397,2.707005275768701,1.0,0.0
2507,mitf,srebf1,1,0,8.17508072309193,1.132022262959897,36.978636545433154,1.523657090308515,23.89074152514867,3.2352614827708583,2.5087628213198556,6.694982319861346,0.6494811752115952,0.6460687509609968,2.123352756567931,0.5253183914986113,0.5266684847727371,1.0,0.19929888799097648,0.04057236302333464,2.6092485490096364,1.7286577539493577,1.0,0.0
2508,bdp1,cxxc1,1,0,8.71669072070312,1.0141540202477046,25.077430253838052,0.9535759151366809,14.27502414985169,2.3094327029987713,2.38162930903772,6.468350035125531,0.4914662477594195,0.5692379165391926,2.421865597001523,0.6470402920497567,0.6644347205707491,1.0,0.2254649184102115,0.03495963484055822,0.9440482884583054,1.2770823391648682,1.0,0.0
2509,mitf,stat3,0,1,11.791659886555989,4.191051373542443,23.64184364355905,3.137202639162216,17.334094861341754,2.683254720080808,2.3798281358416347,7.867598503180779,1.7941759943292617,0.733195563031491,0.8553016902973684,0.5236799999999998,0.49268922018348627,1.0,0.16803071275525175,0.035769536738970195,1.3839297722995725,1.1364128246911984,0.0,1.0
2510,foxj3,id3,1,0,6.293231300366304,59.41329978054293,41.47818349621812,0.0001,7.359849673966307,36.69183612214718,1.1517258291331325,5.464184047557248,9.999983168780046e-05,0.1774390547897875,366918.3612214718,0.8579880635438337,0.8656187949369425,1.0,0.2525087985166967,0.05948975310429889,2.177283669969606,9.166626240877465,1.0,0.0
2511,mitf,tcf7,1,0,8.018566260833888,0.4209577342040784,56.48764469642121,34.74240541706498,35.52500949039511,6.1692054788790545,8.118517299774574,7.021803252664178,0.41591824428885293,0.628898756202625,0.17756990066809905,0.5416981382371928,0.6016508785838615,1.0,0.16415541790254148,0.03213435908744646,3.4689839967450364,1.7656325642076154,1.0,0.0
2512,bdp1,e2f1,0,1,2.2483008913120304,25.98588098499217,39.49388063468349,13.702151493480661,8.32733995351027,27.95773216766372,1.6142375945698961,2.1272037968842636,8.971532618581001,0.2108513982340142,2.0403899475907643,0.6378037571241703,0.6863894343241518,1.0,0.30387729481985676,0.05747701606859027,2.6259867468244726,4.614984187044944,0.0,1.0
2513,bdp1,e2f4,0,1,4.159328232693955,17.28147018388012,227.26223925849095,290.4121751523126,11.216113684824291,1646.7401701758856,17.67491903452025,4.084572834850822,16.31086446535764,0.04935317772728157,5.670355140283698,0.6358443852030692,0.37255418800123535,1.0,0.4111349794302454,0.12174192213862373,9.451790424108417,27.929983844365147,0.0,1.0
2514,bdp1,e2f6,0,1,4.4033572798992475,0.4227559153156592,14.696447703769763,6.352049958555599,9.226997479594655,2.058188203546816,4.626230193075037,3.3881869495728156,0.39637544519419504,0.627838622337822,0.3240195239293789,0.6394747012735911,1.2817955112219452,1.0,0.06313480376046333,0.018223739027234873,1.1967223560524665,0.9080389882870387,0.0,1.0
2515,foxj3,jund,1,0,5.891550071825209,32.28748756977409,195.38446660932536,182.21643956258308,8.166362246831197,743.7487151647375,6.8416639333900235,5.7190985158914005,27.427521286149528,0.041796374033970574,4.0816773555126655,0.8657851239669422,0.799675317165489,1.0,0.16650667529074564,0.05550844182688107,1.9267130785860878,10.013890787992935,1.0,0.0
2516,foxj3,klf5,1,0,3.0539088536674415,36.54218278244947,54.443124057164525,17.723656519202837,6.479082920874203,58.09277399992387,1.5683191112685597,2.891702930781438,11.93496874705745,0.1190064499985573,3.2776968983224646,0.8591601318564321,0.2962754047789177,1.0,0.27018326908740353,0.06556870292117105,2.4521829756563553,3.8639700051612937,1.0,0.0
2517,bdp1,elf2,0,1,10.50055981304873,0.6836716468395462,9.186007646786864,11.440826618422886,7.725542786402209,2.4181489082451404,1.9868447488149505,4.8996973664912336,0.6451210272207986,0.8410120134294135,0.2113613805099759,0.6337405284385523,0.829674811970726,1.0,0.15939981024377506,0.030923007297855083,0.49584972526054016,1.0625587823581701,0.0,1.0
2518,bdp1,elf3,0,1,1.8545943060006802,21.501650180372984,23.474352517090466,2.5276295688077255,9.079832984188798,18.184125904576263,1.178005319525493,1.7188002651401064,2.261749305071191,0.38679801615734616,7.194141945868142,0.6375018813837596,0.698218866755049,1.0,0.20316914942345496,0.04342761853520603,1.6340276683141692,5.596920987515938,0.0,1.0
2519,foxj3,mga,1,0,0.9490180228836189,16.173221049275114,26.30654374900474,13.714596076870341,3.950281592339357,32.77619284972484,1.9146483426206826,0.9159739339268153,7.421391566221463,0.15016345856869961,2.3898766442711263,0.8449935121107265,0.3672477078502811,1.0,0.20182425926216965,0.039602215445701854,1.5221174031205296,8.966194957939571,1.0,0.0
2520,foxj3,mycn,1,0,0.05165875711876248,16.15487626451582,22.130938989711005,6.820335863409976,4.315295464509792,36.716630869337756,1.417098227943855,0.05153845438336997,4.795676372533021,0.1949892621599127,5.38340509978646,0.8436045457942128,0.5586270619438426,1.0,0.14977072504250524,0.043699502727559264,2.4970566391743274,2.2448778057324508,1.0,0.0
2521,mitf,thap1,0,1,4.87538346420927,73.83924217857361,186.69408781309383,106.02058500233537,33.82362895204524,40.74820804676041,2.4968688824688314,4.751306471332476,43.525448537362074,0.1811713983460863,0.38434241846395045,0.5395824664251464,1.0290665056228356,1.0,0.11132292968891402,0.03264184706058681,2.004197871867179,1.0201616819137374,0.0,1.0
2522,mitf,thap11,0,1,0.7099375009324539,10.409641914216527,26.631966965097924,27.298096032373042,8.764550582981084,31.705008625193706,3.718948878747067,0.6915038451548762,7.53594408233653,0.3290988831004228,1.161436628678955,0.5134842883622792,0.5082330759123304,1.0,0.18288206471777954,0.03887037540333821,2.3149142764297332,2.4702358031126472,0.0,1.0
2523,bdp1,ep300,0,1,10.377518240050023,0.9799114384675166,11.543587602889893,2.007272757471379,8.859421325918852,2.0923313238839247,3.1434091994879667,5.464769513130512,0.6584627549397601,0.7674755570530716,1.0423751909629346,0.6403865673035957,0.7741300788585321,1.0,0.2174359906573917,0.029340949128773906,1.416231665571233,0.7934283554858101,0.0,1.0
2524,foxj3,nfe2l1,1,0,5.219850628391145,9.64549522462661,9.458914865223546,7.0759194141575374,3.4138717737432067,1.6322594994258377,2.6902754148736405,3.3636427208141835,4.081637133786303,0.3609157945056233,0.23067807925568007,0.8377140773994681,0.8312076410535043,1.0,0.08372535320878012,0.01750441481013789,0.23102352499932632,0.17541347741102187,1.0,0.0
2525,bdp1,erf,0,1,9.276732446080302,2.1464384208940155,17.909470930374493,27.247191813579555,11.0344957517785,3.8488593830692333,3.161440900675405,6.111238401748564,1.989697050129728,0.6161262828297165,0.14125710309533715,0.6412461954105537,0.6645425236812273,1.0,0.269416714575119,0.04124610106262198,1.5902779949132126,1.4394263428215537,0.0,1.0
2526,foxj3,nfyc,1,0,0.4163215774849309,11.503025798156337,18.46031103097248,10.677862821268807,2.6959955122004278,27.757749648856556,1.9717523022329206,0.4071396614369444,5.5375478236999855,0.14604280001984365,2.59956042828786,0.8328547798133642,0.4429877168774574,1.0,0.21669826412271506,0.042071659297811516,1.9500656348580896,3.8490729088485245,1.0,0.0
2527,mitf,thra,0,1,7.345699633480974,1.7166946801557554,19.81175915501391,25.198784008706312,14.530696842334484,2.029308516792731,3.948921394388831,5.358794175000371,1.6072022702698932,0.733437991479777,0.0805320017065742,0.520224991965145,1.2292425656213237,1.0,0.1762768552749446,0.029009812736091278,1.3296313145883096,2.4785407212235264,0.0,1.0
2528,mitf,usf1,0,1,0.4714756193932763,12.339870931667447,15.9361772155628,3.644839613384462,7.65041871768874,13.155168412942091,1.3194263453837536,0.4579277181841106,2.8137419360224567,0.48006611712485014,3.6092585156927366,0.5073451830208586,0.44226234983003226,1.0,0.20715015225248617,0.04891155014308319,2.035864860321581,4.84199933390789,0.0,1.0
2529,foxj3,nr1h2,1,0,2.1541701944596383,10.312844098560824,3.617928831140925,63.44190448590095,1.839077248280808,71.17144510903789,2.5690900485594454,1.3502253546159637,8.870838594611115,0.5083232241748794,1.1218365161918291,0.8169793471873683,0.4615967221341642,1.0,0.2146110988091651,0.0371435911274092,1.0923916111210148,2.4225887185197967,1.0,0.0
2530,mitf,yy1,0,1,1.6447666362037323,11.814651864374666,164.73932560566797,219.49889477838212,10.743950247281582,322.5040188514914,19.115773407482866,1.628507526026082,11.211202560595021,0.06521788411953976,1.4692739987465941,0.5146998672371016,0.4965442687062202,1.0,0.24569368896126567,0.07183699901594769,3.316073865084728,7.466464756269002,0.0,1.0
2531,bdp1,etv4,0,1,1.137253019441953,16.398982752783706,26.554077688548727,9.427750216672862,11.003596651103889,21.014488973708374,1.5731570930164356,1.090547267238552,5.9862590202025165,0.4143844414467884,2.229003578875531,0.6434284563629724,1.3350032786885246,1.0,0.10120862837619998,0.035188318262243896,0.7095332047089435,5.462378567750831,0.0,1.0
2532,bdp1,etv6,0,1,6.231899573051268,1.4349175323108945,13.382669897660179,15.727104184487306,8.774860314005936,2.6503104338981474,3.4346146447875125,4.25191360667115,1.3149440024721666,0.6556883178849184,0.16851865434402893,0.6371818586050635,1.1162748753861336,1.0,0.13014187506612954,0.027159579267993637,0.6719390841273057,0.7380564370365075,0.0,1.0
2533,foxj3,nr2c2,1,0,2.83776099413692,35.515668179926145,47.3446187729208,7.511277538052058,5.063278864365479,4.7076652919317965,1.2841068354350558,2.6772885833579623,6.2000227112872714,0.10694518185161665,0.6267462849139591,0.8449438276669752,0.9402929651545036,1.0,0.1552008687168573,0.022932080434470523,0.6216712237626392,0.15543371056937277,1.0,0.0
2534,mitf,zbtb7a,0,1,9.72907793432041,0.0879980594593909,40.7054552884123,5.039665915626707,26.231794789225038,3.455792921667789,5.27441301463394,7.85228932533184,0.08648788669724371,0.6444294653717457,0.6857186526893111,0.5291581686421343,0.7470643996554459,1.0,0.18630253801726415,0.0394372491293421,2.4057994269505683,3.2357015359764487,0.0,1.0
2535,foxj3,nrf1,1,0,0.6654616499340595,11.526732003748823,135.99430729047896,171.13561291152797,3.4707276110956697,208.308424454776,15.59116962306575,0.6622211995003547,10.799348641031818,0.025521124231195357,1.2172126006435917,0.8364780823572032,0.5215961253765475,1.0,0.24064158918626236,0.04785046657566128,1.1890928280767692,8.151477756297673,1.0,0.0
2536,mitf,zfp219,1,0,0.3759060087890781,10.47571061788535,18.04084643266613,12.456942481477583,8.352992967712032,11.781802183952273,2.2323919051542678,0.36823335706109683,5.690371892610496,0.4630044936576516,0.9458020859830423,0.5108547275561462,0.5373486286151438,1.0,0.13629776026816218,0.0315348902686701,1.134465987391052,2.0180451992746073,1.0,0.0
2537,mitf,zfp57,1,0,0.056635989678081124,7.609198703906459,12.145239446453386,8.659223125020274,6.413749347123786,32.355261475438155,2.144976217914558,0.056373109160770034,4.050162337356113,0.5280875173685199,3.7365085768433066,0.4993691185960722,0.3380638774856609,1.0,0.18917131923037736,0.06862511173937295,2.356293095082872,7.877355019401353,1.0,0.0
2538,bdp1,foxj3,1,0,17.456537128593236,1.1008385985991713,17.77972312070447,30.30611520223234,11.63009392674719,4.400342890251371,2.091834196692753,8.80832399910746,1.0622533340793852,0.6541212058136021,0.14519653412811032,0.6428684854066757,0.8414610420104927,1.0,0.1270572769102141,0.026399043681823293,0.6515470603994115,0.8772047941387366,1.0,0.0
2539,mlx,mycn,0,1,15.637929805081265,5.270058631053224,38.26789343951101,71.70391608921382,23.670521737784473,26.362278909205656,3.70047489320818,11.101409743435028,4.909241639652286,0.6185478115015608,0.36765466026159266,0.556047619047619,0.5385986020077072,1.0,0.35397469168985946,0.08308265428374917,4.4651535923282175,8.357268993361785,0.0,1.0
2540,bdp1,foxn3,1,0,6.3516317430420335,0.5296903113476611,33.85934206299356,0.23940842583823374,17.308525611715304,1.8803805014768733,1.6969242781745777,5.348342790284471,0.16488432172637454,0.5111890709368683,7.8542787075816225,0.6474264050062296,0.7287207031249999,1.0,0.1130234912182175,0.023650480102744214,1.066513639390777,0.6232092279150582,1.0,0.0
2541,foxj3,plagl1,1,0,1.7064767189049102,9.977652092730676,4.417094712232113,33.908533430424946,1.9120575184726125,18.241105410719044,3.1583632870856775,1.2309269805026986,7.709203830553835,0.43287673075644395,0.5379502905410806,0.8177661309268806,1.0092909096675429,1.0,0.15658534105090072,0.02589925461056534,0.17998711710376403,1.911813128727267,1.0,0.0
2542,bdp1,foxp4,0,1,6.912876022889443,1.8858762473889865,9.075373881316503,17.7581875966186,7.340691134590799,5.097979498396981,2.5584377650207126,3.9239400734164205,1.704827700168403,0.8088582608924906,0.28707769138375955,0.635366740912101,0.602538016261243,1.0,0.23640330778336113,0.042603865065226634,1.85718033444227,1.9395485358592834,0.0,1.0
2543,bdp1,gabpa,0,1,16.70298019966536,1.4398663973691113,5.606370495024276,23.71098356565731,7.506671852871723,8.08148975220938,1.4150731043769316,4.197481883355248,1.3574351775367604,1.3389539381198565,0.34083317251817885,0.6339015872535936,0.5580879441983223,1.0,0.20032250321611697,0.0403245910412717,1.8346022955568593,1.7504420807431988,0.0,1.0
2544,foxj3,pou2f1,1,0,7.672987851683536,1.3038690374891346,22.393935935653136,19.467158946506267,6.410840944811601,3.3490297057247664,4.180997665781732,5.714864600083068,1.222020682740742,0.28627575622403084,0.1720348467348293,0.8523716329568498,0.8439670653400526,1.0,0.10705649950014945,0.01731931953289789,0.6150299326510207,0.1987316533998031,1.0,0.0
2545,mlx,nanog,0,1,7.2635592543829555,0.4713602530164602,45.27028513136616,33.62268446252522,28.33712502488864,30.29736742077605,7.2850836746197976,6.259267760797836,0.4648435580928314,0.6259541980497679,0.9010990022091941,0.5637464562595718,0.2251892308532187,1.0,0.3256092458457165,0.09923973965726474,6.195929861693923,13.901880872195555,0.0,1.0
2546,mlx,nfe2l2,1,0,14.059414567463019,1.2469741123159206,31.442471586369553,35.92330668996466,20.288594274219243,14.344465182416217,3.348742071504809,9.715261946810784,1.2051411101640868,0.6452607969601993,0.39930803993674135,0.5507499341598608,0.3174997381111831,1.0,0.29169316566377335,0.05208748524755755,3.2767450125177127,3.830752340607605,1.0,0.0
2547,mlx,nfib,1,0,12.180621233309852,0.47483135325044395,20.205859010782046,5.992802959028016,15.448202603523445,2.533310560918793,2.869523637937876,7.599464759647519,0.4399708767387131,0.7645407500507715,0.42272548893042117,0.5532051575386587,0.8073217038042645,1.0,0.22592390163426462,0.04096169352856744,1.7343159029313788,1.144592995261266,1.0,0.0
2548,bdp1,gtf2i,1,0,13.196054610748106,0.30364322149806167,37.7030213609297,9.553249758981782,19.0999941768972,3.8174765216570234,3.97974002997823,9.774855817537357,0.2942894417477582,0.506590545995071,0.39959978206033037,0.6538850166636212,0.5446908084320444,1.0,0.21401761792253782,0.0330888365091074,2.612515979183898,0.6700203206826628,1.0,0.0
2549,bdp1,gtf3c2,0,1,15.124412560345153,0.8480141741135264,13.04695148123885,25.111276847495425,9.721258888241584,7.5349004696512525,1.9255437540087217,7.004541085258982,0.8203120292861183,0.7450981098703772,0.30006042764817736,0.6400761245674741,0.40036480518222783,1.0,0.2556450987304647,0.03244452644650852,1.9189977204635118,2.5568145435405873,0.0,1.0
2550,bdp1,hdac2,0,1,1.3768285075003142,18.759212159503974,34.840574094885895,19.20628286264056,8.814338423553087,69.47363663792981,2.102352369458833,1.3244874614049587,9.490057611669931,0.2529906194871487,3.617234898329426,0.6373944901798398,0.2296045693938834,1.0,0.24185577531724936,0.07645360436422532,3.405443193276055,10.68727788371471,0.0,1.0
2551,bdp1,hif1a,1,0,13.241057619324849,0.5495531037061803,3.2521255540060383,11.205110884920764,6.1671396918795764,4.497912754388394,1.3066999287728926,2.610871497231797,0.5238604412799893,1.8963412049952257,0.40141617522424017,0.6261336010613503,0.4515735013985341,1.0,0.2301684792820297,0.037530820235054774,1.3465047446137761,1.1735029293218835,1.0,0.0
2552,bdp1,hltf,1,0,2.012402946842135,2.7908834239030003,11.998526578887475,14.819981576877495,7.479468685559333,2.2540981134425113,5.706928209550835,1.7233596244114615,2.3485979208643175,0.6233655971325808,0.1520985772991386,0.6326240435330063,0.7601251977916775,1.0,0.16866793866054014,0.0369412908858714,1.2421339582584257,0.8373656111956981,1.0,0.0
2553,foxj3,setdb1,1,0,17.53473343619382,2.065744641487712,27.48332355750188,42.964528691127114,8.22077577727719,12.37776540382615,2.6908042837843507,10.704876769536018,1.9709794844495812,0.29911869137942154,0.2880926611067972,0.8647267664462236,0.44635823422842735,1.0,0.2140631574124426,0.04564245028058618,1.8983401092103316,3.0624686505842833,1.0,0.0
2554,foxj3,smad1,1,0,13.586861772826836,0.25738088840555756,28.414152407884472,3.2658016954181974,8.286401766715896,1.9727626918948997,3.3349241610766645,9.191662836923978,0.23857830859587376,0.29162938410989,0.6040668956301343,0.8681173553719009,0.9463798900938243,1.0,0.20114281203071582,0.033326851457645655,1.7959352977688192,0.15282130432932797,1.0,0.0
2555,foxj3,smad2,1,0,5.502278687604978,5.369402257508712,8.748378172095158,8.069895082582777,3.5639858618678315,1.7651730448446572,4.035740152454938,3.377810247017671,3.224165056979344,0.40738818004415195,0.21873556307496778,0.8394704368830079,0.7455021782967423,1.0,0.16064885181640784,0.024610067142391452,0.5697224582893149,0.3791559801252967,0.0,0.0
2556,foxj3,smarcb1,1,0,0.9640535583341491,18.785643059814163,27.10588613217874,10.099302697274448,4.343400032498189,53.1853252973328,1.592294371993248,0.930943431501534,6.568192899495296,0.160238260107716,5.266237372178795,0.845534399002969,0.30565056602979546,1.0,0.21206695687754182,0.05429689163311128,2.7212002309783374,8.065105270582977,1.0,0.0
2557,bdp1,hsf1,0,1,9.77767908940654,2.5291887827491046,12.629294331938324,27.094763677933333,9.27768642868891,4.083772669305582,2.505562129142201,5.511015913720949,2.3132555473959266,0.7346163756138372,0.1507218412327955,0.6416382762536608,0.8140758900166205,1.0,0.25212904382443296,0.04614638508858643,1.0428559730684948,0.9129764837958222,0.0,1.0
2558,mlx,nrf1,0,1,38.367266032767446,3.4120298002874714,31.647305957705562,87.4251313162014,22.774164427083218,25.840311650583505,1.8852425828976322,17.342398480489123,3.2838669733677683,0.7196241113704691,0.29557075021281487,0.5567379412789654,0.49490230181740363,1.0,0.3336837422845931,0.061836338895511406,3.1695708520431083,5.97487047440152,0.0,1.0
2559,foxj3,taf1,1,0,1.3014159758537371,21.39683570906356,32.161024864786754,13.224461409259959,4.49321224704516,19.605233675823563,1.6835325578122726,1.2508015108099817,8.17305103121129,0.13970985893440224,1.482497703996905,0.8418448754787636,0.4805663246369177,1.0,0.17525018852141933,0.03494514202917853,1.4680819267195824,1.137852273063964,1.0,0.0
2560,bdp1,junb,0,1,0.0001,9.178184515643718,14.330061249090043,4.573495026497056,7.557389585334433,7.2813200003430465,1.433164759443212,9.999930217114615e-05,3.052454873307368,0.527380131457172,1.5920690758725882,0.6364444828542712,1.5352100085371136,1.0,0.10597902280616718,0.025926730307238768,0.6972467384693608,1.2550632921944433,0.0,1.0
2561,bdp1,jund,0,1,4.190228641923918,18.878236953404645,232.22727978672748,316.85614603820096,14.052073097970254,1371.056144977739,17.871119921553245,4.115961654726993,17.8167197287068,0.06051000171416284,4.327061861102234,0.6405881493971652,0.8423444734578465,1.0,0.26163943926185673,0.07984099951691415,3.6729363166390243,27.70838563086738,0.0,1.0
2562,bdp1,klf10,1,0,6.3232525653836715,0.4201821771725025,14.306230293664619,5.544417180225635,9.112554443376618,3.263151818510734,3.5097258073551547,4.385078774076342,0.3905820227556869,0.6369640538648416,0.5885473102833755,0.6351404847165286,0.7396669258139621,1.0,0.10434750365933615,0.03373463771888746,1.002147598835534,0.9027557262940995,1.0,0.0
2563,foxj3,tcf4,1,0,234.97510947704976,9.128679634102415,8.10221453927686,8.195648850826077,1.3542015964881395,13.173761095120266,2.0107053920487488,7.832152818356894,4.318519636583749,0.16713968630717163,1.6074091673403532,0.856355554340733,0.5303092436073699,1.0,0.2037346481472923,0.043318994795992216,1.6137274808612279,2.0561254261297384,1.0,0.0
2564,mlx,patz1,1,0,10.385293675463258,1.2233414220950753,42.4047124417242,45.38827265891679,25.986259943850943,6.902298026175205,5.182552774065096,8.342211420723723,1.1912343117853454,0.6128153794124473,0.15207227818614086,0.5584678619302652,0.4305111962633769,1.0,0.32809194117536644,0.06298964089755812,2.745653535101409,4.343048384924766,1.0,0.0
2565,bdp1,max,0,1,4.644445461397052,54.027332887124786,102.08718567176612,40.19085983009293,14.11242321742019,55.62987483206653,1.8232371270653236,4.442341610693423,23.04655715035163,0.13823892905418012,1.3841424410237082,0.6420757645476176,0.44530565010979595,1.0,0.2967729844434497,0.0569548081790175,5.06065302150859,5.899053387762249,0.0,1.0
2566,bdp1,maz,0,1,1.1525628103662071,10.478687881429254,45.54646748690253,50.13010962166876,5.480810694801229,85.94076265250676,5.902947771193281,1.124116801458032,8.66702184877451,0.12033448469691543,1.7143541735914904,0.6232812452712179,0.3536243123433011,1.0,0.28910729048572587,0.06746626714125413,2.7695155617216027,6.749974242125091,0.0,1.0
2567,mlx,polr3g,1,0,11.85040770349055,3.0512871680190967,25.33692785384634,41.86981732972494,16.647605018404462,8.094682638214149,3.366752335684469,8.074063939296304,2.8440270508466536,0.6570490753430956,0.19332978155764327,0.5476254508346197,0.6464483385093409,1.0,0.29420205176454517,0.06074294977117823,3.6335162898869013,4.166870859665573,1.0,0.0
2568,foxj3,tfap2a,1,0,5.34045933939854,3.299636256268596,15.996205891931789,18.215822719754332,5.070729032087183,2.2928305994655314,4.718899269755683,4.003769390592006,2.793600134249749,0.31699573426000793,0.12587027414243818,0.8488460247104238,1.170571942896464,1.0,0.12606659716661311,0.015586732820194677,0.42057402920995823,1.0596110430659404,1.0,0.0
2569,mlx,pou2f1,1,0,6.458773262743439,2.1450864477619067,36.271420719254245,41.97241832728655,22.98280454377847,3.3945435392646486,6.705911976281321,5.482513897361095,2.040787805038708,0.6336339765036644,0.0808755767369695,0.5560100939607604,0.8435439411955465,1.0,0.25113749459179846,0.046971352609328075,2.4464275420721036,1.5863760544749543,1.0,0.0
2570,foxj3,tgif1,1,0,1.5141072529699207,12.42230370272424,6.010108326025464,47.82991713252391,1.9671688056624077,103.8099821795715,3.4732445388658846,1.2094215685384533,9.861176043966783,0.3273100415085718,2.170398537215563,0.8190942813064149,0.3245449625313314,1.0,0.2570661538672966,0.05627760270393369,2.0590592915522823,6.534939745949554,1.0,0.0
2571,bdp1,meis2,1,0,3.0296076155158542,3.8654390562851626,14.669562611503684,15.038604818055507,9.023504333341366,3.5504170746835872,5.889021528797889,2.5110227221981023,3.0750463129560135,0.6151174763905537,0.23608686561275413,0.6363825822967504,1.790873702422145,1.0,0.14657156730218832,0.03248417977479919,1.327064911037208,0.8910695570359655,1.0,0.0
2572,bdp1,mga,1,0,16.427015567749468,1.7468314966055398,7.107577695171673,26.205674331409476,7.643856120342634,18.289716308827494,1.5281762134035983,4.961049810515486,1.6376670339878483,1.0754516444519862,0.6979296192697431,0.632522992025054,0.3484842937462414,1.0,0.29695007553820557,0.06039063932502431,2.2770574077807555,5.526177529296272,1.0,0.0
2573,bdp1,mitf,1,0,1.347551073626371,13.29430087699704,42.135554750912576,48.04944599112711,8.083665966604807,29.809673419633228,4.761860146517521,1.3057901676009598,10.413185118155738,0.1918490456430915,0.620395777823077,0.6377930352544491,0.5323505016178574,1.0,0.15216791362454754,0.026930485616263825,1.0891587731930608,2.1366011733613703,1.0,0.0
2574,foxj3,thap11,1,0,0.5500996599689844,10.974818903830801,21.14652246979151,12.408527629949367,2.4286986149816534,17.348924338296865,2.186061976676706,0.5361523443874076,5.823860301823956,0.11485096986755755,1.3981452800591183,0.8280996884202023,0.47850839067789225,1.0,0.22432866857401826,0.0399181254570194,1.8757149762059566,1.698011101539871,1.0,0.0
2575,foxj3,ubp1,1,0,12.323215344528082,0.42574834409947904,16.059355573772397,5.201163141669003,5.466407723920114,3.187849325913215,2.491709011367638,6.972691008140528,0.39353499705076617,0.34038773840014286,0.612910850723722,0.850744578826789,0.6101342631045718,1.0,0.14072316615956987,0.020502724613697513,0.5837333213492986,0.3916057521675919,1.0,0.0
2576,foxj3,vezf1,1,0,0.32133843692772235,9.649881723433115,22.714151532991053,26.441577064537093,3.8105538458866106,8.929532259995495,3.793004704721158,0.31685585847239134,7.069763867202634,0.16776122323354192,0.33770800577442117,0.839695585996956,1.1855652241950718,1.0,0.0724242576797334,0.020234805093983937,0.14952960390590903,0.5889573110543883,1.0,0.0
2577,mlx,rad21,0,1,7.4329738591833285,1.6853735729401138,42.115971592051224,44.91718560567869,24.907349846136235,12.391939138334685,6.77620243654853,6.317932966018849,1.6244223262611945,0.5913991510725858,0.2758841403627039,0.5559765517007916,0.3749867657764043,1.0,0.35482389118377056,0.07153992874102372,5.3694887532400895,6.846083542806149,0.0,1.0
2578,foxj3,zfp410,1,0,0.0001,20.644641322063027,18.157919827497118,14.979871511615215,4.679823716464834,1.5657923867959773,1.7213887997999429,9.999944927915625e-05,8.680934834160807,0.25772906593507633,0.1045264230458773,0.8497765158876289,0.8472732339972329,1.0,0.16055546907988508,0.02664802722331351,0.2415115627119714,0.5376322281925853,1.0,0.0
2579,foxj3,zfp57,1,0,12.525163130541577,1.5397182896411654,24.577382720734217,32.595507180952936,7.143265922125816,22.261933755189826,3.1021683196591687,8.29688962943131,1.4702670884619675,0.2906438819500313,0.6829755288544338,0.8589835468362748,0.3232124307479225,1.0,0.2298609932658852,0.04888184067191023,2.654471747597111,3.632598605347704,1.0,0.0
2580,mlx,rara,1,0,15.938526455304203,4.014965703478987,50.70115730081172,80.94525697549058,31.801044991237713,3.850413476121016,4.388428195022006,12.126434151623103,3.825230447475442,0.6272252288554483,0.04756811726827778,0.5653375373052248,1.0404025713060467,1.0,0.29127523412734985,0.05656524237022971,1.2439350848434612,1.7991639449944046,1.0,0.0
2581,mlx,rarg,1,0,7.820747715449082,0.6605561923004504,44.51650568809241,0.4646235288080874,27.197087233740994,1.8206474708727944,1.9219675961107043,6.652094588830037,0.272765268769951,0.6109438917847468,3.918543418460438,0.5604477785467129,0.7991134449977364,1.0,0.2261644730462994,0.03536197439319207,1.7363741862267235,1.5037872723891426,1.0,0.0
2582,mlx,rbpj,1,0,52.077525725902575,4.4984542991431455,36.230153689649654,92.4460948808117,25.734915391916672,14.811878717439434,1.7782096193650196,21.365942048453896,4.289715476252589,0.7103175882819593,0.16022178910354187,0.560092963824717,0.5659400658251783,1.0,0.25657498499044723,0.04966389752771052,3.244946203142721,1.437289705087477,1.0,0.0
2583,bdp1,nfe2l1,1,0,0.00010000000000000231,11.822469279999925,17.661018606739237,11.36775629568707,9.898399458283007,1.5916552049957082,1.9615493270363376,9.99994337844515e-05,5.795327395572553,0.5604659435954558,0.14001489507648776,0.6405513036073021,0.8216875513924426,1.0,0.12709221968306803,0.025921285351090253,0.36975152961458,0.4126660858278768,1.0,0.0
2584,bdp1,nfib,1,0,11.070970274738592,0.7701870336739597,9.175850014326315,2.781895672177099,7.952650146703255,2.259664952995234,2.335142662109673,5.017358839744905,0.6031897771454497,0.8666935634613393,0.8122752321717481,0.636770031688547,0.7928901970958764,1.0,0.21706099024220304,0.034403824496987805,1.223716637099131,0.7665234349427799,1.0,0.0
2585,bdp1,nfyc,1,0,15.421196465326174,2.3188710346205856,8.74147478768464,27.354970315518326,8.378446613165297,18.480955390136753,1.6996691719608366,5.579018920798455,2.1376621775752818,0.95847060326356,0.6755977132116502,0.6396696175504751,0.432157546978671,1.0,0.2674613252894652,0.05211931824543751,2.8367468002101455,3.562038868323705,1.0,0.0
2586,foxj3,zfx,1,0,5.947601403145296,6.8845301717137,0.0001,1.7096685915018712,2.0278900319395565,2.3704503850097156,5.02690598884241,9.999831867820488e-05,1.369559318572472,20278.900319395565,1.3864970069593288,0.8241870620914581,0.7795738242172685,1.0,0.10937426334375022,0.020187115855295375,0.2288386095144979,0.09606421863467318,1.0,0.0
2587,mlx,relb,1,0,28.47778367586974,2.9932473759941067,22.540634307825627,60.89932314597712,17.313468010977083,11.034745003115638,1.87957082877373,12.581874019305909,2.853019337261268,0.768100301639081,0.18119651308217488,0.550639556737845,0.6314142955260474,1.0,0.306372601149074,0.05246377630627679,2.4789187698169624,5.581628337949881,1.0,0.0
2588,mlx,rfx7,1,0,0.00010000000000129949,6.562038120667411,14.832894806033922,14.533360801053805,10.201815034153725,1.6195582601279002,3.2119445135773113,9.999932582861008e-05,4.52081839987064,0.6877831446632855,0.11143728434860484,0.5440251706912277,0.8815262522969884,1.0,0.1608080397832537,0.029110032222543047,0.7999063886205772,0.6832042925958041,1.0,0.0
2589,bdp1,nr1h2,1,0,3.3032123155107036,21.167234757784417,72.73925895249003,49.273304376072325,7.978586227613173,56.39154124957602,3.4789316404395416,3.1597239277795026,14.806524961970208,0.10968748297015812,1.1444643699796273,0.6326958952003657,0.454861618742405,1.0,0.33472524546155413,0.061955542402530865,2.8332307459193857,6.160514855425812,1.0,0.0
2590,mlx,rxrb,1,0,12.314222212768323,5.183765479646186,50.43381770711385,88.29288760926647,30.90893813978126,3.2788124318488148,5.394741169395084,9.897571925380007,4.896298784380449,0.6128613605910197,0.03713563482439211,0.5615476433686865,1.1485119737456908,1.0,0.3223015959552567,0.05289021806881373,2.2553313872403367,1.466542187005245,1.0,0.0
2591,bdp1,nr2c2,0,1,8.964318129612568,1.7605184177917346,32.830409554830844,4.407386437222624,16.81425957616036,1.702405047822721,3.1712378293556043,7.0416115113131665,1.2580098395564276,0.5121550356561488,0.38626180664464616,0.6480071197924478,0.9154968339683672,1.0,0.09957056686967518,0.02166898177004755,0.7628899515800949,0.17252046256381603,0.0,1.0
2592,mlx,setdb1,0,1,16.964018862188457,2.9784884890068377,39.717885053913506,61.56271525337265,24.3826972195395,11.198290169075062,3.5029583861366733,11.886949884713003,2.841035309258952,0.6138971696615304,0.1819005240913505,0.5526466770742542,0.44431825017384907,1.0,0.3945152135556695,0.07162400440400554,4.2544285806016955,4.176757627192337,0.0,1.0
2593,mlx,sin3a,0,1,15.70866463307082,0.6236441204906394,43.68786419653611,8.216626438736332,27.023754026444898,4.8880870125415266,4.068120875203331,11.554176998579823,0.5796486356899397,0.6185643203997035,0.5949019404724556,0.5584996539792387,0.6112127921319216,1.0,0.33973387694315343,0.06011925751365551,3.172995854931561,2.224953400024422,0.0,1.0
2594,bdp1,nr5a2,1,0,7.195519846697903,0.41094274073421455,17.940341248630745,16.9190176516128,11.113166304858034,5.081360603973385,3.578112732228082,5.135693622011867,0.40119811741489503,0.6194512217378374,0.3003342574968592,0.6456419439584488,0.5161239298191732,1.0,0.1661666297539816,0.027207401188958126,1.1205523690935815,1.8511747785741997,1.0,0.0
2595,mlx,smad1,0,1,14.311681860954446,0.46887671826213223,24.206808253999228,4.854133904703034,17.24582079616732,2.059747889847576,2.951373569668484,8.994125615164439,0.427575771767721,0.712436791137804,0.42432860944605255,0.5527449863172003,0.9555497194065963,1.0,0.28547832978822557,0.046258942193879486,2.0963673219451393,1.5879976750749336,0.0,1.0
2596,mlx,smad2,1,0,0.5880244884585455,4.220082086119599,9.347446537885599,20.62401188338531,7.082657022288547,1.9813615436847933,4.886069461935843,0.5532226357723358,3.503248023446697,0.7577103536866712,0.09607061685612084,0.5348621113901926,0.7485613735894069,1.0,0.3060792872198418,0.048927937956897774,2.1920677357406477,1.9674224487946856,1.0,0.0
2597,mlx,smad4,1,0,5.8677392101417745,74.95637353465693,130.69908116610506,36.680060048718374,19.00450298405412,12.828937222541471,1.5562166251291283,5.615625531699395,24.62819882392604,0.14540655385251985,0.3497523506096257,0.553933784264863,0.9778453092834035,1.0,0.2647421307549851,0.049434102723375645,2.1323268055765157,2.100753046761775,1.0,0.0
2598,bdp1,patz1,0,1,25.107834465009194,2.0990731894190104,12.258369465336253,38.432045904042944,10.558159846306639,11.730162086991356,1.5695126257768741,8.236884643682895,1.990363922241425,0.8613021394209562,0.30521825760406307,0.6366964923335433,0.441515289039133,1.0,0.2758521405187831,0.04796464936124424,1.3663847848030506,3.7810113501284186,0.0,1.0
2599,mlx,smc3,1,0,57.85269566828178,5.118151638570885,48.793082823296686,121.7443241737449,32.30607565781576,103.00811929999321,1.9208989914054304,26.469039949071785,4.911664448188757,0.6621035972416759,0.846102025692691,0.565751932698287,0.24464745446461947,1.0,0.4293076960358326,0.1054958965114618,9.599516711523606,16.3045938954307,1.0,0.0
2600,mlx,sox2,1,0,1.2410699496087316,9.585818647022178,78.03016704360446,83.63518505781191,6.644485412995074,427.7831082525583,9.648202174935793,1.2216397668811214,8.60011890681617,0.08515277699305748,5.114870110670023,0.5292005538940431,0.36080742246943953,1.0,0.3905428874222532,0.12260453652739138,5.901995475440224,19.25365882911813,1.0,0.0
2601,bdp1,pknox1,1,0,0.00010000000032039935,3.2697116265107895,15.797528192971942,23.468271215920005,9.203501902657178,1.4907435186706672,7.607635679207544,9.999936731397954e-05,2.869867921638104,0.5825912630275706,0.06352165887955999,0.6410922658106105,0.9731633599046055,1.0,0.18064404132401726,0.032686431731788805,0.7724967185105248,0.8963351781092948,1.0,0.0
2602,bdp1,plagl1,0,1,1.5459956920859812,23.11295609897001,36.87043931958667,15.028214980237953,10.79956256996377,11.313630936731322,1.7019621821204112,1.4837800627798732,9.106864400224813,0.29290571984659597,0.7528259977388335,0.6449106449106449,1.0146856318284887,1.0,0.13712093703466147,0.027792759923801133,0.6404730063688545,0.6769781656031497,0.0,1.0
2603,bdp1,polr2a,0,1,8.708901839113505,1.3020814655250144,48.93860697771769,51.195550847611315,23.64331515405316,3.341068600376535,6.6681968263499325,7.393234036636491,1.269786368238512,0.48312194837949174,0.06526091711214438,0.6534092770110927,0.7661898107676275,1.0,0.23648855430608431,0.04510495351617749,1.778397122392826,1.4949905970997845,0.0,1.0
2604,bdp1,polr3g,0,1,1.6670113001907148,21.229382762356074,30.567292606347237,8.525141145449906,6.5830088689405954,15.648893629840883,1.4780085969682337,1.5808010726324921,6.082553531713088,0.2153612017170813,1.8356169549395804,0.6293181689610814,0.6683418403834223,1.0,0.3193519587259295,0.052962694398395876,2.0677019623994823,4.374967944821945,0.0,1.0
2605,mlx,sp1,1,0,9.451531629326723,0.46046331448698136,46.45327199988289,30.123311574987977,29.27284107306364,2.1872780141518846,5.987878849276773,7.85361080068636,0.45353066916263635,0.6301567104495338,0.072610808699002,0.5640745268717297,0.9457925577288256,1.0,0.15440129230934907,0.02566395667791429,0.9623684041981031,0.6026821503118838,1.0,0.0
2606,bdp1,pou5f1,1,0,0.2802000911953988,7.971272006610189,152.05355760547062,196.8470284632076,4.643840703105674,5006.0016439140145,24.88943774169881,0.279684695971825,7.661040072951845,0.03054082243280967,25.43092310306162,0.616024470376311,0.27571210341991353,1.0,0.39435073241229035,0.22666640016839937,8.524208587334474,159.42734267243037,1.0,0.0
2607,mlx,srebf2,0,1,9.42737681456259,0.8778383049671231,22.31905714973817,1.2314321342042422,15.9781138903863,2.473738460943788,2.855090950325973,6.627836125876303,0.5124986712451027,0.7158955588127853,2.0088305252342065,0.5531770719801603,0.6612627834633695,1.0,0.27666155740862347,0.039038400218657114,2.3702211959408723,0.706590501993747,0.0,1.0
2608,mlx,stat3,1,0,13.14165078880847,0.1773630178851353,27.281452896204584,24.341405743830435,18.581845918496075,4.432382977772466,3.097561509600879,8.86926767837897,0.17608001544651197,0.6811164342747008,0.182092317281055,0.5542504493623166,0.503315438632531,1.0,0.13666609727365306,0.03498690086371825,0.8329625367022846,2.741780336227898,1.0,0.0
2609,mlx,stat6,1,0,13.621807806375712,0.6147277746361024,45.17538121036684,12.991022493120758,28.19517687841458,2.339547757254737,4.5206511452112,10.46598265526174,0.5869534711635048,0.6241270382892609,0.1800895778984,0.5603589833173201,0.9944891531733048,1.0,0.19062057915112443,0.03137133922255557,1.5660378907955852,1.3832146635617955,1.0,0.0
2610,mlx,taf1,0,1,21.876230156688447,1.9694707882735385,19.075697929661473,42.88511965391056,14.86295884750529,15.186223917302934,1.956378205292399,10.190102830538898,1.8829954655111458,0.7791567523405973,0.35411406193705586,0.5463465482636211,0.4769371962719156,1.0,0.2630550078238569,0.05835937757576245,2.2812406441259805,3.9287212148483777,0.0,1.0
2611,bdp1,rad21,0,1,7.9607209767628415,1.3254465149253536,14.662524123359619,20.471460134065,9.535051602937356,12.433741355266495,3.0258584559240047,5.159483656943993,1.2448475339681568,0.6503008297013866,0.6073695414904211,0.6380175161028491,0.3754792535651209,1.0,0.26241948555705624,0.06313625795816757,2.329693093033348,5.002519086286617,0.0,1.0
2612,bdp1,rara,0,1,1.1945478825724523,13.95614842719323,28.862541370974583,18.358321668936156,6.45666701754703,7.709701022270357,2.4112587235697176,1.1470734038655714,7.928691429061052,0.2237040368191601,0.4199567455730895,0.6295328585799774,1.0438696209665606,1.0,0.16021295428686141,0.03188163752280324,0.6459927696436629,0.7012767624735141,0.0,1.0
2613,bdp1,rarg,0,1,7.150359674393851,0.7398519547517142,14.975897669575431,0.8104956683285627,10.059400853703576,1.9302725006449093,2.736154318187843,4.839637048403375,0.3867821613705498,0.6717060356348415,2.3815950856660297,0.644223088244622,0.8039390117562274,1.0,0.1519658243147537,0.023951507250233418,0.8773224139290425,0.9041846411131368,0.0,1.0
2614,mlx,tcf7,1,0,17.550032389838652,1.7681389555330536,4.346126117146928,25.258303204704056,8.855895984253584,6.740733695936781,1.3349798524425922,3.48347195705211,1.6524627837477366,2.0376527844680115,0.26687199220418734,0.540616531234643,0.5994668123457225,1.0,0.25633683352785025,0.04948947005205696,1.7835504592174667,1.6767926196887921,1.0,0.0
2615,bdp1,rela,0,1,4.964111197259034,1.4164959353636775,12.414564787532745,20.593867283892443,8.047446502702016,1.4378206056739473,3.6247049837398713,3.546143568406452,1.3253361160133799,0.6482262278564624,0.06981790189541248,0.6343511353706263,1.0517163052798881,1.0,0.1426827073431309,0.028711803350056908,0.9193258992893598,0.7928160337439062,0.0,1.0
2616,bdp1,relb,1,0,1.922209842372356,26.819781253132664,35.483547148104265,7.85240217288477,8.652233707371428,12.377649913931622,1.3595098328517636,1.8234311789956499,6.074024990025941,0.24383790243004722,1.5762883308082516,0.6319839868192344,0.6364074575273805,1.0,0.23272793711109885,0.03191201919501732,1.5770939134633282,1.9435835700436968,1.0,0.0
2617,mlx,tead4,1,0,13.404031368737183,0.33771400812556723,49.41665396243065,7.949134229006928,30.265671695196666,3.6710862640047934,4.8858125018211345,10.544017091800443,0.3239511458140329,0.6124589438654902,0.4618221504687582,0.5640460914807368,0.7120181405895691,1.0,0.2538667343895612,0.04973828126727003,2.215426131994552,3.5663259706383603,1.0,0.0
2618,bdp1,rfx7,0,1,0.0001,10.976549024059118,14.912020568066753,11.050264864890572,8.3683270561469,1.5615714462694974,2.006729224058718,9.999932940456359e-05,5.506641797121619,0.5611799566630962,0.14131529563884,0.6341132989549126,0.8666029204975663,1.0,0.14098197653124203,0.02135171190601469,0.8771785302771675,0.5631227208304541,0.0,1.0
2619,mlx,tfap2a,0,1,10.64256467169358,9.999999999998899e-05,60.81131277101676,2.9461962378923072,38.0379491613344,1.9149865714959486,5.887278538272227,9.057427701597138,9.999660590815554e-05,0.6255077785372798,0.6499860894758048,0.571792572653956,1.1434167883891488,1.0,0.23481717427204318,0.03835231232975896,2.7005510427459227,1.2771784804438684,0.0,1.0
2620,mlx,tfap4,0,1,8.484332133784147,0.12384198411529268,36.86244645905452,2.4485615648035797,23.406342090115476,3.735937233782876,4.279837004451423,6.896922972866811,0.11787991916787875,0.6349644241901958,1.5257681438296071,0.55807445612643,0.6108247533616846,1.0,0.2045411510997984,0.029607860897331358,2.1606257838254552,2.0692052851961127,0.0,1.0
2621,mlx,tfdp2,1,0,18.941482718634074,2.7467137344390182,42.207105754200924,63.29046607291915,26.667207125762186,11.00779502275361,3.3683924757462327,13.074139309068707,2.6324684507826848,0.6318179521965438,0.1739250112342536,0.5606503335406184,0.6310320586610383,1.0,0.2506426875599388,0.04566779751128651,1.8537458792003065,2.048078572904746,1.0,0.0
2622,bdp1,rxrb,1,0,10.066570287292663,2.880159797124331,11.781013934383958,24.61375534150514,8.336416613406524,2.0144537505014446,2.424267840959051,5.4282617072318695,2.5784450207767384,0.7076145279037431,0.08184260071459132,0.6343915851340578,1.1201786742699,1.0,0.2273558268917371,0.035586211473720875,0.46286233165630264,0.6102993787799489,1.0,0.0
2623,mlx,tfe3,0,1,7.911396140530764,1.3887611531443398,40.462859341994736,40.87794475661868,24.6478779792608,3.3414005669040723,6.266770368126444,6.617522193157767,1.3431304966034594,0.6091482010931388,0.08174091400138347,0.5573129026840242,0.8750780500516484,1.0,0.21472782525866263,0.03449494790765257,1.5611429858807004,1.1628350580532094,0.0,1.0
2624,bdp1,setdb1,1,0,1.2203680953918614,17.2391526013784,26.942096749017303,8.901100768035464,5.933424891678642,15.434742529663962,1.585014172880941,1.1674857111091512,5.870158651176477,0.22022877235399504,1.7340262661772472,0.6217342419189626,0.44942709435141437,1.0,0.27339544033997304,0.04851117616672579,1.4188630313962816,3.7040480670550595,1.0,0.0
2625,mlx,tgif1,1,0,3.2143537922181924,20.70449972169054,74.06164339710135,54.03616780883782,9.831426387258746,116.65777917751744,3.7665479851291264,3.080650305012006,14.968983530985021,0.1327465329731467,2.158883279625126,0.5385505866125895,0.32716942715957525,1.0,0.40175201487293166,0.08780339580201345,5.866857086251157,11.41728977361401,1.0,0.0
2626,mlx,tgif2,1,0,12.955237130781644,0.8222298933908884,17.728016949345353,11.724578326602346,14.050147392128528,3.2040051782276917,2.5344989062375127,7.485212058587973,0.7683467076649527,0.7925391448053282,0.2732725296361406,0.5483283169715275,0.7206836820504712,1.0,0.23163009717050392,0.03751954515383314,2.006075475687975,2.023152687994681,1.0,0.0
2627,bdp1,smad1,0,1,10.507215875361092,0.3661758382978792,10.667453773364597,4.354198413200134,8.346346161904535,2.0075374866876596,2.1847276676836653,5.29336426478429,0.3377703057258373,0.7824122175007122,0.4610578793565387,0.6362104521905338,0.9525153038541772,1.0,0.16460922362788474,0.027752148462665112,1.0345854478403178,0.5377336088295961,0.0,1.0
2628,mlx,thap1,0,1,8.132296804265726,62.03001426286464,243.34593805095264,127.65687678055177,20.221930733650826,47.863756442117314,3.160179412655457,7.86931479570047,41.74541447694424,0.08309952036025638,0.37494068200021363,0.5545333662765887,1.039611923289783,1.0,0.2723279319571623,0.046123931326270816,1.8815448523387612,3.584053343076828,0.0,1.0
2629,bdp1,smarca5,1,0,3.1729333457821576,27.223568205293812,69.15533359465692,43.62498543677917,10.0622531528586,240.95988458975614,2.7218758946940715,3.0337414856333895,16.762907715703054,0.14550219961105113,5.523437593783325,0.6414331941719899,0.17089296723002573,1.0,0.3701570489752075,0.12633811323236294,6.51027469832133,44.64931025573678,1.0,0.0
2630,mlx,trim28,1,0,53.63742477885776,4.608116407175341,39.07287363047614,110.05776915028669,25.62126674961898,202.9286899264123,1.8008335968932574,22.605561153468155,4.422928487343358,0.6557302898150509,1.843837936141591,0.5529485841312112,0.23759552580934049,1.0,0.46173403221209786,0.15720210533542958,9.361901979134215,47.588592234178435,1.0,0.0
2631,mlx,trp53,1,0,7.389871653308729,56.5398547222218,193.68927568552633,94.75286083970136,17.265756256903313,754.0805631773021,2.777952335408293,7.118286042492739,35.41025069510963,0.08914151904277846,7.958393619935358,0.548436498455801,0.2729023245801795,1.0,0.4944237554234699,0.15330649134075175,10.56863402934788,61.76578882831595,1.0,0.0
2632,bdp1,sp1,0,1,10.622734396952929,0.3638164995834096,9.433571431807824,13.598026676778113,7.959667634797758,1.943618321181922,1.9385699998086785,4.996449724608597,0.3543362007648965,0.8437597247591296,0.14293385116688406,0.6342750508801106,0.9390934781939886,1.0,0.13978963958265966,0.02272208596634377,0.5985817989893027,0.4504922839196046,0.0,1.0
2633,bdp1,sp2,0,1,19.54268953340083,1.5749747993728507,17.524796544621815,36.0775772147596,12.081194191330358,11.905445604489657,1.965758914152488,9.23940882547785,1.5090949190999676,0.689377144012434,0.32999570712910986,0.6471197044407163,0.5933731840816494,1.0,0.16477326331031084,0.02956865195423639,1.5149801212269691,1.5861385801301242,0.0,1.0
2634,bdp1,sp3,0,1,1.870377123526459,23.031881801450304,36.06100480795244,8.726001528018243,7.179133673570838,8.159357636839935,1.450383890540665,1.7781497802008026,6.328388882457493,0.19908301811899712,0.9350625954672509,0.6339721341984812,0.5552623718012547,1.0,0.2162242907961959,0.03719284698742657,1.0737002414120866,1.9150296047727113,0.0,1.0
2635,mlx,usf1,0,1,15.013888416370495,2.9746403367214054,42.47649884326693,62.27989122977377,25.935061599288712,12.166532038541371,4.012036561547287,11.092939956566264,2.8390407864613083,0.6105743718423193,0.1953524933698823,0.5575234384691328,0.4368831216396094,1.0,0.3933843795196149,0.0679132859176342,3.4106778957538237,5.282677084270558,0.0,1.0
2636,bdp1,sp5,0,1,1.1009869942029356,14.295410346251572,28.848761388826638,18.5363287555402,8.070709589071946,151.3676982724749,2.383926557803333,1.0605134534605742,8.07098353979697,0.27975931029738416,8.16600203140191,0.634878892733564,0.9242555025503773,1.0,0.1844416324928339,0.0847034927409638,3.5444457303599557,11.650697250720851,0.0,1.0
2637,mlx,usf2,0,1,6.68472288574439,55.461482361804116,168.08447093007342,80.45520250342365,16.779714148826525,42.914661033893445,2.5481124596290283,6.429039838386014,32.83014737288215,0.09982905652127275,0.5333982104148862,0.5458302203320718,0.7046243838936636,1.0,0.30296136450410405,0.046747239663514,2.4091131096365164,4.279322615367373,0.0,1.0
2638,mlx,ybx1,1,0,1.9544091219243118,11.593325655416288,64.1438111642321,55.93116911021018,6.733188309630713,2391.5916978487853,5.9448969800707765,1.8966206519878381,9.60285982195769,0.10497019412194322,42.75955135384793,0.5292631134614145,0.27899993888599905,1.0,0.49517197297719984,0.27245561412618413,14.286649319705724,256.48385388259743,1.0,0.0
2639,bdp1,spic,1,0,1.6214018539246706,0.243500214031466,11.367295335707803,2.5455214519354614,7.476349305334192,4.133971448830662,7.6041648562982465,1.4189994163646686,0.2222410194698441,0.6577069641050779,1.6240175252451474,0.6346279536756854,1.8704197427482465,1.0,0.11746850372216804,0.030224051612262427,0.483338216325857,0.45736588199519845,1.0,0.0
2640,mlx,zbtb7a,0,1,8.712297533153706,0.485509441854785,13.0319006902968,4.824613558833774,11.275626618696277,3.307876455669846,2.7469626084849383,5.2215213947934656,0.44111886594918365,0.8652326998694675,0.6856251625818172,0.5466020833258319,0.7446868193325455,1.0,0.17396106429084815,0.03022252090315139,1.894494928411194,1.1427220618898406,0.0,1.0
2641,bdp1,tbp,0,1,0.015348400084251515,8.252207486817458,19.900075441697883,34.330824208071725,7.95818747965489,1.1131500310407483,5.164178787992679,0.015336571393734169,6.653004102393813,0.39990740251062556,0.032424215168682984,0.6345622100361783,1.106660165426426,1.0,0.225480490406688,0.03686295113541494,0.21735262829553548,0.752635992741116,0.0,1.0
2642,mlx,zfp148,1,0,7.788313743754755,1.019528323174812,9.929692137771697,17.65089443899362,9.506783198069057,2.6833006410282825,2.4063504154361666,4.364800320361909,0.9638553469922995,0.9574096624714142,0.1520206610663563,0.5421904034723307,0.8181805513362561,1.0,0.18931114908568422,0.029615601473294503,0.938981994037783,2.033226439323517,1.0,0.0
2643,mlx,zfp219,1,0,26.744218181989748,2.7569834312257084,20.39183111262102,51.04253664595427,16.344578558864036,10.952817512203234,1.8576736677617771,11.569989181689367,2.6157004303894764,0.8015257908225791,0.21458215504012132,0.5508757111527648,0.5371683902913407,1.0,0.3026427398633222,0.05187190432405754,3.3493123199700774,2.6377988871621687,1.0,0.0
2644,bdp1,tcf4,1,0,1.8154801059791008,21.31232653693342,25.023527794404377,2.3549643935691353,7.987290985963258,12.17714415542725,1.1789021326014257,1.692674969983042,2.1206385760827366,0.31919124479919786,5.170840029972522,0.6345622100361783,0.5350553865608858,1.0,0.2078547088134464,0.04070520201731368,1.990226735707262,2.663251452582513,1.0,0.0
2645,mlx,zfp281,1,0,7.597176088921538,0.8613374447838815,41.52503269077189,1.7667477445622355,25.489316663926825,3.3405860366881615,2.829823090897335,6.422206844665145,0.5790398249067208,0.6138301408150684,1.8908109813469107,0.556917022482391,0.5520926315532606,1.0,0.17247066265775896,0.0372674925532636,1.5397231034951961,0.9315655188260592,1.0,0.0
2646,mlx,zfp57,1,0,14.837000806364655,1.9425984731005181,24.83262306993596,40.9418666635387,17.53232663938751,25.4369613903718,2.800556390718792,9.287752504578279,1.8546018333926735,0.7060199234696766,0.6212946175467131,0.5516598260222859,0.33062685656372537,1.0,0.37627778758611313,0.08804059844893554,5.778636154859935,9.822588013676402,1.0,0.0
2647,mlx,zfx,1,0,8.21101023203152,0.8785827658098864,5.08329994657338,16.479978990207787,7.266977038435003,2.34751603922288,1.7054002142280733,3.1396159193706565,0.8341143537819975,1.4295786427738986,0.14244654320358946,0.5336872720900134,0.7731669062426362,1.0,0.1938572595369902,0.027219896685870607,1.166936321998185,0.8566618085256517,1.0,0.0
2648,bdp1,tead2,0,1,2.4974807848088516,21.24838624065931,61.29448220613349,49.31064428544344,10.362679907790762,49.369727354885754,3.45598014527507,2.399703416343563,14.849574997565298,0.16906382980675233,1.0011981808450992,0.6385430422642612,0.5303940695008975,1.0,0.18921927942636152,0.0455580054720451,2.6823848144635822,3.5034446129214754,0.0,1.0
2649,bdp1,tfap2a,1,0,7.582079961852328,0.16091106531635713,19.06259252382384,1.2971972379933567,11.439597102435958,1.731356966516454,3.950079113253137,5.424502810966823,0.14315355657542705,0.6001070991859634,1.3346906051038947,0.6431873770694071,1.1253471802922352,1.0,0.15315339917261395,0.02428194878375146,0.9415425470050116,0.5368459419211749,1.0,0.0
2650,bdp1,tfap2c,1,0,3.958553314496408,1.3002825865390466,22.234093810911773,12.106426977968287,12.659328522503237,4.144912693602166,7.2453080432527175,3.3602883026141352,1.1741714929316567,0.5693656161642373,0.3423729149108343,0.6465564518185448,1.0508207070707072,1.0,0.11224164876790138,0.0234615020161617,0.7369497940323957,0.7837530294376363,1.0,0.0
2651,bdp1,tfap4,1,0,9.488579703904858,0.348038005367489,11.39126657612977,2.54009627893735,8.787004010372602,3.6487363138559696,2.502034822474907,5.1766157368403505,0.3060972778056001,0.7713807724231156,1.436455910790287,0.6412304675742383,0.6046289197028466,1.0,0.22442679697946366,0.03308076447077858,1.6507931533788676,1.4461127851182125,1.0,0.0
2652,bdp1,tfe3,1,0,2.0904524760281937,23.979815144452864,43.10797711901868,20.078116997471493,9.54015413866769,10.948727185297619,1.9263889604941475,1.993767887787294,10.928101039719696,0.22130832333718342,0.5453064740421838,0.6366932917357286,0.9015569191574849,1.0,0.17080520291699072,0.027497259875847748,0.9361266152758297,1.0618883287464578,1.0,0.0
2653,bdp1,tfeb,1,0,0.0002235265060097279,14.328350233691172,12.316209189306212,0.00010000000000042488,4.975293547127733,6.222101049406778,1.0000260467494666,0.0002235224493075933,9.999930208824059e-05,0.403963059627765,62221.01049380341,0.6200823901714178,0.882702641987327,1.0,0.2610013569254443,0.0416212279200038,0.7707347521443797,1.2874459559181541,1.0,0.0
2654,bdp1,tgif1,1,0,2.280377689235483,14.639348804112133,67.4668087542233,65.25271395632761,6.978383644899906,137.57959301807776,5.628942591924458,2.2058209555415944,11.956847864674884,0.10343432235429503,2.1084118142604327,0.6278664349812877,0.32974623266975617,1.0,0.32174615325006634,0.07021937976901978,3.1730193193750944,9.314332690902983,1.0,0.0
2655,bdp1,topors,1,0,2.12615206032088,23.98439513771713,40.885160152859676,15.158863931824403,7.933265736002521,30.07492962143282,1.7169007919331887,2.02105127750353,9.28834724093461,0.19403778061139956,1.9839830845300843,0.6312554698910335,0.2816965579305878,1.0,0.29888344025687696,0.06715728933152433,2.7058374632872146,4.808379677707229,1.0,0.0
2656,bdp1,trim28,0,1,2.2147823657492425,27.749133067931535,41.46468700548503,11.893795595315106,8.912428984683109,159.7824878492575,1.5049264448227244,2.1024810718405704,8.325381796606832,0.21494022090421555,13.43410407289956,0.6385980883022304,0.2354300885700788,1.0,0.3851957958517389,0.13173588834491556,7.17422748559793,33.92087078549251,0.0,1.0
2657,bdp1,ubp1,1,0,17.587280697058876,1.1749731010974827,0.06067926928290701,16.94342899352684,6.487175413205205,3.408390223439235,1.0643321888333919,0.060470634759272,1.0987764375565932,106.90925401490627,0.2011629537764401,0.6311199805264861,0.6163925354055187,1.0,0.31282515151272466,0.047212197493679005,1.9471301083383084,1.2255218361324816,1.0,0.0
2658,bdp1,vezf1,0,1,5.68252112966729,0.08549322736161644,108.86416017780354,0.03044994099253768,52.17847445086698,1.1671388622207062,1.4191178635616808,5.4006181882591635,0.022452929011488036,0.47929892046791095,38.329757765597485,0.6596604697086225,1.1096299523880846,1.0,0.09787378456870152,0.025171615361281475,0.9665264692090131,0.3622973216929055,0.0,1.0
2659,bdp1,yy1,0,1,3.730308521036283,13.723407173581897,181.54835207051093,192.0814579255515,8.085418456593818,275.8578819320304,14.636184256756962,3.6552043421864995,12.808307793588124,0.04453589561338211,1.436150500476468,0.635657617835853,0.4907538312155261,1.0,0.2779168813992655,0.058847800024007454,3.1529435022880183,5.625510948278212,0.0,1.0
2660,bdp1,zbtb7a,0,1,10.90148567377339,0.7661730138409921,10.5546899595165,5.6537759110756145,8.46033603871584,3.334351933201619,2.234907788373871,5.362642595368542,0.6747359799948367,0.8015712513741521,0.5897566485912011,0.6362386296987562,0.740693646078469,1.0,0.21230487967035946,0.033259541567555104,1.6839863773003598,1.5282239806902016,0.0,1.0
2661,bdp1,zfp148,0,1,8.93913450529585,0.8558902343676663,76.79881729543443,2.2687084001847335,35.812707457899656,2.1586717176479207,2.9024892063097525,8.007130369140475,0.6214447330526225,0.4663184762355535,0.9514980935726015,0.6527825321531616,0.800673362604506,1.0,0.18320129388683873,0.025627411644594533,1.2764907813668993,1.0834741431166794,0.0,1.0
2662,bdp1,zfp219,0,1,1.43974999305347,18.892709566959045,29.398170677785647,8.185833230357524,6.167720111262703,11.074288179718991,1.5034736505071966,1.3725314518092928,5.711258945589665,0.2097994524510759,1.352860224252982,0.6286848072562358,0.5362117088088967,1.0,0.2658835911607477,0.040942326818705986,2.200170820345551,1.893671291407123,0.0,1.0
2663,bdp1,zfp281,0,1,9.30102911667246,0.8663501287861295,8.86954713327455,2.522425740114381,7.786216198130005,3.393607308906393,2.624594165684963,4.540082549034509,0.6448652697443118,0.8778594984764923,1.3453745158628567,0.6378978204674215,0.5528231908729894,1.0,0.200380648321672,0.03522300843787157,1.8406484268579775,0.6343106342958406,0.0,1.0
2664,bdp1,zfp57,1,0,14.337901182546034,1.654888780160993,7.960344820886058,23.40497364833648,7.659144273234705,25.62166581275495,1.665158756581875,5.11854777291851,1.5456041868190757,0.9621623743156107,1.0947103037894692,0.6316004530024136,0.33021405998785125,1.0,0.25732491377547784,0.05998542232545021,3.959324392298938,5.7558977587411855,1.0,0.0
2665,bdp1,zfx,1,0,10.132239841816624,0.5296304787130253,8.198118287209503,5.188026182634785,7.428783345700699,2.294511367678784,1.9937992020287527,4.531569986407177,0.48057044230369234,0.9061571308736663,0.44227058362945576,0.629298516511492,0.7793507378226021,1.0,0.14313240545484082,0.024486388325422003,0.6570636696951747,0.767579980645299,1.0,0.0
2666,mtf1,nfe2l2,1,0,19.560006052638226,1.6563869689889554,14.827990740910005,34.249318092874255,5.112439157450632,14.169491823027462,1.8431022236676255,8.43421006410815,1.5799752180900566,0.3447830017418043,0.41371602741414865,0.8580761662718372,0.3176727222099062,1.0,0.23441804258525675,0.04533669673084086,1.9099117638312013,3.271814154760705,1.0,0.0
2667,mtf1,nfib,1,0,0.0001,14.213624327717831,11.291260633861873,2.844390344312255,2.0942270032003734,2.7675775736625456,1.2001278035389196,9.999911436714102e-05,2.370093857506975,0.18547326743303588,0.9729949966947024,0.879902365120781,0.8191433346306174,1.0,0.19325148668795847,0.030317532344838118,1.774152381152459,0.9399690439948536,1.0,0.0
2668,mtf1,nkx6-2,1,0,3.2256430047544105,23.751986880131398,155.91054336740788,170.02529985652856,5.604987314754998,999.9291946589198,8.279321322982959,3.1602601837171633,20.84061945284043,0.035950021042173375,5.881061203848392,0.8582486799816345,0.4967023596177134,1.0,0.20269713532954206,0.07472765932634112,4.082235656319513,10.47190069890807,1.0,0.0
2669,mtf1,nr2c2,1,0,37.4149138276613,3.70338287355068,42.413189399377075,80.0862667200576,13.630052053824098,5.786134929846136,2.2322528493506852,19.878786572452103,3.5396986383900324,0.3213635250459208,0.07224877830891571,0.9110948337033898,0.9464992866502278,1.0,0.15834866431096284,0.03500048471612784,1.349981013155312,1.218565404710742,1.0,0.0
2670,mtf1,nr2f6,1,0,5.196313406003776,43.996416233316324,130.59909731931086,76.13213501662031,7.025750512055004,45.22227456473654,2.839055321688483,4.9974725698577505,27.882972582873222,0.0537963175570598,0.5939971938901243,0.8725079523440195,1.0554074270511153,1.0,0.1934813850165275,0.03902226190098206,0.3095996466865123,1.312522728272193,1.0,0.0
2671,mtf1,patz1,1,0,1.0792545788812307,9.556280479975541,27.08850113853365,7.4114623011859555,1.766590656536527,9.787440041988472,1.8463007945381325,1.0379026707731962,4.1741564231827475,0.06521551884698172,1.32058150527492,0.8415098156274922,0.4369458451953517,1.0,0.2293269004304885,0.04298225577819405,1.2800678459259387,3.6333085170035115,1.0,0.0
2672,mtf1,polr3g,1,0,20.714127826687054,5.372279995793862,12.801920990447151,53.629785690807644,4.754869048343111,8.732413527109673,1.7801119737760178,7.912049217678182,4.883120980472118,0.37141840290150324,0.16282767895912817,0.8536667853328587,0.6471041921205876,1.0,0.272441930432162,0.051817008140958264,1.2906657836453987,1.2167837758007818,1.0,0.0
2673,mtf1,pou2f1,1,0,6.680259322357675,1.7690076653458708,33.052967502946835,30.413244740625185,8.775251198044453,3.0575862564106715,6.1438164167370015,5.557122135182981,1.6717681035968668,0.2654905704688118,0.1005346940941961,0.8886242302621842,0.8341000464744507,1.0,0.1423098033539372,0.02560949191536127,1.3387437198200574,0.06092964194395592,1.0,0.0
2674,mtf1,rad21,0,1,10.165248551268135,2.1210863263681685,31.672429740061464,39.49709444622628,8.701135848983313,13.872369221148224,4.336781305445306,7.695410779929055,2.0129843593819374,0.27472271374170953,0.3512250563148361,0.8866777172950322,0.3831322563265249,1.0,0.26051730795951017,0.04812174517289108,2.458537466743505,4.355086934233099,0.0,1.0
2675,mtf1,rara,1,0,0.3835209906420302,15.555786481467127,188.33340566200224,425.29100283581687,7.688997198348324,151.85123567775506,28.329073129803504,0.38274157804310754,15.00688264702673,0.04082651811727759,0.3570525467626153,0.8775571380839535,1.0517222985669603,1.0,0.16939876860944603,0.03386608479060588,0.48228874980642633,0.8196206813107779,1.0,0.0
2676,mtf1,rbpj,1,0,4.645525295488455,55.428116729236024,90.13222786047034,31.294961997712143,7.969710764867498,19.410976898440772,1.6452460896771246,4.4178251807208975,20.00183609841311,0.088422431732244,0.6202588422973588,0.8842011898323417,0.577108854781582,1.0,0.2005938898037833,0.031192777084980184,0.7650077913387382,1.6191143579639378,1.0,0.0
2677,mtf1,rela,1,0,825.4469683054858,393.4714641633363,0.9113342465405242,9.999999999998899e-05,1.3549208497178893,1.4292430384670052,808.2040556946843,0.9103291981173974,9.999997458519181e-05,1.486744139004152,14292.430384671627,0.8980404546929065,1.053017338668308,1.0,0.16381559577135024,0.031023038112491543,0.8946669944910788,0.18056843499229847,1.0,0.0
2678,mtf1,rfx7,1,0,6.729723950325903,0.5606870200961054,34.075987655596855,0.48515957042527735,9.322383879609315,1.7321961215415946,2.1268043791719897,5.619850291339975,0.2600980643607058,0.2735763369158912,3.570363705333484,0.890134001571492,0.8859034047101777,1.0,0.056172799378891324,0.019457413746709694,0.18292946526890447,0.5823146395211428,1.0,0.0
2679,mtf1,rxrb,1,0,17.182946479572127,3.8202392786743986,19.11235388041442,48.789651830873346,6.35957755204382,3.5900757600328967,2.2776786213218565,9.048183940305748,3.542834634062274,0.3327469547621166,0.07358272964270575,0.8827787067619297,1.1538085937500002,1.0,0.1927809784611338,0.03877827366493395,1.7149108322330326,1.4587296003741979,1.0,0.0
2680,mtf1,setdb1,0,1,2.494973446229344,27.87971890139618,57.75554976806744,33.57845495830631,5.014254792715967,33.374043202789586,2.2996320962014916,2.391656625639271,15.232439016457697,0.08681857956251862,0.9939124133087559,0.8508569704124627,0.4607521252642428,1.0,0.23279281820997522,0.03847108312972661,1.0318322788938425,3.131127357761968,0.0,1.0
2681,foxm1,gabpa,0,1,2.0692529906170485,10.72812915734049,13.954977086868936,6.198864857931226,2.3467779695077473,8.400406795402068,1.811773451381409,1.8020446493443198,3.9287674329409157,0.16816781245137044,1.3551524332159053,0.9604020499808593,0.5572444973230221,1.0,0.22997455349204293,0.03908437705920463,1.346019499969509,1.7756577901345978,0.0,1.0
2682,mtf1,smad1,0,1,9.719984060574017,0.10484710851528674,31.08621970980646,3.268467349230978,8.527544752853265,1.9906302366108362,4.3328466441386775,7.4046966432624695,0.10158832066680351,0.27431913022744175,0.6090408818308073,0.887809626825311,0.9484813533256441,1.0,0.103657647610049,0.02589766376382816,0.8604303240018183,0.4323032881753216,0.0,1.0
2683,foxm1,hdac2,0,1,1.7687241743965807,5.170260576812831,24.979099492079904,28.57804235985559,2.5295516111316485,82.03643632451366,6.635094858210675,1.6517656792269073,4.378173505581159,0.10126672548518775,2.870610774926719,0.965494313091058,0.22904551514117438,1.0,0.2524785280845196,0.0716391267654166,2.788738802509333,6.84478795045109,0.0,1.0
2684,foxm1,hes1,0,1,0.695241209871699,4.487298500039163,10.036046448064642,6.333641308026757,3.0064685377984843,17.340982736684367,2.5785122258560333,0.6501990532068933,2.6264760404738228,0.29956702107314914,2.737916767516938,0.9775993659758113,0.6715806355628497,1.0,0.187818711550997,0.04729941047209917,1.2237186202542594,6.121488638186193,0.0,1.0
2685,mtf1,smad2,1,0,27.91326544509826,0.01332444516528487,32.10039112127874,0.1730729817725601,9.814241255775203,1.7670305135391875,2.2589516817844384,14.930380675416686,0.01237195970516162,0.3057358777560043,10.209742129833357,0.8916999345785142,0.7342661257152313,1.0,0.2008750636854711,0.03999014308660915,1.6306426554462738,0.8461388006665009,1.0,0.0
2686,mtf1,smc3,0,1,6.583741695169403,0.0001,72.27777258998532,39.13646614233022,1.5025986266578506,119.25814446940677,11.97825179668491,6.034099006950421,9.999974448448124e-05,0.02078922153815858,3.0472384511083,0.8342568945709806,0.25197249274958533,1.0,0.3157558506548667,0.08036074052803344,3.16702845009082,14.524398184308577,0.0,1.0
2687,mtf1,sox2,1,0,0.32256274972877386,5.882050806460038,0.0530017700882597,448.755806617683,1.3904312295028076,2266.8298870012823,1.1781866637832081,0.04552186321671253,5.805949529092149,26.23367535060492,5.051366140722733,0.8258341463414633,0.36298868730970035,1.0,0.21139209557011468,0.07329747971563699,2.6121896000184637,9.845595234330037,1.0,0.0
2688,mtf1,sp1,0,1,2.407028304148824,23.346653960567973,67.75870376796237,62.99751572649951,6.534033376885602,18.697636228778222,3.8297316391716976,2.3244554429262094,17.03393761700988,0.09643090870305313,0.29679958031921533,0.8679897754588765,1.018064184481187,1.0,0.09446949390401282,0.018883722882595,0.21581825309082578,1.3741327973689494,0.0,1.0
2689,mtf1,sp2,0,1,20.27082977462159,1.7902240574518724,34.26449805843637,48.14902512700559,10.060160652871225,13.195331638417354,2.7883145101707925,12.736144349981968,1.7260480390251296,0.2936030358802902,0.27405189624527665,0.8955058351902158,0.5922362472130943,1.0,0.12264975530835781,0.027092936040459908,1.6614221623359267,1.1659882521578373,0.0,1.0
2690,foxm1,id3,0,1,0.3226012226202187,3.5214497525705557,8.370708820421854,6.387793631677949,2.9963974984640225,33.52906262543067,2.922415739979673,0.31062977005257947,2.2700314677405613,0.35796221834329855,5.248927025312062,0.9761139637211198,0.8459418481396503,1.0,0.16730770963534705,0.05643433578890284,2.155337198444451,7.582567853208701,0.0,1.0
2691,mtf1,sp5,0,1,4.355737341587869,77.41878538068657,86.08304485973426,22.089792023550963,13.948471091355868,193.40763060960737,1.3312482119010554,4.145955129498047,17.18610508145469,0.16203505712517297,8.75552066780015,0.8757702541914549,0.9205022793926175,1.0,0.15745937631043447,0.06395762591337069,2.525235496910944,10.002942270554481,0.0,1.0
2692,foxm1,irf3,0,1,3.055652862774553,5.96291002656471,1.2128602891890363,2.9010343185880467,2.7354588972351466,1.565849660839438,4.183474041898494,0.8682367566563993,1.951569860112752,2.2553783989944765,0.5397556488065084,0.9757150426610661,0.9016221515452048,1.0,0.16448636247803067,0.024834121237223603,0.9541535733841775,0.042489236011264066,0.0,1.0
2693,mtf1,spic,0,1,3.3130962056923257,4.657423460494785,39.27531884853249,30.741668914584295,10.767047889233494,4.183172988389123,8.128021043321711,3.0553592963897103,4.044650876934477,0.2741428511569117,0.13607501271359296,0.896826866425385,1.870135650053345,1.0,0.09057110479511123,0.03493968669282009,1.208622649919953,0.628885045937025,0.0,-1.0
2694,foxm1,jund,0,1,0.00010000000009080523,2.586847060730796,38.340012344652614,178.39942464557203,3.5335212411940735,803.4456549429196,21.325401653984386,9.999973926736453e-05,2.5498731087701154,0.0921627570025262,4.503633666639527,0.978575054495506,0.9460031039495505,1.0,0.0513801769943759,0.04999560925105682,2.343960096586068,9.197639702223738,0.0,1.0
2695,mtf1,srebf1,1,0,12.73410294885486,1.0220305754345724,17.07587773295625,2.0439322468879886,6.081067965083375,3.310609928176251,3.511431482968331,7.294402076758148,0.6813393936896329,0.3561203740260439,1.6197258657750795,0.8889695607162746,0.5301978380038592,1.0,0.260719375791725,0.04436009997031997,1.771987715994197,1.512703736863707,1.0,0.0
2696,foxm1,klf13,0,1,9.999999999998899e-05,10.56734601536215,4.303412797093691,475.66886953247916,2.235227593222683,710.6961441313299,5.0701036521433025,9.999767631687907e-05,10.337686442015535,0.5194081299224289,1.4940984992981612,0.9549433741354556,0.6258571302298614,1.0,0.25798832868553206,0.0558271996909501,1.8470945428067036,7.274562681338444,0.0,1.0
2697,foxm1,klf2,0,1,0.11781305640320851,3.1136762903324677,84.08993047499898,108.54729246230916,2.6743228309958846,2368.971813730767,30.591682992449098,0.11764822695074979,3.0268511431993144,0.03180312810213341,21.824328916848334,0.9722983257229835,0.3535809703614544,1.0,0.27671150635728503,0.1671557165628111,7.729872851473716,80.64467906700247,0.0,1.0
2698,foxm1,klf3,0,1,1.484022580219332,5.063129109696734,11.811627334904973,4.686519384350415,2.4966785670925336,17.947751961106476,2.1675533287347766,1.318380206009733,2.433775200464971,0.21137464773499137,3.8296549078702173,0.9682091511248131,0.41283826411447283,1.0,0.270223376031483,0.05334476130081112,3.166219575054639,4.53035057964041,0.0,1.0
2699,foxm1,klf4,0,1,0.8650924509891376,4.53271693070165,11.426792353125942,9.234117537709274,2.822168058290207,64.96310353640894,3.2671552161115414,0.8042079763390132,3.040324266214204,0.2469781519673951,7.03511767866499,0.9727748831084627,0.3125043910193125,1.0,0.2191231694301344,0.07394253458280409,3.4688353894915918,9.092890682524846,0.0,1.0
2700,foxm1,klf5,0,1,0.9291565855394821,4.384563409084096,18.355760053207618,26.84263946845413,2.4817155870174186,63.36962968035745,7.167067724481111,0.884389373078901,3.76893362105376,0.1352009167598454,2.360782357295019,0.9665802641026016,0.29614733886238453,1.0,0.1878658045776479,0.06576141522759063,2.9793799714312073,4.599408439971114,0.0,1.0
2701,foxm1,klf6,0,1,1.1553249554116525,3.750301036774335,12.738761744858849,7.060109539642823,2.4161650189185324,20.56000037877641,3.1439714122966413,1.0592570539085655,2.449262767505189,0.18967032018584196,2.9121361734306124,0.9553772643292487,0.6478634493417258,1.0,0.25481523459190036,0.05347507715412005,1.2380141404641882,3.6957931307351646,0.0,1.0
2702,mtf1,taf1,0,1,1.6892302899266167,24.492007644372617,40.812242726400505,19.946814150410265,4.28059449040284,25.283967231067127,1.8895207731951902,1.622091464613212,10.993485086278378,0.10488505910099916,1.26756919879093,0.8508569704124627,0.4887409500717165,1.0,0.2241761810501618,0.039026172981330536,1.7486276782492818,2.7962523367409013,0.0,1.0
2703,foxm1,klf9,1,0,9.999999999998899e-05,10.518067731487829,3.312524246528308,65.553633059876,2.18517823431701,158.0189984102412,4.938750212603281,9.999698124529308e-05,9.063785157898716,0.6596716194929552,2.4105299894806484,0.9526643512861376,0.26029717086076515,1.0,0.2894326585524842,0.06513846537053752,2.8034302833140625,14.50936084302713,1.0,0.0
2704,mtf1,tbx3,1,0,329.84319363470036,11.205672635231739,5.754259177355152,10.006297704618406,1.3586607598549905,24.493150021583574,1.992323136021355,5.655594844826027,5.286038711735101,0.23611393195526448,2.4477734667317326,0.9004344352300002,0.3449139861623304,1.0,0.1586812838882488,0.045176711487557954,1.872245462836526,1.8753169727138794,1.0,0.0
2705,foxm1,mafg,1,0,2.0111656665808146,4.989816144451959,17.61245571117578,10.771753027698823,2.4451484403610007,22.91978283351297,3.519441676107191,1.8050473737045454,3.4101342686507654,0.1388306367072628,2.1277672050757497,0.9659352405332171,0.37514582693741505,1.0,0.2694892702943147,0.06537514722058056,2.57653265949935,3.8398941834753217,1.0,0.0
2706,foxm1,maz,0,1,1.8661863542307877,12.956454214789801,29.270509767579963,46.14054374243627,2.5559029395555073,80.85230196860715,4.852008743541737,1.7543359673081476,10.115874970114005,0.08732006923864466,1.752304923408301,0.9704530709342561,0.3559522656054592,1.0,0.26735864242016144,0.05978637554699962,2.403256443397684,4.477980446277451,0.0,1.0
2707,mtf1,tcf7,1,0,2.0179813731267866,33.50454879016953,39.21264413619856,4.4450912250636465,5.50130177238295,10.061873392234185,1.1903278877349948,1.9192137999458845,3.924431846181356,0.14029407844253242,2.263592102564805,0.8688627741115024,0.6111096400744164,1.0,0.16109786091924896,0.03591423242180525,1.5759409983386086,0.927320314512472,1.0,0.0
2708,foxm1,mitf,0,1,9.999999999998899e-05,7.3379821135085495,7.572990830451252,70.82610016175413,2.361132055674104,44.939511552235494,7.785647916898746,9.999867953517166e-05,6.649098166677992,0.3117832978458012,0.6345049557945687,0.9607996501680272,0.5565178311051704,1.0,0.08339854805744723,0.03091259708370572,1.3370802261454846,2.13635840204749,0.0,1.0
2709,foxm1,mlx,0,1,0.0001000000010424884,10.14462436487603,2.9498460291454434,48.29230065594964,2.1375731581044044,28.633594904051478,4.756331937740171,9.999661114989047e-05,8.383522057255286,0.7246388919911353,0.5929225676789909,0.9538926681783825,0.5590257856574496,1.0,0.20990215739588702,0.033208172727503746,1.3255543517464672,2.1028434414497985,0.0,1.0
2710,foxm1,mycn,0,1,0.5433619380393407,5.561135617239085,6.263822996412991,9.134344895953152,2.2058094588752595,37.353696428429735,2.871761557772973,0.4999897954351936,3.4566634752385257,0.35215066903046705,4.089367858769903,0.9556171412920114,0.5607668540707107,1.0,0.18801377933727698,0.050755267096384324,2.14770776746768,4.047935609860893,0.0,1.0
2711,mtf1,tead1,1,0,11.5924075294772,0.64837781851391,29.72334911781352,3.8264294905535845,7.770169464219803,1.6488919262547514,4.141287825744627,8.339800697737331,0.5544310256120134,0.2614163509442164,0.43092181113631334,0.873552635685528,1.025820673803502,1.0,0.11154682156929935,0.024497601407274267,0.7722550135575716,0.5476384761111545,1.0,0.0
2712,mtf1,tead2,0,1,0.30983568189455996,9.03952213324983,49.0884886557591,64.39252427252784,2.5885989753684493,60.77947540598886,8.127888304159931,0.30789233359151047,7.9267523767599135,0.05273331989341564,0.9438902433573266,0.842125680530759,0.5312351023054481,1.0,0.20129106684727674,0.034204164273403635,1.4395177839629045,2.662465887010741,0.0,1.0
2713,mtf1,tfap4,0,1,169.41290591925397,1000.0,4.199418663890011,232.06727598795183,1.3603809433823875,3.6390637104357895,5.440697479895798,4.09784109929619,188.35600986306952,0.3239450629393159,0.01568107220177272,0.9007629290898537,0.6045058221342628,1.0,0.1838370284111574,0.038018023463914606,1.2841690230045786,1.105401809069777,0.0,1.0
2714,mtf1,tfdp2,1,0,30.38122383270681,3.5522090219622826,15.722969655356675,62.93349632385094,6.074905632589174,11.174683016661927,1.601331264103596,10.360946028432789,3.362421023623707,0.38637138948617816,0.17756335925081718,0.8633764856929445,0.633930539876486,1.0,0.24692131090127567,0.04314481936883334,1.1815122761359604,1.5814826739173933,1.0,0.0
2715,mtf1,tfeb,1,0,10.433082478041655,4.391089102020555,18.75627067578288,32.13937143996395,5.303782399830398,5.901244503095617,3.180018150849182,6.7040101200487605,3.8632648365771103,0.2827738248989105,0.1836141853028796,0.8599804990689537,0.8793525419274659,1.0,0.15697434140535105,0.02612152569911723,0.41814701317954295,0.5209618430463805,1.0,0.0
2716,mtf1,thap1,0,1,4.9171219478788215,53.241327855158275,104.46309836758098,43.73921243119232,6.856485984178669,16.661654725681654,1.907267515147752,4.69607569124686,24.012381682959955,0.06563548364277225,0.3809317497861372,0.8731033278015548,0.998329523474591,1.0,0.21062549709734643,0.03825897660249678,1.0137246042673562,0.7334803453381373,0.0,1.0
2717,mtf1,thra,1,0,177.99909653329107,966.9134216244317,3.125848061587631,208.08099454154302,1.3669272799887409,1.5880388566423103,5.72591171369271,3.0719022832963763,171.23171279714228,0.4372980557776928,0.007631830384803649,0.9071519232058922,1.216624765655342,1.0,0.1432971759769549,0.027728317728154896,1.243879948276314,0.1372379993762638,1.0,0.0
2718,mtf1,usf1,1,0,20.132927592111418,2.3822786602118025,12.389407493621212,38.6965339520789,4.5486244793666835,12.460773835714148,1.7148281487131505,7.6696535879326895,2.2441234591726538,0.36713817684248257,0.32201266012985424,0.8502346450809243,0.43701960103657794,1.0,0.21880430179604693,0.03900162749010486,1.0821930379122078,2.404813116954773,1.0,0.0
2719,mtf1,usf2,1,0,4.479409479020335,54.42767678442766,79.13909489812633,23.299667522861828,6.882829427989463,16.053412478555764,1.508916990759804,4.239449323906378,16.315323576544984,0.0869712932255486,0.6889974916081537,0.8773568228717418,0.6694802571166207,1.0,0.22288839792952897,0.03821243159216071,1.841169107816992,2.2124471893781483,1.0,0.0
2720,foxm1,nfyc,1,0,2.5155170545793326,7.863109427535013,23.10000065417861,9.05612957192325,2.9068880377064485,24.473545372904866,2.386039622044841,2.2684860898404864,4.2087790010087565,0.12583930542792496,2.7024288001333687,0.97545528376486,0.4436483750423985,1.0,0.35764609398379604,0.06976510115458334,2.1364221950584272,5.428267286064153,1.0,0.0
2721,mtf1,vezf1,1,0,6.372895066034803,0.3126721268282661,33.3704318382161,12.83510961512269,8.934407721855598,1.9679071940531956,6.378712974927398,5.35099290820748,0.30523635851281156,0.26773425543818824,0.15332219615285184,0.8909820632587662,1.163092547544698,1.0,0.05344277403324208,0.02447721361926717,0.5850152365464537,1.1410998886064088,-1.0,0.0
2722,mtf1,ybx1,1,0,1.6180255851956176,8.409713788447029,1.1781654152969478,108.4618368450486,1.639528785674463,4485.397372110037,1.791408058329921,0.681749488932364,7.804576904233167,1.3915947322738478,41.3546137755162,0.8405256289920102,0.2706187702802153,1.0,0.3413620045832144,0.2041604791191343,7.050621102198351,137.71489960772487,1.0,0.0
2723,foxm1,nr5a2,1,0,3.639808076977059,3.528016022813741,1.9265993361132834,1.9655726906597677,2.196107533357884,5.134759975979571,4.227981201374505,1.2597805558020798,1.2623027147345651,1.139888035977582,2.6123480451165753,0.9519890260631001,0.5176082795386362,1.0,0.17978554700212598,0.034986577022093165,1.0967509315486565,0.4511645952133655,1.0,0.0
2724,mtf1,zfp219,1,0,16.68262035198509,1.596997970884804,29.371814828655165,38.74964432659001,9.393192022009671,10.755829986464178,2.874397797830523,10.63955803416821,1.5337857090017426,0.3198029157137974,0.2775723538469623,0.907421320644461,0.5379237295164914,1.0,0.14219396533550122,0.035439383713998025,1.9236300665389559,0.7199177282751706,1.0,0.0
2725,foxm1,patz1,0,1,2.471106024555242,7.841329304963455,18.062807479339217,6.480346659824726,2.7240215419198304,9.136395736477875,2.076302494323288,2.173726521937045,3.5480855938187834,0.15080831399192227,1.4098621904163668,0.9703444275264116,0.4369355668846634,1.0,0.2252859236835756,0.04380166172700908,2.1001889933568796,2.6090811129764293,0.0,1.0
2726,mtf1,zfp57,0,1,11.06328378752524,1.3346192626397848,30.715674905731642,33.315809569275814,8.469731307379877,21.398073112439224,3.9276411938082583,8.133669168310867,1.2832141679193254,0.2757462218679557,0.6422798481887335,0.8863752573900308,0.3210240180904362,1.0,0.22259892388608174,0.051790897695354075,3.38982787099864,3.179559877309027,0.0,1.0
2727,mtf1,zfx,0,1,15.107272584766793,0.7508599924624375,15.905597737304522,8.036494696475,5.119070737677863,2.4559575074500364,2.244643684162769,7.748080011481524,0.6867006694080878,0.321840827501361,0.3056005883419893,0.8554323690260418,0.7814542483660131,1.0,0.14081021688438894,0.020270803530201654,0.6305287688659043,0.07526193166629218,0.0,1.0
2728,mtf1,zic3,0,1,9.094637046813752,1.7897509467973634,27.08438461949405,25.5592844981017,8.065354579557107,5.5653828899216,4.256618899792947,6.8084386035235,1.6726276772028776,0.29778614847139817,0.2177440800557208,0.8932302660918687,0.9917001601150215,1.0,0.09092904838477878,0.022093582131937836,0.6987545984130914,0.13627604567182766,0.0,1.0
2729,foxm1,rad21,0,1,2.146012234160266,9.195723104538153,11.618674840560347,0.0001,2.220752240271234,14.873220223778604,1.184716583376444,1.8114337229187372,9.999891254976457e-05,0.1911364480670957,148732.20223778603,0.9516820987654321,0.38923047161556906,1.0,0.3535858326651827,0.0686968679989315,2.57201132733922,6.456542012163583,0.0,1.0
2730,foxm1,rara,0,1,1.764582494638839,8.451642583158112,15.016975524427556,3.947120424409968,3.140229628075314,3.775921499049154,1.6394082422292136,1.5790364698389883,2.6905628440058105,0.20911198949263912,0.956626880623637,0.9821404629819357,1.0389888059069587,1.0,0.1666336947906575,0.02812459826283165,0.7981558307877521,0.7289742356225205,0.0,1.0
2731,foxm1,rarg,0,1,1.9266566080484027,2.212719445225929,0.13169494437730306,9.999999999998899e-05,2.222064774537087,2.032761943624792,8.224326406050167,0.12326899869562294,9.999548087845761e-05,16.872817594052215,20327.61943625016,0.9480479728413611,0.8103092233922264,1.0,0.15412406481548988,0.021720235067216032,0.30473956003732966,0.23750115718319337,0.0,1.0
2732,foxm1,rest,0,1,0.0196553995662329,11.74013917332876,6.351569584474958,68.71164224395785,2.3419303225954513,279.51452578589107,6.873917266642935,0.019594762132603423,10.026928286248106,0.368716785898055,4.067935456898065,0.955324953187087,0.3028822259497406,1.0,0.30390640596369195,0.08217952707488121,3.4112285682238745,19.8884460856348,0.0,1.0
2733,foxm1,setdb1,0,1,1.554149563583569,8.54157241476539,14.784924813525633,4.6876418389584344,3.193815149095459,10.786852074778846,1.711609256575189,1.4063210630063936,3.0266220996970294,0.21601835581697879,2.3011254795813536,0.9787915503526423,0.44318797834091767,1.0,0.20062636756940097,0.04045522288130784,1.055725479951736,3.4475074542266064,0.0,1.0
2734,foxm1,sin3a,0,1,2.949103290142781,2.0501955278033726,0.0001,0.3912310668503933,2.132433935171696,5.049441111386306,5.889386397895093,9.999660925374883e-05,0.3285374974413964,21324.339351716957,12.906544339734685,0.9473445105462412,0.6132066231794524,1.0,0.23519911845826405,0.03859053400677157,1.5908442049613227,1.6880719076379074,0.0,1.0
2735,foxm1,smad1,0,1,2.8780405364910506,2.5378784002866834,2.2015118111775656,1.6204157904611247,2.663712054380195,2.447404862541874,3.780496345451153,1.2473619327972758,0.9889676019664214,1.2099467469835663,1.5103560931391637,0.9691420647494575,0.9705952096443173,1.0,0.2266758579842715,0.03457696308968239,0.34859714960415367,0.7198717576069309,0.0,1.0
2736,foxm1,smad4,1,0,2.024998400943451,3.8214825340491294,45.09085576665322,45.994633470129926,2.6503073024936463,13.065140001682764,10.946645274408393,1.9379657322957144,3.528329837102272,0.058777045975997456,0.28405792189142226,0.969099737781142,0.9725149679633066,1.0,0.1657917904972256,0.02456241173699642,0.5972303009435174,1.4786635805715944,1.0,0.0
2737,foxm1,sp1,0,1,2.175650152387022,10.152789973666174,17.50709342352658,4.588896955103953,3.6869400384287663,3.4153807023523743,1.632425617288886,1.9351626630629144,3.1604325353729092,0.21059692487127193,0.7442705155001688,0.9892753851795417,0.9592999863116547,1.0,0.1307084488666413,0.023532253081782112,0.20677305605105561,1.074605046110186,0.0,1.0
2738,foxm1,sp2,0,1,1.455217031731782,6.144181172854601,11.167300078140805,2.9894532369053377,2.6477719187557858,6.455218071035942,1.6802634974908361,1.2874488606919543,2.011000382902975,0.23710045402456864,2.1593306733636486,0.9694783238739283,0.5732378959655762,1.0,0.20129194334157702,0.03296477989173169,1.2095872439505941,1.4182738650175142,0.0,1.0
2739,foxm1,sp3,0,1,2.364370670751494,13.10562059342457,22.738979287759836,24.58378840740105,2.5187039832797993,11.937424532294525,3.174844440749195,2.1416813214037393,8.548444036609055,0.11076592099433383,0.4855811616366139,0.96268447972721,0.5617462894248608,1.0,0.1928449230612525,0.03395961032933881,1.030644347661094,1.144207958019889,0.0,1.0
2740,foxm1,sp5,0,1,0.09379791459507532,2.2135124233555423,10.613255806579534,11.948522601150014,2.555971312169255,100.8535360771037,6.272796365171869,0.09297620873541519,1.8675425652192545,0.24082820189679377,8.440669984370855,0.9704530709342563,0.9112847474313818,1.0,0.1676214684916825,0.06764196956024598,2.661967209048728,6.461434227582397,0.0,1.0
2741,foxm1,srebf2,0,1,2.7847718768349665,3.74676798001454,0.00010000000000098819,0.00010000000000243148,1.9144686883877198,2.8277487645406407,10.617254670856493,9.99964091715201e-05,9.999733110668874e-05,19144.686883688013,28277.487644718847,0.9337619006026728,0.67985944080806,1.0,0.23280301304400933,0.034756161759482075,0.7601899406841279,1.461926285670466,0.0,1.0
2742,foxm1,taf1,0,1,0.5199214190930896,6.022586363974822,1.0776602673259932,16.539883762980203,1.875760627152596,19.812613265098744,3.2014767698932936,0.3507167491036132,4.414981065998053,1.7405862348501866,1.1978689541605854,0.9272621309267645,0.4821661618036182,1.0,0.14570581782871514,0.03184508635573961,1.0222178408344094,1.9240785332834651,0.0,1.0
2743,foxm1,tbp,0,1,4.580210004187019,6.321502987116448,49.06186657918076,31.207482391515217,2.6192383993684034,6.438040095925627,6.0048925739213885,4.189130370089495,5.256688694564978,0.053386440060147825,0.20629796454442673,0.9633934808110719,1.1463887032499194,1.0,0.20239299432688607,0.04191545172841123,0.5593830615971664,1.5012576615882756,0.0,1.0
2744,foxm1,tcf3,0,1,1.9903432545957962,7.593920477552584,18.17953666359813,7.288740111051012,2.949857867533105,21.200008253496378,2.1743779475331557,1.7939382047302483,3.7191006577986165,0.1622625439866003,2.9085970868070103,0.9811821734453505,0.4092605923141171,1.0,0.29502503402309277,0.057229927744578045,1.839061686487252,3.5397077217039907,0.0,1.0
2745,foxm1,tead2,0,1,0.07369210004787144,30.278665080007727,33.9940945924215,605.2605524256637,2.605746880932112,636.9680546669297,21.035172196767952,0.07353269651342739,28.83611435493135,0.07665292787392039,1.0523865335584714,0.9649683344738287,0.5520667244493713,1.0,0.21055057653840062,0.04098708395639938,2.103784667727984,2.79746209145488,0.0,1.0
2746,foxm1,tead4,1,0,2.6977106850629724,3.7925844314054205,1.10230485522395,1.3267838086587638,2.7162998918893755,3.468541996666399,4.4805877831488585,0.7825493223930111,0.9829219897056923,2.4642002428062586,2.6142480591263193,0.9747581393892358,0.7012736261274761,1.0,0.2701450938390997,0.045270878146162645,0.9359238529571876,2.4428851413315966,1.0,0.0
2747,foxm1,tfap2a,0,1,1.9005776669139676,2.239670208994865,1.9081766433843486,1.2596928839626633,2.8553300892140965,2.05841829889832,3.0649168822903916,0.9521847873298762,0.8062314626258317,1.4963657055092516,1.6340636079669484,0.9741150834366615,1.1549384472568327,1.0,0.14842032038863498,0.02692851077455458,0.35236679743617594,0.30617144190935575,0.0,1.0
2748,foxm1,tfap2c,0,1,1.0222867139300045,0.7311081978643611,4.57561328119717,1.951747102598181,3.9239681694583095,4.26139019817171,4.396730406869219,0.8355970398758926,0.5318730035949127,0.8575830010773193,2.183372114398896,0.9877472540049509,1.0495510145959415,1.0,0.1054981632953919,0.029213621755203242,0.30442304305313894,1.3659270108092187,0.0,1.0
2749,foxm1,tfap4,0,1,3.093595992754323,3.180304765994143,0.11577233178222435,9.999999999998899e-05,2.464570551791686,3.778442591777846,7.5639039961619385,0.11159604802450733,9.999685574611699e-05,21.288079058714228,37784.42591778262,0.9584882474066263,0.6070189782699301,1.0,0.28034101264648037,0.05435029223299763,1.2533599770241919,2.275508669158916,0.0,1.0
2750,foxm1,tfdp2,0,1,0.6027148639879318,11.655632060742423,5.054157065002087,9.643854244811074,2.1716460935560464,12.14326050674238,2.045318338854298,0.5384982418278383,5.277367496681787,0.42967522885147014,1.2591708873323262,0.9515001784245752,0.6299590097133094,1.0,0.2584993916367724,0.04163938010676526,1.3658712708422338,1.9445540985436711,0.0,1.0
2751,foxm1,tfe3,0,1,0.0037644154544482994,4.6090004387445855,22.772276076889884,68.96820739059882,2.775740260937005,28.712135688805283,15.958330549543295,0.0037637932732698613,4.320284874902873,0.12189120892285006,0.4163097284259571,0.9705345895606423,0.9137645107794362,1.0,0.07812230478726895,0.026570291537016306,0.1430226101267943,0.3536177624328003,0.0,1.0
2752,foxm1,tfeb,0,1,1.1555306520690671,4.427023709010043,9.630531740887982,3.5519320372912744,2.4285313274212346,6.8846763693460105,2.0185842005764334,1.031736533397638,1.970745025020345,0.2521700143628115,1.9382905689254988,0.9609458510407661,0.894505346973937,1.0,0.2296164335670668,0.0397913070790028,0.4163864684752958,1.5418278122377433,0.0,1.0
2753,foxm1,thap1,0,1,0.28112957391601684,2.6013506199860617,194.9999770183052,189.98748013374865,2.9543439306516905,80.55735153985873,48.83771684685522,0.2807248556167948,2.56621345745375,0.01515048348120758,0.42401400072861345,0.9790445611487322,1.0651440329218105,1.0,0.2120871783368974,0.04876295994474757,2.0936497207411566,0.9550307535840681,0.0,1.0
2754,foxm1,topors,1,0,0.26290852398863496,9.93724352280545,2.02096320883805,31.88448494306629,2.035300287523996,44.25919857358237,4.136322618505282,0.23264373678872788,7.576059218523957,1.0070941809446343,1.388110821065878,0.9431396238607731,0.2920119964566161,1.0,0.257900877070744,0.048052971131132716,1.3257026751273762,3.951411033117062,1.0,0.0
2755,foxm1,trim28,0,1,0.14748058799877978,9.971507232839414,2.414225591022688,25.73846520472061,2.0644786376500073,227.09975429988793,3.7999700467983946,0.1389899484341853,7.18710417376602,0.8551307903150323,8.823360386626172,0.9465738365062799,0.24449542867966031,1.0,0.390498372713952,0.11838523478952662,4.56335432198356,32.19267441613381,0.0,1.0
2756,foxm1,usf1,0,1,0.776869266435771,10.73951779071933,4.036661923460851,4.34382488722648,2.0700402328873473,13.45821645487522,1.6747663573536256,0.6514881619361833,3.0928545251675925,0.5128099088151005,3.0982410212830316,0.9456199026500813,0.4427159216241609,1.0,0.2587144779186164,0.04025835826446203,1.3870901319332938,2.2100410251171496,0.0,1.0
2757,foxm1,usf2,0,1,0.3798566920122639,17.139468176392718,11.958571865042599,90.59049473138032,2.438024570484018,49.497156918894134,6.485145168026917,0.36816224439283857,14.412637483792684,0.20387255250862127,0.5463835589557549,0.9640816326530612,0.7099385809295012,1.0,0.22889281789033597,0.03825459692178241,0.9614255920022041,1.4905389527920374,0.0,1.0
2758,foxm1,vezf1,1,0,1.872084836853438,1.4703646718994232,0.24473295320623523,0.33939546077987104,2.375772371626693,1.3529859498416072,5.260420102902278,0.21643849221563816,0.27574654028594525,9.707611257502545,3.9864585894362983,0.9641251077179539,1.1470504019785144,1.0,0.09825118597219032,0.01923401214947568,0.09663953635300267,1.2555747872891423,1.0,0.0
2759,foxm1,yy1,0,1,0.06232606882237962,3.1973414712259127,160.18011944869284,187.90291849045596,2.727170327335634,276.3086851535359,48.06933671042315,0.06230182718751,3.1438460312632936,0.017025647981297527,1.470486394640913,0.9697298207221614,0.4913528359482743,1.0,0.26247256166216093,0.0533470906625661,1.6243723680276811,6.746577232909661,0.0,1.0
2760,foxm1,zfp148,0,1,4.094853948538861,2.5806133261241095,4.376912773632881,3.43924482477381,2.1046237658787113,3.29126641035481,3.6152827603490247,2.115593965378482,1.4743472028972686,0.4808466320273165,0.9569735735725844,0.9477333301266663,0.8302024263301557,1.0,0.1540158989650543,0.023825245762405106,0.43305820251009464,0.6874189882824395,0.0,1.0
2761,foxm1,zfp281,0,1,1.9279326979133595,2.52789140160456,0.33867675128493147,0.00010000000000001674,2.316424561595175,3.4150101367614876,5.448298165804165,0.2880716759811618,9.999604429035979e-05,6.8396326373355,34150.10136760916,0.9586315275329695,0.5526855917267689,1.0,0.1291878090817858,0.025025759906420662,0.9957821541259706,0.41031866898963765,0.0,1.0
2762,foxm1,zfp57,0,1,1.3483157918895188,7.09292039660974,12.515753525596852,3.9333922903094005,2.916265713930185,23.144248229895847,1.7220236475820558,1.2171886723528527,2.530241903705559,0.23300760181685617,5.884042709626433,0.9746114082406776,0.32540166503044704,1.0,0.2567441133929195,0.061902325796101845,2.368270934315651,4.938273140143424,0.0,1.0
2763,foxm1,zic3,0,1,1.293171269478166,1.017341888085809,2.6319508367571034,2.608266972387668,2.8955710123107385,3.3716599497022632,4.2108486223829455,0.8671228850095033,0.7318768649451612,1.1001615120890513,1.2926820702774025,0.9720480103806224,0.9588982672743842,1.0,0.15610072147352708,0.024233057481484542,0.7049870934766747,0.6362911178276536,0.0,1.0
2764,bptf,ccnt2,0,1,9.47973001655036,2.129577452047939,30.043089543444705,1.3195937321670677,50.46238112474723,2.678832667223497,2.014963655436759,7.205973179686236,0.8147398049558795,1.6796668349230395,2.0300434913587044,0.3931219970766053,0.5024299835386669,1.0,0.2850981002880223,0.056439378587026606,5.9399649814216815,2.579437744897185,0.0,1.0
2765,bptf,cebpg,1,0,0.4192892808229658,3.1829641648166795,52.183814614584364,55.03246425128566,72.2846507196143,2.834317891688853,17.949563617188392,0.41594720615447106,3.0089336517696457,1.3851929233899307,0.05150265266601501,0.375875126431382,1.093053307902301,1.0,0.3082450530623157,0.051668471988534435,4.66199430011557,1.8762475596373203,1.0,0.0
2766,bptf,chd2,0,1,6.3833166835434145,0.8441312066560507,73.40225775096465,58.75425682268454,101.1151140261643,5.603379936960035,12.237441699089928,5.872613687780056,0.8321752206367676,1.3775477365999067,0.09536976961295876,0.3832491082045184,0.6398155462421696,1.0,0.2899586660501119,0.0655776179833341,6.860525727114009,3.1126706764787295,0.0,1.0
2767,bptf,clock,0,1,6.416732597634712,0.7744342730083368,106.1505760250665,0.6255477455983389,151.3975585209407,1.6115247664052639,1.8394006410689485,6.050956265826381,0.3460370255873682,1.426252821135794,2.5761818785931903,0.40142697501671765,0.8986735870818915,1.0,0.19028315112436647,0.03919176516017907,3.794373489505894,0.9547954241251155,0.0,1.0
2768,bptf,ctcf,0,1,6.130327412741247,105.71346828726706,129.21940622538386,23.58221514537924,49.221990091952186,101.4149951491395,1.2811009961640099,5.852669576428956,19.281059403759663,0.3809179404995828,4.300486384503663,0.37044428623855113,0.4619229941948746,1.0,0.5560387737259983,0.1467848385167755,14.519590448909069,19.090228854927034,0.0,1.0
2769,bptf,e2f1,0,1,55.34905672689442,5.351095703670087,80.33615815055433,225.14122990662995,116.76019697372848,30.264547902681258,2.453608638009598,32.77092923287118,5.226864993801468,1.453395328600523,0.13442472493924149,0.39383285588530176,0.675444539118565,1.0,0.37631556619395545,0.07713403015367748,11.366550985630656,10.684612654723633,0.0,1.0
2770,bptf,e2f4,0,1,8.751594943700471,68.17224872024352,260.6088786441809,115.90725660156271,44.221296907704605,642.338636214618,2.7908884488270296,8.46725324709436,42.92524749949327,0.16968453698801877,5.541832798464817,0.36733662098366526,0.35966214782617223,1.0,0.5659912840371064,0.18786332152729623,18.321536889759418,44.34293300939929,0.0,1.0
2771,bptf,e2f6,0,1,7.709840448206737,0.00010000000071397341,54.48217693017012,2.2693886470824163,84.08050500977318,1.602142632639574,4.681962975888183,6.754064413878069,9.99955944349838e-05,1.5432662523294411,0.7059798394159279,0.3989457527250186,1.2458906249999997,1.0,0.18598674199758064,0.037992952233519076,2.9165297123952745,0.6823628474816705,0.0,1.0
2772,bptf,ep300,0,1,9.365877242021158,0.9733659047619783,76.96013633038257,1.9564517663612566,107.81545766692247,2.1466477903571004,2.664417869046929,8.349733290939284,0.649987015389018,1.4009260223251285,1.09721477792912,0.3861371548564166,0.7747917226552004,1.0,0.3173365611333877,0.0537536255255371,6.999129983953528,2.084272699320904,0.0,1.0
2773,bptf,foxj3,1,0,39.58893183265698,3.7509071290025124,43.42911247250529,82.17638572799625,66.05857356494685,6.766761218737771,2.1927181304324495,20.710102094273182,3.587172140704718,1.5210666256826717,0.08234435183284579,0.3722561235379497,0.8556077977715628,1.0,0.25783730234976043,0.046834805308730076,1.621369939532988,2.296540312752797,1.0,0.0
2774,bptf,gabpa,0,1,10.618339992229409,1.1467112570360942,52.65136161032975,45.14426863011021,78.87382726723884,7.450601173228977,6.092134250040164,8.836299910883143,1.1183051461648394,1.4980396490214312,0.1650398023783598,0.3928875395478866,0.5514303134941958,1.0,0.2614169629110829,0.062300111879551735,7.143775262999361,2.541888902794445,0.0,1.0
2775,bptf,hdac2,0,1,20.942393121604837,2.85217633452234,75.5610329400087,79.15405457750569,105.9222519640793,58.07767714602573,4.7740845915020556,16.397644322947436,2.7529776547057296,1.401810534381865,0.7337296548612997,0.3846242350433195,0.2238336862527888,1.0,0.39131100107825917,0.13481475057428033,14.486757992854063,18.32662467927053,0.0,1.0
2776,bptf,hes1,0,1,4.425964113718127,3.468036221017594,66.87969317415296,66.82598242894956,90.72162883491906,10.902328059181553,14.04697566423308,4.1512431577519475,3.2969366671539793,1.3564899079109458,0.163145047224305,0.3785144118182569,0.6415140104650594,1.0,0.34067378714638474,0.08585583727046629,10.771463304096685,6.9840868262051545,0.0,1.0
2777,mybl2,myef2,1,0,4.690516826219434,4.728736010928052,102.69271485331676,91.89699732679047,483.0152328620871,5.139390465053839,20.195257297570237,4.485634297048539,4.497317904294971,4.703500472764906,0.055925553767310815,0.26569531549815234,1.417165936372689,1.0,0.21171817471927773,0.0833187761572904,15.950012264464416,4.545575653579963,1.0,0.0
2778,mybl2,nfe2l2,1,0,13.063555032097772,1.1518708887683637,38.1601801663678,38.81460328206871,196.65255356467082,14.08497130007734,4.03524696371429,9.731965302933329,1.1186729004064038,5.153344473409723,0.3628781466016996,0.25218501647545305,0.31576383415637665,1.0,0.44283045920734126,0.15049587322981534,31.386941127791196,12.326408340428616,1.0,0.0
2779,bptf,id3,0,1,6.369821172200255,12.08003782786401,67.42518703837536,120.70273844151612,97.33890768169408,23.142371277969474,12.030309884946904,5.819992359253583,10.981045036610883,1.4436579556878826,0.19173029192856803,0.3951874557196112,0.80357975,1.0,0.4161609911807604,0.10943521604598964,14.773988639845445,13.669249613760705,0.0,1.0
2780,mybl2,nfyc,1,0,13.695267650076199,5.681910669752542,117.56219665595948,148.74924636155208,533.7460560612651,20.55653042587541,9.817269645857607,12.266317631889699,5.472858885904912,4.540116391523791,0.1381958626930479,0.25674180237517114,0.4339819069165103,1.0,0.5807634965116826,0.19507174501446925,49.38604293245117,21.656194974580586,1.0,0.0
2781,bptf,klf10,0,1,7.601147952931622,0.0001000000014830249,83.15558594423517,5.480110027349059,115.48842025879893,3.3845458602469973,6.738136059038368,6.964529073854041,9.99981767353881e-05,1.3888233598191038,0.6176054574371809,0.3881534595820311,0.742704761904762,1.0,0.14631553758586888,0.051597008666979166,4.371669331395022,2.2855453700166315,0.0,1.0
2782,mybl2,nr1h2,0,1,51.55353088375167,5.003184554912675,45.96339512821696,119.50867112067381,231.53845379805313,27.675981256414804,1.970756083521291,24.299118185634637,4.802144617352538,5.037453241914924,0.2315813655769714,0.24462439909297048,0.44010254382044633,1.0,0.5559256677772381,0.1674463018193199,42.338237314432206,14.019615631132783,0.0,1.0
2783,mybl2,nr2f6,1,0,3.026364289923846,0.03607148032351559,484.01724591842446,449.6117058148523,2603.956605372686,3.385074752321049,109.5015816112224,3.0075592371044317,0.036068586610350686,5.379883934572764,0.007528884832271258,0.2583777795532527,0.9624561403508775,1.0,0.4060148283002219,0.10634435513564243,33.01696888029515,3.6991427348557,1.0,0.0
2784,bptf,klf13,0,1,7.27163251804457,112.47934988315392,275.31385114335757,101.60823900203357,66.41117890569808,146.03959550520202,1.95314909068982,7.084515194138291,53.38389172970694,0.2412198973277134,1.4372810407852772,0.37424126175700145,0.5779257149638068,1.0,0.4585974368957023,0.10902945650463383,10.252564494807443,10.186166617543707,0.0,1.0
2785,mybl2,nrf1,0,1,9.793816566063288,2.0324258831009123,32.011906265535494,42.749048784509235,162.46586156604712,10.082261244749695,4.471525467549582,7.499421530338762,1.940183387717297,5.075169851442441,0.2358476160621182,0.2429392179699335,0.45657853502594553,1.0,0.5375540997433097,0.16605689406458232,43.86414249491773,17.048192778985914,0.0,1.0
2786,bptf,klf15,0,1,21.721587189358168,5.063116662630774,47.680663474356585,97.4634796046417,69.4458518268172,28.497592696418454,3.3383982264603347,14.923142679091415,4.813082512734857,1.4564783030791146,0.29239252294314,0.3758047272063124,0.5445961405195583,1.0,0.44559017902151576,0.12046716733503973,11.465014873178262,14.827238206614842,0.0,1.0
2787,bptf,klf16,0,1,6.714611219403583,0.6806205893572693,83.31960058634432,0.3924931786280309,116.53964924671104,1.4283565076771012,1.6671722081175773,6.213845977797257,0.24893813361285447,1.398706287915299,3.63918810683527,0.3881769125858502,0.9619452025280093,1.0,0.20629469743509304,0.05160448707117174,3.594630981035664,1.6938845952396027,0.0,1.0
2788,bptf,klf2,0,1,8.85076963379549,54.15792802841604,261.9307626644163,139.26603044162414,41.83477625652962,3074.4070345944524,3.6921621023746543,8.5614732314683,38.99392667340601,0.1597169260722843,22.07578563735358,0.36904270549535795,0.34870647404863,1.0,0.5448935810107995,0.30197219567225336,28.659769047432746,265.9929259048524,0.0,1.0
2789,bptf,klf3,0,1,10.174099768155685,1.9711744229523611,27.146849009307186,37.188031188890434,42.80284255965616,15.523320336718786,3.8626680307874977,7.400528637646433,1.8719505356187915,1.576714945627074,0.4174278616114592,0.3685518229866524,0.401728241809348,1.0,0.4318388958536519,0.11188755996462256,10.407333859161685,10.164922837153975,0.0,1.0
2790,bptf,klf4,0,1,16.117743890436852,3.0126057310070915,74.54644411760353,82.54824343289556,102.8740048907743,71.76255901825004,5.830405717082859,13.25242657137945,2.9065315933707185,1.3799988196416395,0.8693408367506532,0.38272569301031856,0.3140250938992361,1.0,0.3703726175392614,0.14645384668008846,16.440966143426245,29.738276922307723,0.0,1.0
2791,bptf,klf5,0,1,34.66490848122719,4.538171272090087,79.99240014321545,117.66959319211061,113.58792091255896,56.25606514520364,3.435154169911896,24.184496072910044,4.369646804065334,1.4199839073361384,0.4780849803173743,0.387819148436909,0.29104910885449187,1.0,0.38624604136689833,0.1228689055978346,11.693241890131551,14.877872355254762,0.0,1.0
2792,bptf,klf6,0,1,18.95946318787198,4.623591418368523,29.566944588849022,65.47630864407131,51.388150351592635,21.675851151637133,2.6915716727829277,11.551924471504995,4.3186323872576455,1.738027079435639,0.3310487655843106,0.393260906779697,0.6512928786305029,1.0,0.3661881884767748,0.09794627120559019,11.92271857143674,7.356094552009995,0.0,1.0
2793,bptf,klf9,0,1,4.747359573117256,57.93313888046385,128.04729631159606,53.47447844935564,45.357875509596674,136.646958274344,1.9943345423640981,4.57764323350767,27.80729415831149,0.3542275144898083,2.5553677611602885,0.3698308337961371,0.25104361469967146,1.0,0.45102650988422005,0.13037986317574968,12.62823702510573,21.18189040504691,0.0,1.0
2794,mybl2,pknox1,1,0,6.07042303665363,0.13363022912643852,102.30854493741933,0.07061255097876651,481.52920560977884,1.3976469537504954,1.5939819493294038,5.730412086810017,0.046199779309870535,4.7066372208139935,19.793180311114575,0.26437954727998636,0.9734409757064314,1.0,0.25987583587076357,0.07203086554210913,16.236026209460455,2.8733174274694147,1.0,0.0
2795,bptf,max,0,1,32.7740746350457,3.72851326686621,39.20829112244334,83.07653616834035,59.44960490934427,24.505523656433166,2.2948921785252687,17.85180920406002,3.568363468304388,1.516250854282056,0.29497526963301557,0.371281650522824,0.4326882938985342,1.0,0.42149299640060783,0.09962421958940444,11.264897151320811,7.764724017888055,0.0,1.0
2796,bptf,maz,0,1,3.6971509037658907,32.08604280352965,82.54907146435626,45.22971987613906,30.9668880793906,82.04518791047165,2.517559683342949,3.5386636746455906,18.77033450410596,0.37513308787200284,1.8139663065601828,0.36248641610412635,0.355111147483695,1.0,0.41874313222158677,0.11369946659550575,8.966600807573592,11.782320771004162,0.0,1.0
2797,mybl2,plagl1,0,1,5.653258218074855,0.0001,630.4400435183327,365.4680577195744,3523.557585700103,3.781063910883502,110.23067053737823,5.603015072308365,9.99999726378351e-05,5.589044702864977,0.010345812256415395,0.25501027613704963,0.977443584700585,1.0,0.25679717142289926,0.08754849517813142,16.868411073878455,4.515323071565538,0.0,1.0
2798,mybl2,polr3g,1,0,4.756109905952043,2.4707491347459474,61.21667789842993,67.02855349792577,274.61133901940065,5.895036469102375,12.035150591213203,4.4132324531366764,2.3829122636464946,4.485890911542651,0.08794813794220994,0.2461731335655978,0.6258959047911702,1.0,0.484365598660788,0.13625001660327513,34.01674872476072,9.434800028550194,1.0,0.0
2799,bptf,mecp2,0,1,6.016833599680007,0.17072686908785095,83.74435376344576,0.08281083453710097,117.41891048171516,1.1578343222984986,1.5699898145751234,5.613515777916095,0.0557630455152546,1.4021113687663116,13.981676779018146,0.38951227986316206,1.1324232573047006,1.0,0.1986322725792133,0.041237441890062974,5.188959656930936,0.8477059112022839,0.0,1.0
2800,mybl2,rad21,0,1,5.981278761559043,0.9156520445145662,60.628568249150554,52.139803315341425,277.97584932928504,11.69316602443856,10.790732345317098,5.444185565447585,0.8998493591745381,4.584898792050556,0.22426563356440596,0.24939418783383763,0.3683941543373062,1.0,0.49134678704066004,0.17261447980375963,39.421127671202676,19.018854483967594,0.0,1.0
2801,mybl2,rara,1,0,11.091451193940603,0.31141598490308064,38.92574370783021,3.1626823713270027,194.98284153514788,1.7843090802047035,4.118519891023169,8.631891240025414,0.28350085248340057,5.009097398335015,0.564175870577873,0.24707303462912011,1.0130072840790845,1.0,0.350245367499122,0.08232047683856901,16.19580357965168,4.048387542961889,1.0,0.0
2802,bptf,mga,0,1,10.923578779023824,1.927254910798487,61.45456320868984,60.608445126489585,85.5025278226577,18.411296127927006,6.800674886494514,9.274951582130663,1.867859853431541,1.3913129206094075,0.3037744342311159,0.37893808253896005,0.3522839180339577,1.0,0.40827608801343834,0.10713429649406667,8.3363261441228,10.740704093094852,0.0,1.0
2803,bptf,mitf,0,1,50.33985902625513,3.7320934626667706,50.08764891077492,99.93059569034799,75.62501473102918,23.720161695131004,2.0679079167984042,25.106718636351502,3.597729577956811,1.5098535542314233,0.23736635943442164,0.3771436071363587,0.5253361938692116,1.0,0.20609141981789786,0.06218351433430835,3.9120767489143935,3.4776053016229187,0.0,1.0
2804,bptf,mlx,0,1,18.88474532672538,3.6352629268626204,65.29385519460247,86.73020569006502,90.2515140813952,9.13385089314388,4.644326009706962,14.64811506860036,3.489021926293668,1.3822359517968217,0.10531337750753388,0.3787461065272175,0.5412289373128586,1.0,0.41150926475080135,0.08488930093053039,7.542194667737314,5.203074303686071,0.0,1.0
2805,bptf,mtf1,0,1,0.00010000025282241864,11.96455695596862,257.1193807227467,869.11370216772,47.59829664596434,359.0552302593051,71.34877752049772,0.00010000021392979745,11.80208486944251,0.18512138801893682,0.41312802843144597,0.38712198633764094,0.8589995901407655,1.0,0.21039792512850278,0.04920366180996818,8.121203336850563,2.4124592491809933,0.0,1.0
2806,mybl2,sall4,1,0,4.977974288059418,168.46890480529586,321.7625873396023,132.11417072250939,459.5119586771891,142.33887068236078,1.8037724366169101,4.902133603054967,74.04651646403877,1.428108725991192,1.0773929087541048,0.26226270027361476,0.5249973825261179,1.0,0.4171894748443284,0.14581195048878112,29.423594210338308,12.990104438185288,1.0,0.0
2807,bptf,mycn,0,1,17.87872762304721,4.434673135929783,38.01581739854989,71.67393259710369,60.28885018600601,31.16086603672117,3.298966008162921,12.159942340948534,4.1762749477995085,1.5858885672232244,0.4347587038635629,0.38975489015266557,0.5436041283719848,1.0,0.3842616287753911,0.10371370087834535,13.56765406446047,16.726441675149317,0.0,1.0
2808,mybl2,setdb1,0,1,16.13910633915084,3.5866476511785828,82.39786632032441,94.51599130248685,377.5288005370553,12.9879822157002,6.317205414239378,13.495725419315242,3.4555192583961967,4.581778842056416,0.13741571174060646,0.25466391641941405,0.44722761624072493,1.0,0.49853245822880893,0.14966273439989547,33.57371637605759,12.776039254348326,0.0,1.0
2809,mybl2,smad1,0,1,9.525490620935571,0.5588909144550698,80.06604392896546,2.1843434709441056,365.71450274386615,1.8805107404908825,3.207374620513889,8.512727841222341,0.4450256698653437,4.567660456264429,0.8609043245740552,0.2538187231617106,0.9432931306535016,1.0,0.345776480263524,0.09300705936080764,17.751105020390664,4.302956053790854,0.0,1.0
2810,bptf,nanog,0,1,6.418692872925971,0.043611999537012315,74.1873942915337,37.6886689603731,104.34353217577583,29.79400476246565,12.547332405298455,5.90756995843824,0.04356159159836591,1.4064860098164083,0.7905295035436748,0.3854832684047866,0.22646514921539665,1.0,0.3188638064627447,0.13676565634891502,14.682215586688965,17.919060215813396,0.0,1.0
2811,mybl2,smc3,0,1,21.406155341303382,2.8145830178503397,45.25775041646638,62.90776867333685,218.52011594024458,58.990977919060526,3.2535755541478744,14.532518381581667,2.6940475019942665,4.828346834064894,0.9377375666491182,0.24523144356177523,0.2324805972656508,1.0,0.5935194966053522,0.25391352769271475,56.70314572425249,44.72914602929704,0.0,1.0
2812,mybl2,sp1,0,1,18.071669087822368,0.39278424313346433,104.02343530447271,26.24827432982863,491.16876614131576,2.170399143125858,6.855973991093695,15.396826183634934,0.38699320216445016,4.721712609314268,0.08268730796749595,0.2662841884013906,0.9407184610479328,1.0,0.25948698880475946,0.08582696538180308,15.616871615502383,2.243773534908873,0.0,1.0
2813,mybl2,sp2,0,1,7.1290342611251,0.015229278008172531,274.13987016166124,161.62238616377897,1351.7280406215243,6.099986864321191,39.06418984976966,6.94834194605887,0.015227843126149455,4.930796968074748,0.03774221510465642,0.2582396543529461,0.568227062262095,1.0,0.3304152590202389,0.1057162513884691,29.950766160230856,6.339770708687059,0.0,1.0
2814,mybl2,sp5,0,1,6.346613903711457,258.7957094602738,318.87546366918286,84.84818666684855,463.7300035373,623.4583781834741,1.3492846426827327,6.222761586109324,63.8985499592342,1.4542668106267227,7.347928137008361,0.26283886303644843,0.9219341993250609,1.0,0.2347185267193028,0.2266569512306051,44.552707949854224,48.92220926819469,0.0,1.0
2815,bptf,nfyc,1,0,18.12543185732494,3.8337602934151,54.73436606997225,85.23586043148396,82.00433933454742,22.200189310708886,4.200556723314554,13.616343315213511,3.6687464776185594,1.4982239719322468,0.26045597707732765,0.393188357490079,0.43850762574364527,1.0,0.45877433915733284,0.11206899045527073,14.889089750805208,13.477964375156763,1.0,0.0
2816,bptf,nr0b1,0,1,5.688367111137287,8.788827382586456,183.82712342908926,215.65304517574785,262.3756751341539,29.97297884148589,26.326893614798994,5.5176289815056085,8.444669289979092,1.4272957670219133,0.13898704197318065,0.3993693042609535,0.6384201534532205,1.0,0.31852800000309806,0.11161739824096287,11.478873362440638,9.882639532148694,0.0,1.0
2817,mybl2,srebf2,1,0,7.6435203538224314,0.8703196175899827,44.533742041535604,0.7680240696914644,215.7266607292007,2.3417349940437373,2.073400209464765,6.5238103361405635,0.4079891294011195,4.844117086051232,3.0490385476909263,0.24867730714494884,0.6546566834031675,1.0,0.33504957814095265,0.09628732177447301,21.431954593101715,2.8326869757642563,1.0,0.0
2818,mybl2,stat6,0,1,16.374051071865665,0.30748630772536584,97.41432406222319,12.351973992918838,454.439388022937,2.34856540122095,7.122305176682677,14.017838952761906,0.30001775636589223,4.665016078463624,0.19013684796999572,0.2607095875361607,0.9992033503748421,1.0,0.32596457460549677,0.09099374665154099,15.019553308901061,5.002359528932187,0.0,1.0
2819,mybl2,taf1,0,1,9.99012943613424,1.2132722519462975,47.50280445174506,42.357776725931345,227.00261798391193,10.05456362466741,5.91054161835693,8.254217222202914,1.1794876726929902,4.778720343016985,0.23737231747841067,0.2478835396808116,0.46255100629343915,1.0,0.3694388133371427,0.13068577563547212,23.91544841847607,10.758311025534699,0.0,1.0
2820,mybl2,tcf3,0,1,8.126967246639,1.8293309561003226,88.99849724661078,84.9377168314931,395.64972893851603,14.701788874611955,11.711752595282746,7.4469437638938185,1.790762722741282,4.445577635341287,0.17308905187289944,0.25384947394557966,0.3948387833790426,1.0,0.5298736920175345,0.18371712434198081,44.146564672434806,15.479313612583875,0.0,1.0
2821,bptf,patz1,0,1,8.01728896788978,0.4042465894717895,64.80403778675782,48.41152349642662,90.58994310995556,6.54084250546968,9.063635903250084,7.134622786714429,0.4008989969865738,1.3979058435841305,0.13510920609537266,0.38137460924723143,0.42762147206943685,1.0,0.3235221730637534,0.06517551040178333,7.6221934397738895,4.909444481724561,0.0,1.0
2822,foxn3,foxp4,0,1,2.8184845747168503,2.620544301281514,9.999999999998899e-05,0.5608020164392247,2.4248402006870027,4.591120325313355,5.535642252058519,9.999645211993257e-05,0.4619448439614978,24248.402006872697,8.186704381814407,0.7570557112136878,0.5885213168501103,1.0,0.14475837014324333,0.022307215084208222,1.593470979854768,0.4119666792233122,0.0,1.0
2823,bptf,plagl1,0,1,3.1659531729027623,63.74356625484151,87.05047986275815,24.41053396967894,53.263098387829416,16.581667192385645,1.4172223729812856,3.0548508032374593,17.65107335279087,0.6118645005955491,0.6792832640605991,0.3917937784577105,1.0132201903091094,1.0,0.2036295500268803,0.047695742563581424,4.150789736593261,2.532902955107255,0.0,1.0
2824,foxn3,gtf2i,1,0,11.675161490888117,7.739261110990153,3.8104031431218397,0.005311449333153072,1.8797076980703997,4.024541372500745,4.066811904453203,2.8728091672957814,0.005307806589309056,0.49330940256635597,757.7105833205094,0.7310945993561362,0.5522948948777635,1.0,0.19924139793376255,0.03400485846054579,0.4474926824037806,0.5099870714532205,1.0,0.0
2825,bptf,pou5f1,0,1,5.895746226789804,31.60130323070812,139.84753804148093,86.84232443720603,28.68999305347175,2242.70119535462,3.9060737065041784,5.657245881849562,23.169930555437627,0.20515193513783458,25.824978890060372,0.35993972742260827,0.2619400432696166,1.0,0.6066304628773528,0.33478932685075824,32.779278818552484,234.15774997241934,0.0,1.0
2826,foxn3,hdac2,0,1,1.8152345227901932,3.1817312248215153,13.5857502073853,18.228856627665465,2.0517621001925876,58.62441342389267,6.487346429238285,1.6012822054248481,2.7089084486907646,0.1510230991202265,3.216022519751453,0.7485822306238185,0.22643171911363044,1.0,0.16115962979151696,0.06461014539300301,2.5822548663538107,5.036199075521965,0.0,1.0
2827,mybl2,tead2,0,1,18.308050055074585,8.539378960962898,290.8727183635759,305.0059236762455,1447.498955338191,19.341728991601183,16.91865106673147,17.22394414986752,8.306809720009191,4.9763998613609814,0.06341427326549841,0.2596402211849257,0.5194795687722165,1.0,0.4623045472049345,0.14608047306935223,32.74913391220344,11.524953574755632,0.0,1.0
2828,bptf,pura,0,1,5.3542556852199175,94.02558077830574,97.9737520452986,9.76248805010134,47.46682626615089,21.290728235368395,1.1622016243115993,5.0768086060361535,8.844211277017322,0.4844851327547851,2.180871118725455,0.38631816758890863,0.661809824762999,1.0,0.42127048235438064,0.09491873198146869,10.703882545300758,4.9990352152987345,0.0,1.0
2829,bptf,rad21,0,1,6.4770588287296835,1.2014000701522443,45.23920702158051,44.39370120730711,69.95834864491822,12.731819220700958,7.981713885869599,5.665857741778555,1.1697439911410685,1.546409701910688,0.28679337100654556,0.39591986010368985,0.37733239161986004,1.0,0.41492378228105753,0.10008319711573267,11.352136907367184,10.892288738192223,0.0,1.0
2830,bptf,rest,0,1,76.43507206745412,6.868817750948489,93.536795796919,233.83518769992006,135.61783606140435,141.7614527374714,2.2875678706868285,42.06279437607339,6.672806649233045,1.4498875539402587,0.6062451683678737,0.3950795822895877,0.29380884236399535,1.0,0.49784624985921716,0.15076147673990434,20.16468831971953,37.07709864129072,0.0,1.0
2831,foxn3,hmga2,1,0,1.1868808273102824,3.272594016033109,8.321600525927993,2.795838941562346,2.0628500829138847,11.04838580534439,2.118780837251775,1.0387303450298508,1.5077443969282498,0.24789102486794073,3.951724700983823,0.7469292365115131,0.5787068922502475,1.0,0.24767232393209837,0.04863879441808448,1.3998776528197612,3.003078503397813,1.0,0.0
2832,mybl2,tfap2a,0,1,9.779302375421977,9.999999999998899e-05,999.9733832220195,4.464931289631727,7388.477542570107,2.0191868895349194,6.965558491764114,9.684591307737765,9.999776037402641e-05,7.388674205270999,0.4522324664264799,0.26389907874213187,1.153091540027161,1.0,0.36897662207156157,0.09471811111767954,31.26293604646285,3.8118041437319703,0.0,1.0
2833,mybl2,tfap2c,0,1,1.2866302504582245,1.0528699428218204,103.13137678150763,59.11011660712747,479.2511381861151,3.8797893330120883,34.58835268346593,1.2707764964128383,1.0344444094487841,4.646996415081788,0.0656366381206608,0.2637339823754666,1.0385315541052382,1.0,0.2647370288033829,0.08989034139097958,20.411955940357952,6.011676754069226,0.0,1.0
2834,bptf,sall4,0,1,4.948745085904322,36.39163397224701,271.3992195927468,367.7321026875543,71.9822590702573,388.06726373020837,11.307340752820542,4.860124646981458,33.11454108451875,0.2652264777263237,1.0552988463450306,0.37342117205607794,0.516782509555998,1.0,0.31954401930646636,0.07083232726234052,6.465018520951269,7.695132275944418,0.0,1.0
2835,bptf,sin3a,0,1,16.190197735105674,0.5791276316383437,63.606099487859154,11.003108739626148,88.17581528596878,5.019947264828068,5.188091391755952,12.905302171976913,0.5501704593810811,1.3862792404492494,0.4562299058946345,0.37826122996868794,0.6182068776423988,1.0,0.3818672442550595,0.0740962407571633,6.685730108582647,4.442801821231684,0.0,1.0
2836,mybl2,tfe3,1,0,67.36631686750165,5.129899973154792,253.44836441771332,318.8061669375514,1245.4468960010206,24.208404055084415,4.819289009498448,53.22039115701956,5.048662110432246,4.914006444122775,0.07593455386271251,0.2590653161478224,0.9071250000000001,1.0,0.3740023542376307,0.09887486438589736,24.303667067757814,4.537288354518772,1.0,0.0
2837,bptf,smad1,0,1,19.77371126310175,1.1140293287709842,67.87042288078985,19.32304660720389,95.67255994266722,2.3315839437986803,4.687894467272454,15.312492484049349,1.0533033546027657,1.4096355360966306,0.12066337111299182,0.3823378425251474,0.9653063652587746,1.0,0.30230733881437166,0.05330492009256785,5.235758201207769,2.5496637672708813,0.0,1.0
2838,mybl2,thap1,0,1,22.087004009518353,6.412923597833245,93.15565381515346,143.15098465199077,423.2501910788707,5.352470635352008,5.451410941454072,17.85388620986933,6.13795358967491,4.543472926707336,0.0373903864396337,0.2549195527969463,0.988446569564723,1.0,0.42223004392523544,0.10537135378158365,21.32317217505583,5.147800529258896,0.0,1.0
2839,bptf,smad4,0,1,75.30789841622715,7.34489044705786,74.89492268273125,189.89836200479007,109.26675161402349,9.06587454062783,2.071660082985722,37.550421410303485,7.071383419523665,1.458934033177358,0.047740667401855466,0.38553703547268536,0.9587633969456201,1.0,0.32419408858277743,0.0632783445850804,6.690613733042446,2.8148542782626134,0.0,1.0
2840,bptf,smc3,0,1,36.73208993208159,3.961634982569177,46.84432157159757,88.54919719356496,69.09737336864684,83.3764662759951,2.3770922746464103,20.588223421144665,3.7919840199096413,1.475042674340739,0.941583536818945,0.37340335235230565,0.24165971007018,1.0,0.48442176454545083,0.14960763638397281,17.62631905380487,26.826992187045157,0.0,1.0
2841,foxn3,hsf1,0,1,0.8502259876715406,5.178989273724597,9.161291043669298,1.5977533554379475,2.2604506523760572,3.956469565658553,1.4299454597493029,0.7780207236891618,1.221050870998356,0.24673931235249755,2.476270540877116,0.7558852675262112,0.8103894841806382,1.0,0.18874326560023993,0.028754898048832828,1.2001083068101845,0.20258454174264554,0.0,1.0
2842,bptf,sp1,0,1,109.76481561896738,6.028419669655695,27.205265196855432,134.62396213428056,61.43143209035964,11.864170211703936,1.3037288693326579,21.80170224337768,5.770039091613648,2.258071430138468,0.08812822044169245,0.3949005258084056,0.9946177433069648,1.0,0.24763641548308196,0.052000930700714786,4.2105112728830925,4.027483532333322,0.0,1.0
2843,bptf,sp2,0,1,8.76892063267357,1.0082041722944255,81.39803735025025,62.16410077832356,117.13619603573164,7.521559918328274,10.316803352456066,7.916125209801582,0.9921136456969478,1.4390543046105955,0.1209952339719361,0.39618899791943635,0.579285079169659,1.0,0.2642435559927027,0.06654308442243673,6.571307549214977,3.6015122121096783,0.0,1.0
2844,bptf,sp3,0,1,21.776745180217247,2.619553596385789,108.99039370734755,98.07973613631647,157.77611080294653,9.840873144964267,6.1545254981641655,18.150248227860885,2.5514095105381878,1.4476148349972435,0.10033543658077235,0.40407108072962294,0.5547552478281833,1.0,0.2301933550892805,0.060602916179809584,6.394628053132266,3.3344027828700042,0.0,1.0
2845,foxn3,id3,1,0,0.86415471483096,2.2848423668553846,0.7819090235415638,7.344585993296739,2.044301317281584,38.39714714301594,2.294104356984956,0.4104885816453103,1.7427017073972935,2.6145002241081254,5.227952559621506,0.7445424298571153,0.8589387545938577,1.0,0.0754869523240271,0.04034367414094279,1.0722225964255965,4.34812861354449,1.0,0.0
2846,bptf,sp5,0,1,37.29564891765927,380.55648738000053,182.94869369492227,2.091683789598306,109.69194885594908,166.3817966964227,1.2104753816157536,30.980093150417332,2.080249941470154,0.5995776555741189,79.54443091437602,0.38596763944318435,0.9086966705289444,1.0,0.3462845768816798,0.15166397788440097,14.218938809117386,31.521013108801704,0.0,1.0
2847,mybl2,zbtb7a,0,1,7.8063662523012125,0.311173019909086,63.22960537085189,1.349962448790971,297.93876590171556,2.9628396209959567,3.3109602832256115,6.94850012233045,0.25288238067837054,4.712013686535862,2.194757064279441,0.25407104913881956,0.7203041128879778,1.0,0.34536837983086704,0.09797750068783052,22.428314597903146,6.452058734587487,0.0,1.0
2848,foxn3,jund,1,0,0.9338170120931286,4.237616244901071,0.9015612064672135,176.27878583393388,2.090165815688938,769.4588173913959,1.8986682449152,0.45870283494083564,4.138138351301092,2.3183848203488,4.365010876103244,0.7459877599737741,0.8917540585940197,1.0,0.16353998906058517,0.07762591088649369,1.9552414016367656,11.826055736083555,1.0,0.0
2849,mybl2,zfp219,1,0,11.21956909487338,1.4311366514529629,54.10614531659084,50.76490508642589,252.27508310609193,7.282349741389346,5.957780407567354,9.292629117121724,1.3918970454035706,4.66259574822706,0.1434524447350259,0.2478746707646955,0.5240580009986453,1.0,0.3874586314074324,0.12104986138028317,27.25171909433604,6.197826936817107,1.0,0.0
2850,mybl2,zfx,0,1,10.927787994972839,0.00010000000000021103,43.83594978490141,5.2684864878368245,214.03111647282154,2.3901906220585163,4.594671618334459,8.747210932408672,9.99981019579139e-05,4.882547715358072,0.4536769008664382,0.24825255184267556,0.7820153956199739,1.0,0.2854162535517315,0.07948333736633895,12.6866688680308,3.380233670216703,0.0,1.0
2851,bptf,srebf1,0,1,7.624670372134064,1.1311789220423114,74.7516764163397,1.28570736096954,105.034532575382,3.174233070810557,2.1536537723100366,6.918938683971445,0.6017515498623307,1.4051127360726705,2.468861241034583,0.38573343560523043,0.5243688434956628,1.0,0.2811565846750903,0.061689723150675044,5.749308704072951,2.458889811556177,0.0,1.0
2852,bptf,srebf2,0,1,7.499973331734459,0.873452629826518,95.034311641322,1.2428908607805744,135.18777617579735,2.545922336681101,2.2972241729815153,6.951380244149082,0.5129631819004585,1.4225154456426468,2.0483876879440417,0.3954893654860301,0.6627256394296063,1.0,0.2755020404764304,0.04954944553002625,6.134021577462847,1.6577894085561338,0.0,1.0
2853,foxn3,klf13,0,1,0.3640264363143932,4.978989620339366,0.11692792489857161,333.66974350407577,1.795627898106784,490.87615759258006,1.3353033153869092,0.08850082094923861,4.905785928092452,15.356707131032985,1.4711437496177535,0.7228462488074807,0.6128263957916331,1.0,0.20618186582659376,0.04509796172026716,0.678698375427095,3.893405522318615,0.0,1.0
2854,foxn3,klf16,0,1,1.1483112142816265,1.072223258958827,0.28567481948577256,0.258749027006116,2.101153213462556,1.510751820109073,6.229263366428672,0.22876345454463648,0.20844665806680124,7.355052213718821,5.83867633277463,0.74188385916781,0.9694700596287901,1.0,0.06402501272255805,0.020454673545460943,0.33743344154848287,0.6624691764449893,0.0,1.0
2855,foxn3,klf2,0,1,0.7695881091807886,5.344667434924359,0.4982599893981313,346.6861808756727,1.972649173234475,7348.426075434534,1.6353669811497866,0.3024455086939413,5.26352264284995,3.959076014948178,21.19618975545437,0.7434457260821804,0.34774210914662956,1.0,0.2331780500343838,0.1596455199685148,8.00277539697894,80.01432703200143,0.0,1.0
2856,bptf,stat3,0,1,11.250109863037768,0.00010000002754573245,80.01175660608297,39.506128541544044,113.06164784718075,4.442676527484806,6.564664250350688,9.863276820638355,9.999977442094988e-05,1.4130629377856345,0.11245537569729099,0.3877366538709496,0.5026917334610622,1.0,0.1711123385600555,0.053307633292116366,5.252212001085559,2.3139556638769587,0.0,1.0
2857,foxn3,klf3,0,1,1.2904250758508364,1.9532128074915243,9.199137253003668,6.8503841866552495,2.0472418106961014,19.883177534487633,4.3512893668372525,1.1316770915041452,1.5198626355237006,0.22254715354177845,2.902490866602876,0.7465310110799641,0.4168632075471698,1.0,0.17547063015339234,0.04910017529457446,1.8248155447759808,4.605772731235202,0.0,1.0
2858,foxn3,klf6,0,1,0.12899685938536848,4.053243477871599,8.667781396029248,7.892826905324979,2.9233747111953483,23.015548296459436,2.9911491680025963,0.12710523619695333,2.677997713873968,0.33726908624328716,2.916008240460937,0.7670866485722783,0.6545387087197158,1.0,0.1552931454364478,0.03815015784480424,1.8213035945314704,2.6153302333160853,0.0,1.0
2859,foxn3,klf9,0,1,0.5364158424453237,7.377087246024764,0.24273722471635195,63.849247307744655,1.8802928072005891,154.4268604903051,1.59831563133055,0.1671149076822454,6.613024114369744,7.746207073916189,2.4186167731310713,0.7302691005065833,0.2582255815154697,1.0,0.24380467780819814,0.06428004826984375,2.2700290015833273,7.6176498851960694,0.0,1.0
2860,bptf,taf1,0,1,14.85663150686977,1.4215207934351561,16.162830686271874,30.867625991182994,31.036712134783944,11.316384854349497,2.184073513723813,7.741114856174379,1.3589387320494044,1.9202522588537296,0.3666101454508326,0.3632729563499597,0.46970243999206496,1.0,0.344945404914899,0.07830535254830477,6.006222452113175,5.544089669979791,0.0,1.0
2861,bptf,tbp,0,1,7.603253587110126,0.061720318680658866,102.36651815050071,0.010956488032258764,144.90387697135628,1.0578554561792084,1.2623248635656523,7.077568535695842,0.009304728200883388,1.415539764264684,96.55059660217813,0.3976421155743712,1.0917028359667194,1.0,0.271803186760856,0.053635427103465125,4.7629515562716485,1.5946796396915373,0.0,1.0
2862,foxn3,maz,0,1,0.40811641472383825,6.086926975498455,0.14388448714136925,63.258370811739695,1.8223494674770826,104.82290151729853,1.470846703415404,0.10637957443202328,5.552634367530604,12.665364443955584,1.657059772045934,0.7229962722644176,0.3565806033834282,1.0,0.18475398284277234,0.04763850165867373,2.032067458200021,5.717578251241376,0.0,1.0
2863,foxn3,mga,1,0,1.5074388670552152,3.0408993103308033,15.014200014725823,9.609175080148766,2.141054433399064,22.633387578807223,4.111638410097335,1.369899731006519,2.309910042589446,0.1426019655592128,2.355393401621403,0.7517336329616915,0.36084841434753523,1.0,0.22355577507091626,0.047841285991663596,1.3783920181342428,3.9778058632555426,1.0,0.0
2864,foxn3,mitf,1,0,0.37552642071343545,9.271143936576811,5.727741604519827,9.291088238268845,2.570667935640688,10.373899316349844,2.1334179823789547,0.3524207514112169,4.640552686392771,0.4488100394773647,1.1165429764859012,0.7644783067559168,0.5193836527637677,1.0,0.15568797584191466,0.03858922070634254,0.8238570127834715,1.2526749642167008,1.0,0.0
2865,bptf,tead2,0,1,85.17246298999007,5.729469932942125,72.11351998774566,209.68925915107732,106.37997532004356,35.85426163340378,1.8917134839350922,39.05043536590038,5.57708380638725,1.475173800115718,0.1709875926814708,0.3847557303291175,0.5370828531468822,1.0,0.36021311395996125,0.0827320238422396,11.014928059214224,7.952225520903575,0.0,1.0
2866,bptf,tfap2a,0,1,11.303254085951089,9.999999999998899e-05,94.95719113294898,4.486193541247721,138.36458929772053,2.0177715584813067,7.493679949577626,10.100891789535215,9.999777098846578e-05,1.4571259706281445,0.44977363101461615,0.40182054488188296,1.15026172151262,1.0,0.266138761864967,0.050613168325031696,7.278313648689832,1.800982290548534,0.0,1.0
2867,foxn3,mycn,1,0,0.18378464018708646,3.8700424431482485,7.586153003823021,5.5035353205860105,2.615481289861957,26.29197387574925,2.480764855621623,0.17943752756968528,2.2722290052830663,0.3447704374725757,4.7772881146785675,0.7625407357231624,0.5408385192681914,1.0,0.1732841665022321,0.055998058170649595,1.845964058000543,3.880178934874495,1.0,0.0
2868,bptf,tfap2c,0,1,1.9190773393840894,1.8295294515010143,41.83092495560328,28.30057678321966,63.89925177688045,3.8881701743473562,15.180117481990896,1.8348977361533148,1.7184386379527883,1.5275600968589411,0.1373883721215456,0.39094896999382633,1.0403480346772156,1.0,0.22053531227139506,0.05876252475405615,6.4342652931163515,2.9896350764086743,0.0,1.0
2869,bptf,tfap4,0,1,7.897662033899128,0.00010000003573740202,381.38878595882494,2.7319348766987535,604.9678887092048,3.8621667753834505,3.989245174689529,7.737437947180195,9.999637545940461e-05,1.5862235885837441,1.4137111423572657,0.4049130651350769,0.6140969329481322,1.0,0.2736093346778992,0.056243063886565074,6.878099649859064,3.3439981063627706,0.0,1.0
2870,foxn3,nfe2l1,1,0,1.7270235804365157,0.26789850847427044,0.0465198839122844,0.04481644863648278,2.2760157153936214,1.5985858029030156,6.49051961933346,0.045299671584413975,0.038393621641114116,48.92565337620284,35.669622460930306,0.7565298239223993,0.8272608418367345,1.0,0.08106496123499066,0.02078931977022786,0.3785759683687061,0.26432220141943824,1.0,0.0
2871,foxn3,nfic,1,0,0.7467311301204419,8.831159504731298,9.128429899890515,3.352782207531597,2.594751668349521,2.9208008715628457,1.4925132466274156,0.6902654807000057,2.430162188771457,0.28424950367210927,0.8711573525419096,0.7647691458818467,1.2122064958451202,1.0,0.1307578786230985,0.024631961493567795,0.608436147969621,0.5125100218163549,1.0,0.0
2872,bptf,tfe3,0,1,12.861446465949985,3.4652678054348507,81.98332683760869,93.96396723461396,113.8524613133523,4.901363476686069,7.57955937390437,11.11736717264969,3.3420185470531414,1.3887270217622358,0.0521621598250327,0.3863995727244922,0.8814667270258035,1.0,0.30632148560712735,0.07355875017214401,6.377908850700875,2.810451569772652,0.0,1.0
2873,bptf,tfeb,0,1,8.532802550843895,5.386196947614975,51.415677294422416,70.5067919443334,73.46304266557777,7.200222685801398,7.562356694490975,7.318281022364516,5.003933473978417,1.4288062811057642,0.10212097994028896,0.3778219114483086,0.8951462486474734,1.0,0.3245316728040876,0.06707213650773433,4.562261168460089,4.168006927485826,0.0,1.0
2874,foxn3,nfyc,1,0,0.8771204533285252,7.2796137835806025,2.073708634977947,7.359549652027159,2.2638274609268247,22.26975419249595,2.8615691239490397,0.6164004093598743,3.6596817382016282,1.091680587495311,3.025966974264768,0.7564765706743645,0.43759008104786445,1.0,0.21494139664878745,0.04788269066648394,1.5044505248532807,5.443872145673136,1.0,0.0
2875,bptf,thap1,0,1,8.508632789497351,207.50054666604382,283.457995638027,50.18595562721498,76.27245927297267,22.110123147805403,1.2791366080270918,8.260670094800274,40.4119468227085,0.2690785246727414,0.4405639560207052,0.37549061438675485,1.009400948107512,1.0,0.3352614858840787,0.05918713000503378,6.02576713546346,2.7896373708217546,0.0,1.0
2876,bptf,thap11,1,0,31.13553567329526,3.576490616213199,35.52079095171412,75.8931247094424,54.92770058284611,18.370843024198468,2.2417321021017558,16.5919562300903,3.4155324301763827,1.5463535329917948,0.2420620193796398,0.37001889465659105,0.4786814127662086,1.0,0.4071845914637215,0.08253499749474766,9.185642611728476,6.002653571204545,1.0,0.0
2877,bptf,thra,1,0,4.27804598957473,0.8864027661829968,93.93342847339888,90.80854654986702,132.87308148341012,1.96933324580148,19.190733032712252,4.091696302952152,0.8778340296303573,1.4145452118894883,0.021686650878395365,0.3944164505687418,1.2303613341619242,1.0,0.26404702604474334,0.05135791036138291,4.209641771342823,2.203472293769197,1.0,0.0
2878,bptf,usf1,0,1,11.72616889760651,1.8057010144974424,45.45841027230544,48.560374720506694,64.19726095398764,12.393757839278328,5.058000514165135,9.321621395269684,1.7409638654109787,1.4122196656115455,0.2552236861970617,0.37168382530935395,0.4386367473641599,1.0,0.3543530479935689,0.08923741774179685,7.926004399288273,6.902140539490238,0.0,1.0
2879,bptf,usf2,0,1,12.254946013111562,4.731036200735776,120.22895185266597,145.36059347471402,164.427629044571,6.690843060269741,10.6629867692887,11.121346351540362,4.581909273530897,1.3676209141876916,0.0460292772637423,0.39178400348381487,0.668469310512204,1.0,0.4079833824372335,0.08075853839694619,10.23058605799425,3.325668415313305,0.0,1.0
2880,bptf,vezf1,0,1,5.992810074451921,0.2760737619289839,28.686454476995447,19.26873424226651,46.313876728617025,2.0046649091963635,5.8519401518289715,4.957212201977617,0.2721741727383784,1.6144859158442726,0.1040371870820178,0.38483419853278483,1.1470613215559706,1.0,0.13996431936210524,0.04309532953360816,3.6468334059099785,2.346051371007544,0.0,1.0
2881,foxn3,nr1h2,1,0,0.6538951946074774,5.987796944529176,0.365094127543492,38.538717869021454,1.938037476630092,45.64705927236487,1.7565174670060202,0.23428439375219393,5.182575327722965,5.308322786975593,1.1844467537166645,0.7349543520719466,0.45568790292400985,1.0,0.1739996451301138,0.03982966620133697,1.8221923818249421,0.8691546322722934,1.0,0.0
2882,bptf,yy1,0,1,8.804387168769816,42.52216567973632,257.5952606984608,167.07868567870702,38.61363018420251,230.4912317062834,5.0976902735409855,8.51340617822349,33.895604468862174,0.14990039055649926,1.3795370173638961,0.3654925548487655,0.4807082923536964,1.0,0.48026787754736366,0.11474693724778591,8.83780783052029,12.364567755750642,0.0,1.0
2883,foxn3,nr2c2,1,0,1.8942473304626555,5.923404244235059,12.124675375605289,15.521032947449392,2.087719240067748,3.874088311356927,4.185878076893348,1.6382952131568236,4.287235501404749,0.17218764011350074,0.24960247971083427,0.7478709347633193,0.9340658382765067,1.0,0.0641125177736398,0.019346747516419478,0.5328246366539138,0.43005291634923937,1.0,0.0
2884,bptf,zbtb7a,0,1,7.386802744182399,0.2860016091720705,75.45310987014986,1.4215700922493824,103.44795433766942,2.98913718782282,3.3434098732050046,6.728124420419655,0.23809912848506765,1.3710230700324606,2.102701234444966,0.3833218229722654,0.7203589414946988,1.0,0.25531912741626406,0.05369202559204459,6.338375776155461,2.4558915308755864,0.0,1.0
2885,bptf,zfp148,0,1,8.270659842135917,0.9619813654062358,65.98539581538257,1.9217871118227823,89.73175359056881,2.0944243020420585,2.6760022573204623,7.349471480882127,0.6410789924535845,1.3598729306955293,1.0898315891272332,0.37781681900376707,0.7988495252008764,1.0,0.23638167772738092,0.04595874769389268,4.681328781048122,1.623184046578442,0.0,1.0
2886,bptf,zfp219,0,1,29.97144111737825,4.505710198581248,65.03153335508195,102.81267386693624,91.9944987020301,13.061651981542756,3.308697383624583,20.516081560053333,4.31654014565532,1.4146137105475634,0.12704320868502655,0.3796241382735035,0.5382035299163007,1.0,0.37251258921105435,0.07525134420573942,7.564614085790424,4.217491056822952,0.0,1.0
2887,bptf,zfp281,0,1,6.676677025898968,0.9090764465640135,94.37210515236964,1.5395352774214173,138.47533345148707,3.289522797665405,2.4330274878259956,6.2355236032924175,0.5715709214526868,1.4673333102817832,2.1366985517701544,0.4023541717451525,0.5475800614363394,1.0,0.21406198769920468,0.051475216720097514,6.790340726303565,2.3489649956755585,0.0,1.0
2888,bptf,zfp410,1,0,6.952865104733787,0.2862637037485041,73.46135475043529,0.09683353293408938,101.49612246533981,1.5519865622856805,1.452435851358274,6.351698628808357,0.07235741511686207,1.3816260646178513,16.027366917842958,0.382801912508715,0.848617119771063,1.0,0.2684424930577562,0.05677083278229024,6.066509541572728,1.7998623585605344,1.0,0.0
2889,bptf,zfp42,0,1,7.300033107809282,34.36615911973271,192.0789969606354,129.3633505495381,32.62013659113701,1405.1132472489735,4.945333270451172,7.032750819612688,27.15284189287212,0.16982667083492825,10.861756759391469,0.36319615417619056,0.2536799215484071,1.0,0.5526737838715424,0.2493561263032613,24.145771523126808,118.66270260807883,0.0,1.0
2890,foxn3,pou2f1,1,0,2.0838056920883314,2.088734308753079,4.822911912154527,2.963054484064004,2.0063526741243636,3.467774019443267,3.463562066579625,1.4551067338867902,1.2251172432958903,0.4160044202897479,1.1703375817399788,0.7432848848424057,0.8491667396316724,1.0,0.11735125703623508,0.026468478810809784,1.1698195939214626,0.7453429238819971,1.0,0.0
2891,foxn3,pou5f1,0,1,0.6585774009430423,6.068637625961271,0.35923179305521374,80.31986974223604,1.9232232632349224,2165.363352592262,1.6309354377184206,0.23244233005701936,5.642326722379313,5.353711170378854,26.95924880781536,0.7384470588235293,0.27346869297646675,1.0,0.25674652405999876,0.18223538452884716,8.80632450836967,78.86176966541024,0.0,1.0
2892,bptf,zic3,0,1,3.994272487925487,0.4029100831831579,107.1207347216559,64.731404989686,150.76015338255516,3.448179410696548,24.98296208318192,3.8506896082726416,0.40041774815285863,1.4073853561058238,0.05326903396034684,0.3968012702690327,0.9562528128458453,1.0,0.20471125466979356,0.046504579652921825,4.283734286375627,3.6556258401649298,0.0,1.0
2893,brca1,ccnt2,1,0,12.64237643872555,1.9070830589509178,1.1600190470609886,8.22198288398551,4.8723070922995815,3.3001109248490423,1.3449885641540642,1.06252552204716,1.548020751110593,4.2001957680298485,0.40137652576203764,0.6785795602176143,0.5152777521169649,1.0,0.1896722793016148,0.03552519182301106,1.1515821670569517,1.590927607916804,1.0,0.0
2894,brca1,cdc5l,1,0,2.567677314078707,5.72783954415556,34.539431993918214,27.545682076126216,4.72807505520129,93.929551085495,5.988965064679411,2.3900033612382576,4.741825913918295,0.13688919539944436,3.4099555358951723,0.6787139980793352,0.25645475513178284,1.0,0.4139156000552416,0.10842276208839778,6.340580499462184,18.91122177558733,1.0,0.0
2895,foxn3,pura,0,1,0.857995712442601,7.591048079670124,1.7355229218225574,13.593017743335615,2.234551123372777,15.871273411872288,3.3889263379943877,0.5741509646764191,4.870889851815478,1.2875376609985454,1.167604847691283,0.7514139891128148,0.6636777797156174,1.0,0.21952881613608075,0.03588925776503088,1.097366163599903,0.9579183671332212,0.0,1.0
2896,brca1,cebpg,1,0,1.2711964596083813,0.8365114930472417,2.371132340384919,1.6918835737097586,4.856724132175568,2.832960580978707,4.281795502905676,0.827540620815394,0.5597543172401994,2.048272063712458,1.6744418026158454,0.6826863898016683,1.0877598956067855,1.0,0.17636739622583805,0.029659220450484802,1.5556047736423362,0.6784543578315255,1.0,0.0
2897,foxn3,rad21,0,1,1.5949978494605608,2.6047455927853713,2.2381079835552895,2.4981165434318973,2.209026106016794,12.367811640798433,3.3551608253086407,0.931301554442741,1.27515850576987,0.9870060436081828,4.950854544122913,0.7543396371095287,0.3718322551465147,1.0,0.10140258672695318,0.030321905560328818,1.3332313128578732,2.27537236319658,0.0,1.0
2898,brca1,clock,1,0,2.060447669765658,1.6109013061149087,3.2526580125366777,6.043149911704326,5.602140578954484,1.6683679237385967,3.228046389466118,1.2613962573339284,1.2718647692282274,1.722326957633488,0.27607587898941816,0.6925061945130635,0.9022899240894071,1.0,0.1571520457771944,0.030693840589446235,0.8533721762831677,0.9952663727753279,1.0,0.0
2899,foxn3,rara,0,1,0.8802955208001437,6.141167989341589,1.8721419215368853,24.08687124363924,2.286881290311253,9.32645214698513,2.9984155896106657,0.5987558963126822,4.893520267878883,1.221532013146684,0.38720064771583895,0.7564399328930322,1.0551488335099062,1.0,0.09461692777898888,0.017887991922542618,0.21286950544548486,0.7582968089882736,0.0,1.0
2900,brca1,creb3,1,0,1.9767581041713553,1.2317646685756174,2.317789557478394,0.7681070103013525,5.343749628125955,1.4017136912608388,2.9373646217395244,1.0668665602255982,0.4730938924570163,2.3055370194779936,1.8248937614967249,0.6803820189938896,1.07547052154195,1.0,0.036214177309441056,0.01770244020708672,0.3120566032185046,0.6405919698834133,1.0,0.0
2901,foxn3,rarg,0,1,2.3880924301140443,1.9889288230434758,0.0024913585183103937,9.999999999998899e-05,2.5200053196408825,1.9392056811159728,8.845751232000394,0.002488762136917584,9.999497242075829e-05,1011.4984660457126,19392.056811161863,0.7628605161072693,0.8030019436284309,1.0,0.12645841201687474,0.026000832952712258,1.1627538124037524,0.8212871853029632,0.0,1.0
2902,foxn3,rfx7,0,1,0.6589019198984944,0.41205649085145957,0.014900434591071321,0.009044510307209028,1.9122534471269959,1.6067565200431286,11.733066513566524,0.014570927058894487,0.008850250102478745,128.3354143424019,177.64991862107178,0.736328125,0.8782426412787144,1.0,0.15326244181425364,0.02629937620401316,0.43101474632969666,0.9529064810217092,0.0,1.0
2903,brca1,cux1,1,0,3.993702618338715,3.4781012444688333,1.8531138074111027,5.520986905603313,5.152799839282973,1.4569460984072715,2.386302760963312,1.265780371031273,2.1338330180620653,2.780617045038213,0.2638923299978488,0.6803996395760638,0.8879037758075514,1.0,0.19166394940416015,0.03111944345042532,1.0369684053409542,1.2835380364297904,1.0,0.0
2904,brca1,e2f4,0,1,0.01834619204018493,3.585209010887485,246.99816316411938,269.3664688518034,4.9802630384837725,1561.0644308018923,62.820858691191404,0.018344829448011423,3.538117438663427,0.020163158197960395,5.79531831655238,0.6799599497370411,0.36799473365207097,1.0,0.39854612326729244,0.12850252903387568,7.998717348722353,26.469697474203024,0.0,1.0
2905,brca1,e2f5,0,1,2.3495222642705067,1.5790927885725718,3.570739809747079,6.995806186393562,5.858474240014829,2.4898160366475137,3.0884705724104196,1.4170880575941334,1.2882982215226728,1.640689199482668,0.3559012314392102,0.6952384584580766,0.7564308265617722,1.0,0.20833056463285207,0.04283953378819808,1.2835865267833861,0.8821028618567355,0.0,1.0
2906,brca1,e2f6,0,1,2.656520706338948,1.4412315968974987,4.225199597042728,7.7042800674928005,6.682288258223026,1.738079643407667,3.074814253715815,1.6310355148324398,1.2141094202364084,1.5815319737557596,0.22559922902352242,0.7000985080539106,1.2558971312591274,1.0,0.17992358163980865,0.035845844731063586,1.285816218707546,0.4486912478901223,0.0,1.0
2907,foxn3,setdb1,1,0,0.8749570815396037,4.537747976748979,10.841338760881888,6.935913183448278,2.2623919653918843,10.984220310662478,2.7325551142475,0.8096164734811716,2.743102273603999,0.20868197325916327,1.583673269855078,0.7515049370575412,0.4433180017462947,1.0,0.15570915636520566,0.036638663713777796,1.2555616245104648,1.2148935052595151,1.0,0.0
2908,foxn3,smad1,1,0,2.4274129558232618,2.3994460015899195,9.999999999998899e-05,0.2514080319238534,2.2515760323034466,2.1323882912778127,7.416591761977324,9.999588055750528e-05,0.22756439597983874,22515.760323036946,8.481782681961695,0.7511177267509568,0.9579781677239624,1.0,0.1180736459311585,0.02806097869724262,0.32304224863620923,0.7066458553009454,1.0,0.0
2909,foxn3,smad2,1,0,2.642962981276405,1.0478573629118644,0.03460754249667186,0.00010000000000003586,2.6616731958502693,1.8458934823781863,11.658102149931805,0.03416024074046219,9.99904576270788e-05,76.91020522784122,18458.934823775242,0.7645879943316847,0.750968518180559,1.0,0.17499723024588884,0.028914929787377856,0.7070388249562038,0.49088217241297055,1.0,0.0
2910,foxn3,smarcb1,1,0,0.9091229525192266,6.512831097844921,1.5769846501663907,9.997659371511606,2.1896349594667193,45.04516872044035,3.463639318843036,0.5766737287187585,3.9437391021963495,1.3884947828982905,4.505571458935363,0.7540252848598015,0.29965972438280225,1.0,0.1933808254781752,0.05955998550818062,3.304235395099384,4.008121929257467,1.0,0.0
2911,foxn3,sp2,0,1,0.8744297803431983,9.020894033888505,13.945910396438231,2.8562213285646267,3.070258411846764,7.224449829696301,1.3991771279864973,0.8228366703585185,2.1693541871089503,0.2201547496412213,2.5293732518014966,0.7724864518384708,0.5752915504572921,1.0,0.21045637101829318,0.03875560178802738,1.6957358203952306,1.0176202936560534,0.0,1.0
2912,foxn3,sp3,0,1,0.9756285768339825,6.629932616599619,1.6272271771845261,28.13288706881629,2.250062972044785,12.562220389910557,2.8077328661277585,0.6099336594473567,5.365478038448917,1.3827589678891097,0.44653150454064366,0.7510760066902951,0.5665819150922418,1.0,0.026104673976238772,0.0207304080580111,0.7387134979714228,0.4445613128334617,0.0,1.0
2913,foxn3,sp5,0,1,0.8810484789208748,4.732394635620319,1.0308102678250743,14.026468407264932,2.087967230980983,113.05722300100983,2.4891657920972534,0.47503186104573836,3.5385291579499105,2.0255592092484913,8.060277164453774,0.7507948510888284,0.8866549477855292,1.0,0.20153193423136395,0.06705834509839631,2.515036162956965,16.755554472215525,0.0,1.0
2914,brca1,etv5,1,0,1.9246499260830288,8.075066049494302,15.997597733664351,8.0557505888805,5.081919764067882,10.488195380618443,2.2379376025861646,1.7179639451560347,4.032698377384605,0.3176676804026523,1.3019513532476403,0.6816749874130086,0.3872133633065181,1.0,0.21010457467366894,0.040809422607805734,1.2245744507722998,2.407451609345485,1.0,0.0
2915,brca1,ewsr1,1,0,2.0629277222673346,9.22112457382373,14.027545746944869,5.0985813706216305,3.8921726826827903,39.672313439407965,1.7813011180189426,1.7984438464235335,3.2832136463330137,0.27746640452272175,7.7810493852275275,0.6583980638153699,0.23888380513137186,1.0,0.40769887132428384,0.09672059830192016,5.709291241841631,17.383842855099843,1.0,0.0
2916,brca1,ezh2,1,0,1.8351781937989282,5.851423196685321,18.02356148646922,8.92807249539761,4.348100670685619,57.748008283894244,2.7829741774144994,1.665586414198662,3.5347573144354776,0.24124536507115182,6.468138370702427,0.6733780774732098,0.3210905687094114,1.0,0.4102857012710713,0.12369379379176612,5.929616813284696,21.292876699844243,1.0,0.0
2917,foxn3,srebf1,1,0,0.7805536013696917,1.3069200584316008,0.07310283227899872,0.12749564801072175,1.9365625670482571,3.006521442945232,8.67894660815629,0.06684267435531269,0.11616340995123318,26.49093758306545,23.58136524544272,0.7316196147352907,0.517653211577602,1.0,0.10360754274846616,0.03123428813170103,1.3607717547752212,0.4008665182741285,1.0,0.0
2918,brca1,gabpa,1,0,3.290450938796169,7.9722201323758375,26.615257380276883,10.510177497491233,4.562667984493745,9.596366400289599,2.6049683444597913,2.928410780271672,4.533472892334139,0.17143054148613607,0.9130546465633183,0.6743015265046631,0.5570609145008049,1.0,0.34130098603259695,0.06415385841166835,2.941153842124209,1.956067858215535,1.0,0.0
2919,foxn3,taf1,1,0,2.6064844946617622,0.85424829368516,8.353783422123003,10.756524788301958,1.8567950636356894,13.52234696353046,4.538947710150241,1.9866309041753396,0.7913980302176807,0.22226995479897294,1.2571297170473141,0.7285708634943237,0.47272375177534776,1.0,0.10388325391910896,0.025977201239803314,1.0482332282096667,0.8622648144080145,1.0,0.0
2920,foxn3,tcf4,1,0,3.910508692455633,0.00010000000000000006,17.991004684416733,13.59174851254203,1.8890643826314015,13.866333439458032,5.6007226359286655,3.212288529737597,9.999926426490186e-05,0.10500049417849645,1.0202023254522863,0.7298549174530337,0.5364392156862744,1.0,0.1930090936959092,0.04077886158023439,0.9178231539801118,1.832954821443991,1.0,0.0
2921,brca1,hic2,1,0,13.272333320360106,0.871996569902751,1.467304629043657,8.589415341549001,4.79117874084905,5.214265528728746,1.2232968990956017,1.321237074209311,0.7916303386215794,3.265292459393241,0.6070570954353703,0.6804733727810652,0.4359243653243234,1.0,0.2345991013819006,0.04309099829451608,1.7196671074671448,2.102771378307829,1.0,0.0
2922,foxn3,tead1,0,1,2.7221782925308213,3.1973437667599662,9.999999999998899e-05,9.999999999998899e-05,2.4530366664468763,1.73682118797865,6.639061390604678,9.999632660626307e-05,9.999687250167176e-05,24530.366664471465,17368.21187978841,0.7576675354736723,1.026915637268984,1.0,0.07875709990142771,0.0181608897417641,0.6842482386232132,0.029402475441860407,0.0,-1.0
2923,foxn3,tead2,1,0,1.021547596603526,5.817467306435269,1.7144059458473513,57.71598422270296,2.237366823285132,54.43553980953688,2.4873823299427045,0.6401231769506923,5.284788456996058,1.305039117896494,0.9431622893147217,0.7505449453134703,0.5279076977758771,1.0,0.11380917006518995,0.0351717461356239,0.6938413192244637,1.2317006500068577,1.0,0.0
2924,foxn3,tfap2a,1,0,1.7891495406789646,1.2267580234784572,1.1145163122511423,0.7697177509137229,2.573658619913941,2.240217730124273,4.209070648006914,0.6867306532985367,0.4729621259915753,2.309215748233929,2.910440518573122,0.7609774406179572,1.1658588924705051,1.0,0.07151085044263608,0.01656505840509278,0.3889830674192972,0.283562882223394,1.0,0.0
2925,brca1,hsf1,0,1,1.7890961941172756,1.6689426154828828,2.6797976929891756,3.336858753480548,4.625161316620919,3.989706518293408,3.7464018152286345,1.0728417310072915,1.1125143338805663,1.7259367484049855,1.195647407650054,0.6776070842130657,0.8062062233107559,1.0,0.17226402126868248,0.03225923713102007,2.0688217511157454,0.6129147356190813,0.0,1.0
2926,foxn3,tfeb,1,0,1.129352445302025,2.6877787344452884,10.805047567015382,4.635817498902025,2.117530204370919,7.122321408973527,2.9173725332926104,1.0224818071138215,1.701356996386901,0.19597601872990483,1.5363679460333417,0.7444046903972211,0.89037763883188,1.0,0.20883602446127209,0.045285382086426185,1.1380357012409361,1.3459830669988744,1.0,0.0
2927,foxn3,tgif1,1,0,0.6809606103131948,6.28741262760782,0.3635195101027322,75.54416654871247,1.9202142813276681,158.22392109985446,1.631706056493428,0.2370006500092459,5.80432824933101,5.282286721791101,2.094455843891379,0.7339299227813412,0.3326473228812414,1.0,0.20981747439266404,0.05235505049249619,1.957055899423331,4.753362757323158,1.0,0.0
2928,foxn3,thap1,0,1,0.00010000001495868993,10.197325332916707,4.629505234014733,90.10783814409842,2.5620021457489335,32.25089311236792,4.246256575482192,9.999785494666165e-05,9.16063449526932,0.5534073332339989,0.3579144031931275,0.7648484667789687,1.018924310966248,1.0,0.16414503997856156,0.03185854035085289,1.001804316685847,1.0867386254625406,0.0,1.0
2929,brca1,irf9,1,0,1.8950832305862044,2.1144129050934675,2.7466768352894007,3.021586272992535,5.466299964828172,1.0854899265145526,4.05732008688377,1.1213809280369693,1.2439412055843804,1.9901503863130012,0.35924505489611563,0.6902721118813518,1.034640937386475,1.0,0.092717268279503,0.021416472432761596,0.6637265081836875,0.017077821796225842,1.0,0.0
2930,foxn3,thap11,1,0,0.47804043437153615,6.6887056293082585,0.19977967835166555,25.392970426868626,1.8470994040771194,27.59839256569698,1.7496093238648314,0.1408969170804703,5.2941780205511675,9.245682140030937,1.086851679884397,0.7308611817223635,0.4859100299510557,1.0,0.22043774075159245,0.04350645614961603,1.9814511037578197,1.461675583991895,1.0,0.0
2931,foxn3,ubp1,1,0,3.4356076275184457,3.5712208193671584,2.9037836042509477,2.5079178641999005,2.41464626461714,4.024566508524322,3.716244573868932,1.5736938666022473,1.4732890555867684,0.8315517248193898,1.6047441449236923,0.7589567771731196,0.6255632064979141,1.0,0.12695693499833888,0.027634392252006628,0.6097655970896094,1.1541639035577371,1.0,0.0
2932,brca1,junb,1,0,0.00010000000000076614,1.5123024838567025,4.6012202165330045,4.68941420309913,5.536071239370251,6.399485546651345,3.8372312588255038,9.999782671146447e-05,1.1435241410005126,1.2031745882273055,1.364666303612521,0.6895085066162572,1.5269881567193424,1.0,0.10253164438223461,0.025663073726908726,1.1944853341458685,0.9466414611698,1.0,0.0
2933,brca1,klf10,1,0,1.8296592482227851,1.9103347726705964,3.0709799843940786,3.115403755505768,5.534072172501073,3.432130725050824,4.198229303583706,1.1465538805951474,1.1841969278116775,1.8020541327601574,1.101664822411963,0.6912922118240654,0.7439674523007856,1.0,0.18501089678413343,0.039890670836433925,1.15143723662154,1.6683212803352152,1.0,0.0
2934,foxn3,vezf1,1,0,1.080214439306365,0.324932255360102,0.30972283825575986,0.06629323791659068,2.082869323975475,1.2326304665171575,5.203450411637079,0.24070660415240772,0.05505983552080791,6.724945876466183,18.5936078136361,0.7387933990250592,1.1169984539947913,1.0,0.06496780356380895,0.021280194734037125,0.33831561544443306,0.3607425307342309,1.0,0.0
2935,brca1,klf16,1,0,6.744833839035604,0.10124384967565522,0.0001,7.800684809157761,5.159376111356462,1.7921656838670252,1.0129938541605765,9.999851740576873e-05,0.09994665787100789,51593.761113564615,0.22974466059224424,0.682778875238941,0.975816061718805,1.0,0.17695441231822018,0.030505049794324147,0.5886674969624496,0.9995007668211705,1.0,0.0
2936,brca1,klf3,1,0,0.4968884671115526,5.40745423898339,8.400957669135213,3.3893052655041442,5.22562016423568,16.10884899087565,1.7230024812908418,0.469140386849444,2.0834391477690852,0.6220267224336105,4.752846890136799,0.6817149934321637,0.4044951238050624,1.0,0.22310355477649896,0.05348618944511683,3.1274887491497374,3.6763582105000414,1.0,0.0
2937,brca1,klf5,1,0,1.2896643097954676,5.011187838224491,23.47008367652668,28.015077703695617,4.625980274750397,64.60515743936101,6.712174169840894,1.2224893921477182,4.250823227272808,0.19710114111680885,2.3060852489029005,0.6739366719495904,0.29307882219512815,1.0,0.2697987148162361,0.06944902070335356,3.6599068825447922,6.614468758698282,1.0,0.0
2938,foxn3,yy1,0,1,0.6916209843618005,4.8186706211472385,0.37970186281998053,934.2670402357749,1.9288788638280152,1438.6839112201599,1.5338076835284937,0.24512664582705845,4.79394488388315,5.079982619791652,1.5399065248594113,0.7355564372832817,0.47188885716205325,1.0,0.18036380865248455,0.0434385186369582,1.5586990501550506,5.309277173792591,0.0,1.0
2939,foxn3,zbtb7a,0,1,2.1300967960077752,1.8638599164231806,0.00010000000000030525,0.2731726585123078,2.0928800866990978,3.59600603749123,7.612844722772794,9.999530559835196e-05,0.23825353643905883,20928.800866927093,13.163857821917459,0.7421959713960758,0.7544877922802415,1.0,0.17630129602027575,0.033148701293603436,0.8731140206532721,1.258130886965675,0.0,1.0
2940,brca1,mafg,1,0,2.497853664543124,9.545952039023625,22.786203540451382,8.557334768232453,5.463595486095363,21.710727096235164,2.1043265743960626,2.2510865860285643,4.5123246485093835,0.23977647160028537,2.5370898397982846,0.6900939968985002,0.37022086634677986,1.0,0.36978744464791824,0.08013192976532726,4.249875615441661,7.523410355893126,1.0,0.0
2941,foxn3,zfp110,1,0,4.90872989859791,2.959814303326547,0.0001,0.7870378048726285,2.697527213791454,1.7160899798407536,4.735561480128004,9.999796285465038e-05,0.621718094243207,26975.272137914537,2.1804416118466885,0.7637097585937448,0.6581752502676766,1.0,0.054652682802156065,0.01919099569880807,0.6139150190579598,0.6157146893366054,1.0,0.0
2942,brca1,maz,1,0,0.5712209648791731,14.554596734048214,13.442759901218897,57.137487569308185,4.046343413749088,96.73673146907375,5.135043369745528,0.5479375457111874,11.599789545092635,0.3010054068868844,1.6930518926253344,0.6638320846408319,0.3553273902019235,1.0,0.31577320450445523,0.08119702276060244,3.4224197943211174,7.68958578439303,1.0,0.0
2943,foxn3,zfp219,1,0,0.9334798875855075,7.329944384511684,1.4508943717440317,12.810899587276444,2.185248554640811,11.362721074441788,3.248225757091415,0.5680235431726652,4.662326048592252,1.5061389700023835,0.8869573129530295,0.7508343107768825,0.5365992703676282,1.0,0.14073985860813243,0.027309046290336318,1.5146983182059142,1.6413941490854538,1.0,0.0
2944,brca1,mtf1,1,0,2.4112832097352035,6.7483515444234135,36.42536398666071,35.87891787023979,5.120514256151362,9.898534739260077,6.56669602107446,2.261571863950172,5.680015495869091,0.14057551375537494,0.27588721530173405,0.6847715960171507,0.8931453048848734,1.0,0.18222459961406978,0.037992665628135795,0.5515427232484085,1.2729587860387834,1.0,0.0
2945,foxn3,zfp410,1,0,2.348296721103234,0.19147222527760246,0.00010000000000021103,0.01056163872883882,2.369391865898964,1.512863385665879,7.359422021937688,9.999574177590415e-05,0.010009512414831622,23693.918658939638,143.24134961509026,0.7586666910866766,0.8410635457338753,1.0,0.08474661233044688,0.026813756542284333,0.6906312491551551,0.36716056133772823,1.0,0.0
2946,foxn3,zfp57,1,0,1.5024326455125496,2.4117939569093894,9.05446386098328,6.489245986455719,2.058198293656722,24.005098664218174,3.924162061422174,1.2886099701729854,1.758302889843626,0.22731310492338855,3.6992123143923568,0.7475704490042557,0.3275975623596868,1.0,0.18693023814584145,0.05219867173151433,2.252420912494518,4.2396258983227,1.0,0.0
2947,brca1,mycn,1,0,0.6954753587421214,4.077445217727891,9.430222456584547,5.909724835162683,4.567434695532738,26.68834560116603,2.6300096052118502,0.6477071966421863,2.412753476671561,0.48434007962808745,4.516004779507023,0.6774962962962964,0.5366821305134263,1.0,0.25128325086200376,0.06405647882919908,3.426398217957469,5.594428188998158,1.0,0.0
2948,brca1,myef2,1,0,0.0008962312894537579,3.2045383750784837,8.030600314101317,7.2763044807841775,6.284419277758234,6.5854448839445014,3.2656677425003693,0.0008961312793846933,2.2247444464245065,0.7825590904733635,0.9050535063968047,0.6964035674787951,1.4221543059656188,1.0,0.10322105767977842,0.0305189399138437,1.0973374453707547,1.027358696263328,1.0,0.0
2949,foxn3,zfx,1,0,3.292849548305483,3.9751864321474057,0.00010000000000875975,0.0001000000000139778,2.3129039372637106,2.5630994856292606,7.422520464972276,9.999696321762309e-05,9.999748447197259e-05,23129.03937061106,25630.99485270996,0.753616952935313,0.7836944159959062,1.0,0.12877542519024224,0.02663754212952669,0.35267898077071974,0.33553803701205176,1.0,0.0
2950,brca1,nfe2l1,1,0,1.6043418891869687,5.1818777653612536,4.050134928984922,5.2846594461924195,5.597426745154809,1.6970194090008894,2.8199330246491487,1.149142764640524,2.616381973161285,1.382034634228268,0.32112181045527666,0.6895503561791131,0.8338349697432412,1.0,0.18485065263464157,0.032133796832729614,0.5664012640318575,0.649617275474743,1.0,0.0
2951,brca1,nfib,1,0,5.199873317831745,0.4105342570897293,1.4412212922580865,7.0831802165391595,5.642430857353604,2.5882381736042217,1.3511876260817333,1.1284537538913995,0.388043624862238,3.9150343445961155,0.365406229190768,0.6920574075819621,0.8088704096674698,1.0,0.1840441354524627,0.037356847865418874,1.495263982112391,1.191137885784852,1.0,0.0
2952,brca1,nfyc,1,0,2.1871713788277214,9.074588014186729,20.397617900354877,7.814829155127332,5.815514131114881,23.055403440676265,2.060745880818312,1.9753598546541256,4.198863363555349,0.2851075140011179,2.9502120882002325,0.6939910634661117,0.43861795655356695,1.0,0.35651174723080864,0.08347157952244995,3.976665865646493,8.47571293456888,1.0,0.0
2953,brca1,nr0b1,1,0,0.687313565811404,3.9152517355984546,10.823719022091678,7.659547972804869,4.793236088031705,34.6520993941875,3.144066355371634,0.6462746812334182,2.5908922184331002,0.4428455762985442,4.524039736707617,0.6795643688511559,0.6598154830216121,1.0,0.2488342011167876,0.06710673213568275,3.161580828475822,6.446583839991573,1.0,0.0
2954,brca1,nrf1,0,1,1.7334359765521508,5.2948439079808285,28.105483779071413,22.520126648289605,4.980826014074195,33.07824026198576,5.473230217975084,1.6327352705810838,4.286920065201079,0.17721901011300642,1.4688301171031843,0.6838364076539424,0.497142047867557,1.0,0.30524217828937183,0.07163167190548358,2.864156824569358,4.703576840579359,0.0,1.0
2955,brca1,polr3g,1,0,1.9182796525020205,7.92339464706068,15.495466347038777,4.037126851592001,4.900959144865494,9.423251665018592,1.6963933348124403,1.7069640156884185,2.6744443617289035,0.3162834234932258,2.33414802443045,0.6828682896090298,0.6511883875185942,1.0,0.32919695884043737,0.06378172279549318,3.155890440258713,3.2697023388249566,1.0,0.0
2956,brca1,pura,1,0,0.46616589664882935,3.8305924407350807,48.38415191147847,59.871105255435594,4.890932639711421,51.59112898069622,15.30970678362689,0.4617173965581656,3.6002463278731813,0.10108542666325242,0.8617033001242673,0.6789036799032143,0.6783831064644688,1.0,0.2290679011796741,0.046448233891721855,3.0735356322338023,2.5845556196808697,1.0,0.0
2957,brca1,rara,1,0,1.4590184703718505,4.6001762656685115,26.715402935776847,25.701924166897935,4.832598705403922,9.776274552731154,6.632915749545473,1.3834628851763495,3.9018213208582515,0.18089185167902452,0.38037130952717657,0.6809690363421225,1.0593665135429466,1.0,0.18136991124765256,0.03378112205933637,0.8366968024262013,1.4279984342193912,1.0,0.0
2958,brca1,rela,0,1,3.6045484598364532,1.4195881919980526,1.862372434385833,4.861053588177154,5.336898403584627,1.428779082323511,1.9595914517584974,1.22793283822745,1.0987243845410888,2.8656450799244197,0.2939237464484091,0.6862138204037866,1.0453685370950316,1.0,0.0975825914541,0.026767230302450543,0.5794388546384648,0.6358410496503799,0.0,1.0
2959,brca1,rest,1,0,1.1788450401373294,4.3082361450689,53.80672188008333,60.080025584739275,5.075217637058782,240.42163515697894,13.417275792537897,1.1535715782728244,4.019970890144562,0.09432311539754636,4.001689959633566,0.6814152676321074,0.29769748450918526,1.0,0.3608229441684353,0.11043146701098684,6.166717862260821,22.595495525528214,1.0,0.0
2960,brca1,rfx7,1,0,3.6370945299287842,3.0423093024983903,0.6860647147700069,2.335683056349728,4.34611842691116,1.591890832590728,2.736861942528092,0.5771895227609174,1.3212867954953018,6.3348519947832225,0.6815525883372979,0.668376753309964,0.8735284963658666,1.0,0.170184690152296,0.03164137031513667,1.3196217596613722,1.1619754676403904,1.0,0.0
2961,brca1,rxrb,1,0,1.8133740132566478,2.2917040705387905,3.1129215147325136,3.2748153853978073,5.226268203142596,2.2527046956935917,3.843936284155651,1.1458693348889728,1.34822267457906,1.6788949475302393,0.6878875388634907,0.6868564195953547,1.1288218015707279,1.0,0.19218477432589695,0.028303279445740844,1.5571444103086454,0.23963102467248787,1.0,0.0
2962,brca1,sall4,1,0,0.8319704204099635,17.721413323218933,42.32098014140597,150.79155128239245,4.334570664469923,158.49483177604486,9.695936082744428,0.8159303867291702,15.85776745533356,0.10242132034718801,1.0510856240163364,0.6712332990401717,0.5316311370771849,1.0,0.2064314262483111,0.05339754720954863,2.281615211049626,4.150216905042245,1.0,0.0
2963,brca1,smad4,1,0,2.742534124713669,7.865800727129236,26.39996067362573,14.864130556455056,5.026271131162519,5.54339420049549,3.1899114738299845,2.4844404550650583,5.143803009362692,0.1903893416092812,0.37293766893672475,0.6847779792725296,0.956588882785743,1.0,0.21210468435267923,0.03538794224765577,0.6347493618694733,1.049911751021074,1.0,0.0
2964,brca1,smarca5,1,0,0.3605510623150958,14.445795705044361,6.418814753352848,41.98146542884635,3.8007631377252826,220.10335875352615,4.125548913312279,0.3413756597669541,10.747565286652806,0.5921284978258589,5.24286983565582,0.6574927196984726,0.16554303446203103,1.0,0.4465079272708363,0.1315265706950387,7.845014624446647,50.08473173320728,1.0,0.0
2965,brca1,sp2,1,0,0.6935664338375147,4.448005634366237,15.722412946637098,21.82420501417955,4.720555289046709,17.51884353691822,6.067972508360289,0.6642636193664977,3.694937901010159,0.300243690651593,0.8027253925417184,0.6751060876462424,0.6018979988966786,1.0,0.15965887948948132,0.04043604533426311,1.3067097976329984,1.7580697726180934,1.0,0.0
2966,brca1,srebf1,1,0,6.598891211711123,1.1434108034065489,0.003195487432281259,12.585175933826202,4.9532398338983405,3.005801719175469,1.0913827028709262,0.0031939407788676957,1.0481797144117078,1550.07332648535,0.2388366865096046,0.6796622840308668,0.5202892164717193,1.0,0.3279961408590761,0.0522829932071119,2.291989969423188,1.7067379754269019,1.0,0.0
2967,brca1,tbx3,1,0,0.7271367979834917,5.208828618599575,9.38303044842612,7.410777326755691,4.994379751664445,18.776251507859484,2.6104834237405306,0.6748401435271126,3.058848999946899,0.5322779009527978,2.5336413010373633,0.681038839801126,0.3386122175388846,1.0,0.1836253133815315,0.057063048202208116,2.5366373478489495,4.505120551302326,1.0,0.0
2968,brca1,tcf4,1,0,1.3552875115350782,4.900234023143017,14.775369480610843,10.20663561428608,4.4389919684843075,13.805047022366754,3.365668226988244,1.241417119286499,3.3107390411995015,0.3004318757855381,1.3525560766609548,0.6694104014378354,0.5384016296689309,1.0,0.2404142809672085,0.048565635583515,2.5073433560941507,3.0482413768910916,1.0,0.0
2969,brca1,tead1,1,0,7.344256215578842,0.34763979747371027,0.0001641103693502306,11.757018458585442,5.4133670109325465,1.3960230998929826,1.0295917081482404,0.00016410670231973223,0.33765575445233315,32986.1362957498,0.11873955159724624,0.6905858902721955,1.0075713734567904,1.0,0.18127524005021267,0.030606807904812943,0.7271618386335222,0.5144613355073868,1.0,0.0
2970,brca1,tfap2a,1,0,1.4878438471817819,2.3142056187409756,3.546524181482132,3.9255955791372186,5.815456171789604,2.0005308123478436,3.827461822587533,1.04813040132467,1.4559174335927976,1.6397621654899472,0.5096120504566921,0.6927980398005268,1.1446756850502948,1.0,0.18426373786035113,0.02728541662350538,0.8984242572723252,0.5944617184313938,1.0,0.0
2971,brca1,tfap2c,1,0,1.6195602931899926,1.1460809910945147,2.2584072289429025,1.6759940005509064,4.976806540472335,4.259536034400879,4.030740653807846,0.9431813580113376,0.6806427436926116,2.203679866363977,2.5414983782762657,0.674569609979068,1.0534275777481243,1.0,0.10121388241515702,0.037579995796483745,1.4371646172640704,1.3720511698310034,1.0,0.0
2972,brca1,tfdp2,0,1,1.866762649767351,8.336081197829424,19.89558920654196,10.144066275228525,6.069001665654906,11.80228583029826,2.424893524937191,1.7066327697996162,4.5758163061063195,0.30504257012199115,1.1634669480737772,0.6954386765584226,0.6285858154296875,1.0,0.24842113813246994,0.052014877074026605,2.5710622382171127,1.5610544002352216,0.0,1.0
2973,brca1,thap1,1,0,1.5192890839503288,3.2071090596211063,64.44813494944549,60.56426370827905,4.715328274201801,21.68192165699991,15.06727396535992,1.4842984904197691,3.0458211952726524,0.07316469713050047,0.35799860065063455,0.678658561573663,1.007672922197584,1.0,0.23537030572991932,0.04427908577380836,1.7041113007446835,1.188030564760782,1.0,0.0
2974,brca1,thap11,1,0,1.6759400678302896,5.022519297644886,23.014087729710152,19.464482725606853,4.47958958730749,21.945520425129384,5.11900373361363,1.5621785470255705,3.992352351472295,0.19464554232686535,1.1274648668807703,0.675097214209424,0.48126698904389226,1.0,0.2662063360779242,0.050949483567413,2.525265827483798,2.4694666847496736,1.0,0.0
2975,brca1,trp53,1,0,2.8157349484371146,7.348407628750423,48.43218301106273,35.57931632252123,5.820421032059783,317.1113810605896,6.11148720574845,2.6610288917712457,6.0905003905382795,0.12017672279464049,8.912801420522586,0.6941682343456059,0.2731934495080357,1.0,0.47357832934431077,0.16135321260509136,10.17787896167238,43.49173824687598,1.0,0.0
2976,brca1,usf1,1,0,1.8682033374698492,8.310689780112767,13.795238824605175,2.045019250404062,4.959499968935103,10.3374941917533,1.4148186678031318,1.6453797924265983,1.641174016610884,0.35950809058045036,5.054961800340404,0.6827264291387986,0.4304320034603993,1.0,0.3081989014328167,0.056953694503540576,2.9722542163704917,2.743905695328422,1.0,0.0
2977,brca1,xbp1,0,1,0.00010000000000038122,4.366272125632865,82.77853896708861,182.92790758622175,4.515730522984673,123.65008239310282,42.58532118536357,9.99998791962689e-05,4.264483953120466,0.054551947634398974,0.6759497991569233,0.6741536924702761,0.7296971025923057,1.0,0.15075372746264,0.03712405815307917,0.8838789414097341,4.951749220642524,0.0,1.0
2978,brca1,ybx1,1,0,1.5021758181378386,4.581203791374049,43.78362819291776,41.47257989252998,4.874751211132835,1810.9281862927455,9.450638800866452,1.4523471303652378,4.12548818020625,0.11133730602804068,43.665674790078086,0.6766590241783913,0.2721837641392345,1.0,0.4156726364657217,0.2710622762948599,14.45461278351522,234.29908603633504,1.0,0.0
2979,brca1,yy1,1,0,2.0987200837562137,4.9954543408338115,71.56098377509073,62.957086861910106,5.530680758945671,88.41469742641567,12.261398458765317,2.0389231288512333,4.628219155369582,0.07728625945568422,1.4043644938709476,0.6915843171531482,0.4613900352948076,1.0,0.36145533633261256,0.07808877681684659,5.344240210858032,10.170192698398061,1.0,0.0
2980,brca1,zfhx3,1,0,1.7824202181347593,1.5566823856761496,2.397253878456523,1.514948296733206,5.174174690849983,1.9183588873046618,3.4403084443170195,1.0223078838724848,0.7677659108694815,2.158375772106952,1.2662867052567799,0.6855207417519535,1.1517008979591836,1.0,0.10250520297405344,0.021024981225701192,0.17034901281396675,0.09877457790520704,1.0,0.0
2981,brca1,zfp219,1,0,1.328371547111762,5.594471558850723,17.86576154580209,18.740299942800352,4.573127344541324,13.788240748058024,4.6732086401558695,1.2364387175000124,4.308323792036224,0.2559715874868972,0.7357534719371015,0.675936812169608,0.5362707179488932,1.0,0.18426551446648556,0.04587786839873889,1.115990049490775,2.3534171270615114,1.0,0.0
2982,mycn,nanog,0,1,5.895990931685631,0.22517882383831142,5.885255133559086,9.972664349404717,28.73442472648011,28.776755977687753,2.0432972326273946,2.94530907053081,0.22020664473692594,4.882443339224118,2.88556347325632,0.5464222000951032,0.2236919994468782,1.0,0.3689866682281511,0.14566433609397342,16.20772736774964,21.30554045910666,0.0,1.0
2983,mycn,nfe2l2,1,0,11.847672393976344,0.048431434712139364,5.976118466877882,16.388364257094732,32.05828224584419,14.923435797839277,1.495406940465699,3.9723925362400707,0.048288730263397854,5.364398718587062,0.910611673241198,0.5486815030949924,0.3180508850184138,1.0,0.2560020977937593,0.08588635714022788,11.422944464772305,5.792764502737967,1.0,0.0
2984,mycn,nfib,1,0,6.056377957055268,0.562556986304622,6.952387536807462,7.235667752235328,31.805667403647785,2.533017867069758,2.314942696504295,3.2367626771880365,0.5219746264149286,4.574783444573769,0.3500738223209915,0.553236049687825,0.8118966197009062,1.0,0.21541603169876097,0.058366406668748975,5.205483426322562,2.173903317787201,1.0,0.0
2985,mycn,nr0b1,0,1,17.088068001957083,3.9285175936200707,7.946544957336809,30.29976968966582,39.51770537747004,29.92707135970283,1.4202935113456334,5.424134210997227,3.477625898232242,4.9729417740202315,0.9876996315886155,0.5624979167192747,0.6379645126899217,1.0,0.3434356721581808,0.12534266518035955,12.512065370601896,13.05680003379658,0.0,1.0
2986,mycn,nr2c2,0,1,16.47966408686918,0.0001,5.604713029448685,23.37596105890214,34.37229495143552,4.230846289974559,1.3252087057147328,4.182313476270373,9.99995722119319e-05,6.132748415634154,0.18099133033776804,0.5615460222191148,0.9334639856103519,1.0,0.12292801060284968,0.03946960329357824,3.6639705346217735,1.9381087094303142,0.0,1.0
2987,mycn,nrf1,0,1,25.113681026968315,2.824159007586672,8.399453958222745,34.11505078433803,43.81935498775665,19.207361646288113,1.430946791632831,6.294284542485331,2.6082400925622213,5.216929005826524,0.5630172373979309,0.5640895983783473,0.48285840220385684,1.0,0.3734751820738946,0.10912213985508694,11.549628080314264,9.01096558399026,0.0,1.0
2988,mycn,polr3g,1,0,12.036438865249782,2.0285715730098985,4.915580979024558,18.23895182955583,29.573194871862665,8.533872932984801,1.5645089863889652,3.4902088650632104,1.8255323291374623,6.016215580224483,0.4678927283066696,0.5475719466569247,0.6454056572757495,1.0,0.3379258742192218,0.0882336765573271,7.232296721699404,4.715496363382758,1.0,0.0
2989,mycn,pou2f1,1,0,4.953052435590782,1.0264077501595488,9.433890216631482,15.728737801160813,37.5239412820452,2.9464855790292828,3.0942111722726966,3.2478445243100373,0.9635307750619159,3.9775681527321938,0.18733134319346503,0.5628594288506416,0.8295692095624881,1.0,0.28539531577425414,0.05976979773092842,6.984744881324786,1.7373707425538898,1.0,0.0
2990,mycn,pou5f1,0,1,8.654301407207223,9.97061578771762,186.03009591719535,129.8967000882004,26.367733196317126,3244.356543088611,14.049327442290917,8.269591929323445,9.259848024972552,0.14173907219858545,24.976435435893904,0.5331948211779222,0.26182153527884855,1.0,0.5611328329297127,0.37042296703791694,46.24972592726529,239.93290699987958,0.0,1.0
2991,mycn,rad21,0,1,7.089769063148257,0.6313966382862854,6.251212071247517,12.163266268352645,29.901433902463555,14.50642011579382,1.9794034134858618,3.322068257457053,0.6002381999789843,4.783301791982927,1.1926418279223057,0.5469526579341769,0.3852208717769128,1.0,0.3082987875053531,0.09791235335405996,9.824893409005771,9.317615139243234,0.0,1.0
2992,mycn,rara,1,0,13.281688472250591,1.3772523663558012,6.215841844855634,19.203284458823475,34.23915839501703,3.766040011117694,1.568981241331116,4.234222162163808,1.2850864478112478,5.508370265783725,0.1961143688306551,0.5620944954385108,1.0327953179427634,1.0,0.23247130031539487,0.04936583433443319,3.7251080871122335,1.5825610605428824,1.0,0.0
2993,mycn,rarg,1,0,0.0001,1.4843136004165143,8.161030774745777,10.244951471015595,30.090732019464724,1.7859099548056796,7.898710665305565,9.99987746796031e-05,1.296476864613899,3.6871239491683054,0.17432097749396563,0.5482089177336273,0.7995542375066772,1.0,0.20021828882540646,0.04290936898750452,4.79535050688963,1.031443520597887,1.0,0.0
2994,mycn,rbpj,1,0,16.82548349549915,0.2563900087049023,3.3033074180154776,21.28637142547999,28.643932875065165,8.90166001290586,1.180303164684954,2.7612063079786204,0.2533385968993857,8.671288878185468,0.41818588217672864,0.5443065928296839,0.5572255182178306,1.0,0.18487749778104892,0.058400095447429426,6.161127046840653,2.613848908816571,1.0,0.0
2995,mycn,rela,0,1,13.661450460097303,0.23431047311930378,3.7634788163477224,16.007361033060743,28.467549020013053,2.85651598691714,1.28377996069832,2.950633462636898,0.23093019309132137,7.564158165672754,0.17845015059118396,0.5450849388811323,1.0733295343628164,1.0,0.17716928040251628,0.04559625583542792,2.877648257543938,1.6578582964627047,0.0,1.0
2996,mycn,relb,1,0,18.174769910792506,2.0725882927803028,5.387058488115404,23.205070478676888,34.264501427268456,9.504150008061025,1.396892957419908,4.155388404493145,1.9026507890657394,6.360521517050667,0.40957212419563116,0.5564538014968176,0.6251559669742879,1.0,0.28721575562226254,0.07514905149992977,8.255578750957037,5.064913273356421,1.0,0.0
2997,mycn,rest,0,1,7.156319058866595,2.9688158283600607,343.3792576301178,288.4810771831643,27.729439218339994,1127.603568133029,44.699005402811025,7.010220043879206,2.93857437816892,0.08075455521023249,3.9087609459288157,0.543257896203824,0.3019921077233619,1.0,0.45956682599009646,0.1742752581359197,19.802788562760984,42.3151998901147,0.0,1.0
2998,mycn,rfx7,1,0,0.25840117295841647,6.447453954583659,12.695450442053316,15.496213108579614,31.403541710677402,1.6142113097245243,3.442622225847476,0.25324663142353376,4.5530731121829255,2.473605946792882,0.10416811503649251,0.5498132475344478,0.8744639674760522,1.0,0.28465184842740116,0.059414929799557925,6.7044690666516775,2.7557167750282727,1.0,0.0
2999,brf2,cbfb,0,1,6.267943463506354,1.0147767180892118,29.64967612375855,0.7443364520966396,15.121950335922442,3.640318579549876,2.004772068969686,5.174131687749314,0.4293841435642223,0.5100207595119425,4.890689646188712,0.7782003534907209,0.43694055104108714,1.0,0.15447393997395026,0.030338589544456084,1.1259196714033277,1.2440194032172482,0.0,1.0
3000,mycn,rxrb,1,0,6.251433225794657,22.047751410809013,127.98128926654603,63.25236022800902,34.75177785501024,21.105825663480847,4.011872159455422,5.9602939517715186,16.349009252872413,0.2715379572605561,0.33367649187160126,0.5500519210456116,1.1657595199336075,1.0,0.26814259782094574,0.06677729708614946,7.504433637626114,3.4380207659199518,1.0,0.0
3001,brf2,cebpg,1,0,3.1202818603007323,5.704229841172099,31.176509795999905,50.896462660834636,14.58058842868342,3.0919998837968055,8.734912580497241,2.836402278056101,5.129356343294584,0.46767866332985675,0.06075078153075915,0.7738293387867644,1.0954003961312146,1.0,0.27761583308448445,0.0432114749293006,1.2904537636056201,1.3315608961289853,1.0,0.0
3002,brf2,chd2,1,0,11.942621587281511,2.0710061499413226,15.046352576885571,29.888411765255295,9.764193867731885,6.835895159412555,2.4164773951851575,6.658011304969803,1.9368026270712975,0.648940918926211,0.22871389798500943,0.7743662098778701,0.6556294074734539,1.0,0.24753875069490092,0.0387387983739416,1.939630372893821,4.204917068857695,1.0,0.0
3003,brf2,clock,0,1,7.035714956059944,0.8098167226845201,59.19706045714803,1.6275818870193008,27.28103546860533,1.822234611705881,2.6736287947871347,6.288331434320129,0.5407580952902974,0.460851185142102,1.1195962711547869,0.7818181112809491,0.911836823924685,1.0,0.13356391659690595,0.025613704384085518,0.807367817972462,0.3989737128759141,0.0,1.0
3004,mycn,setdb1,0,1,11.272576960713266,0.6221207218549616,5.63840728837286,15.624576355302306,30.626065331843773,10.025219208009243,1.5520580560478372,3.7584672280363822,0.598298391031455,5.431687312656318,0.6416314260326884,0.5434552012752542,0.4371901623961636,1.0,0.2965496910621734,0.08277500722502876,10.35772142869693,4.021117579976876,0.0,1.0
3005,mycn,smad1,0,1,7.841580361126331,0.9749837721554563,10.055123026873892,12.284647339253633,41.17285823183798,2.2101662763247596,2.4634191150763187,4.405730683848247,0.9032929877000309,4.094714517345741,0.1799128794900384,0.5703713202506252,0.9624083588726637,1.0,0.25775420078073363,0.058578745917437725,5.094534179720615,2.1615412852466456,0.0,1.0
3006,mycn,smad2,1,0,9.999999999998899e-05,9.999999999998899e-05,10.82679298040581,3.1502195640805253,39.4433840730894,1.7745867793384937,18.826863653671357,9.99990763739757e-05,9.999682571884177e-05,3.643127207149294,0.5633216171890716,0.561723528647652,0.7342485077403736,1.0,0.18526836433696353,0.054123833310934885,4.847942458791204,1.9026646381086263,1.0,0.0
3007,mycn,smad4,1,0,4.192732464316428,15.988170597235468,49.71705051940902,23.980440815188,27.96675442131873,7.634517785494629,2.71070659186701,3.8666505447761517,9.592611932246427,0.5625183740616471,0.31836436387188144,0.5487718003739516,0.9562506944334219,1.0,0.21803818536981887,0.04818140683490549,3.4603934923137847,2.667752608871032,1.0,0.0
3008,brf2,ctcf,0,1,2.4441984831007457,12.881041146640626,261.9943755909582,382.04423600350293,9.594305402376838,1089.2226117276798,29.66989918594841,2.4216068235983057,12.460907945193586,0.03662027240369488,2.851037940322944,0.7648849781511219,0.48511151974040007,1.0,0.4181197531578772,0.09064716012909195,4.1635684722976745,13.60773351304169,0.0,1.0
3009,brf2,cxxc1,1,0,15.031010957896738,0.8276589778774527,13.638877592660737,8.458707268779957,9.338386008775805,2.878839257210564,2.0940142587352013,7.150572566307014,0.7538928388445754,0.6846887469538487,0.3403403340172326,0.7678434619740783,0.6824757757285044,1.0,0.2573143316584242,0.050360859550958724,0.8304615336078632,1.1891225725386276,1.0,0.0
3010,mycn,sox2,1,0,9.1613147099679,8.482981916789399,220.35260699034308,149.89550799968197,26.44421358324701,749.7377860168473,17.47116221453865,8.795630194652677,8.028621086360165,0.12000862592202471,5.001736182904414,0.5319534316625686,0.36549415267110286,1.0,0.5016323334376829,0.2012546083513629,24.554908109315765,37.495813140591835,1.0,0.0
3011,brf2,e2f1,0,1,4.543638271025309,107.02482332000848,327.1559359165646,197.50854135141586,37.30294404055367,266.94255387572355,2.868778955471967,4.481399274220777,69.41215378858409,0.11402190804224666,1.3515494167959432,0.7938182283908022,0.707558022675737,1.0,0.32223306605746566,0.06386281208686434,3.214502080693142,5.649089847214905,0.0,1.0
3012,brf2,e2f4,0,1,3.7920468163788814,10.003556451245425,273.25209333863154,272.64849859485724,6.500351268668825,1473.8246998189927,24.74961965770256,3.740143105116252,9.649512884652811,0.023788843442136682,5.405585240390509,0.75319930260658,0.36862948596911616,1.0,0.48712521501449385,0.12274129565689519,6.984995064900895,37.10788394067488,0.0,1.0
3013,brf2,e2f5,1,0,0.5431784603427139,3.3838628482040276,10.896149571368735,19.985010922211625,6.358563553906561,2.3471927084468245,5.9373613100926494,0.5173864873384972,2.8938722783567328,0.5835605974623035,0.11744765702570226,0.7625956659535735,0.7508329862557267,1.0,0.25367271193422963,0.04494007567938245,1.2071431192213762,1.4715537175910067,1.0,0.0
3014,brf2,e2f6,0,1,3.488976933581711,0.3278408038512394,55.0822945789646,24.80056816218227,26.06833726500308,1.914614652298322,15.836994514259306,3.28114535115725,0.32356358945158886,0.47326164358734485,0.07720043507784903,0.7874519902468431,1.2680558278600134,1.0,0.09652342762770025,0.021784743007239274,1.4981399195749576,0.3821351757950902,0.0,1.0
3015,mycn,sp2,0,1,10.667231079562459,0.887679603356102,6.922393223428121,16.5523948558059,34.163178398096555,7.2477675096030145,1.7338153924298432,4.198086716687308,0.8424977390206266,4.935168704729865,0.4378682101738768,0.557967030089756,0.5789031982421875,1.0,0.2750297359953962,0.06281581111322757,8.895016360700044,3.600846641806185,0.0,1.0
3016,mycn,sp3,0,1,2.2950877589344856,11.691672406228285,30.950441898775193,27.950097135298023,29.941222417839327,12.836968942183134,3.6420240888073354,2.1366475753836904,8.243410503808255,0.9673924047922623,0.45928172914903387,0.5485279593055935,0.5660140636873595,1.0,0.13592440859312688,0.05765460224885616,4.314462093102809,2.965726307730902,0.0,1.0
3017,mycn,sp5,0,1,3.474193784642659,24.502106640186696,48.75168655759937,17.926269411314355,39.59615649688708,148.54005599281427,1.7189482098645534,3.2430818842945275,10.352302059442168,0.8122007522776639,8.286166663269137,0.5626026351488657,0.9054651340342509,1.0,0.2890328060965072,0.15173352546049715,18.605985963184498,30.254994323512783,0.0,1.0
3018,mycn,srebf1,1,0,1.798152241764109,0.6903943804025081,6.736604965243515,9.714619696656644,27.481199626740135,2.9778222471859532,4.3483740061040725,1.4193070788452988,0.6445852736621086,4.079384165840982,0.30652998677969784,0.5421594042348644,0.5165643169346822,1.0,0.2016638507645536,0.054130884799179234,5.952658200135456,2.715626479016895,1.0,0.0
3019,brf2,eno1,0,1,29.818288759227062,4.359572768555003,51.391757502726165,104.72240016351977,22.987487136668086,527.4220959355945,2.8360211718668538,18.869762247363678,4.185337977842505,0.4472991050257169,5.036382809332544,0.7775880329389743,0.27040389800360637,1.0,0.42156349811042004,0.21004486172836634,10.654131256991496,110.48015573614107,0.0,1.0
3020,brf2,ep300,0,1,11.458135777574427,0.6068696025263018,59.562021955680116,3.1011733533456103,26.106611095643945,2.2875059056213862,3.526988392457895,9.609521529343093,0.5075474752334611,0.43830968523986275,0.737625938631769,0.7784215060744921,0.7835020718527063,1.0,0.25199110522320467,0.044502274412715974,1.9097128381491015,0.5584816181874126,0.0,1.0
3021,mycn,stat6,1,0,3.9841587290124103,0.5402612685105778,9.393401739079481,10.822253516760458,38.0925423152413,3.015184396300894,3.525308194170743,2.7975805920025083,0.5145730961500877,4.055244667835769,0.27860966217722294,0.5685439567185713,1.0154571650758963,1.0,0.17503757105506976,0.051766988790594014,4.192825933684897,2.3702207726387394,1.0,0.0
3022,mycn,taf1,0,1,13.543935804457657,1.199601987477132,5.891437059844768,18.655531718243868,33.21158387023767,12.681330743628425,1.5048807229472967,4.105568022371164,1.1271247657324885,5.6372636307367685,0.6797624927102415,0.553482974747386,0.4754409775199797,1.0,0.27001147026802635,0.08628113754796514,8.247987039730202,6.157309311254716,0.0,1.0
3023,brf2,erf,0,1,8.961954277190685,1.5540848086368801,8.479750580068677,19.253716024884096,6.6709363348104125,4.628338096622344,2.1032838605724016,4.357093392101916,1.4380139363828013,0.7866901593179153,0.24038674355851813,0.7614941768535269,0.6803154965155216,1.0,0.2174866234343369,0.03694858694280907,0.947577483663283,2.893647797973875,0.0,1.0
3024,mycn,tbp,0,1,6.180269799316077,23.85031327899948,78.60652658864763,25.4521158716191,29.341867102049502,5.848736767939847,2.2207220901133695,5.729778255590754,12.312596916817315,0.37327520214189264,0.22979373492722469,0.5446065106585654,1.1435632938562157,1.0,0.2731916712634331,0.06132532560024869,4.09115594463842,2.82893535484454,0.0,1.0
3025,brf2,etv4,0,1,4.9264733541732895,41.88582134290034,40.2457235802373,7.056417555716275,11.060867704890166,21.82323360450946,1.2998977440375263,4.389192872893636,6.039034006431441,0.274833366651696,3.092678888713276,0.775151492767005,1.3525142956043361,1.0,0.18726387487999774,0.03899659329845568,0.8676607586300749,2.2863143296678303,0.0,1.0
3026,mycn,tcf4,1,0,11.385833847975864,1.164438979001865,8.271396742366967,18.76511787301485,37.18515091210677,10.180772928465958,1.8265823853480025,4.790946952901193,1.096403440334998,4.495631399427439,0.5425371157996509,0.5558433672065507,0.5259127383791795,1.0,0.28306939744107434,0.07974571492284106,8.700048077777915,5.491047457381573,1.0,0.0
3027,mycn,tcf7,1,0,10.480207557385501,0.49577741661527697,4.080163705412564,13.608692953978718,27.112593305372926,6.391246116687027,1.422983783306604,2.93680440759705,0.47835065471869626,6.644976834975167,0.46964437645118917,0.5437842974161979,0.5975129419640606,1.0,0.2436321884808222,0.06274586392460045,5.013984732962874,2.813758686551938,1.0,0.0
3028,mycn,tfap2c,1,0,1.5403347319984957,0.7131494821923837,11.520085566985323,10.10512567725128,42.632514368981056,3.7087088509084727,7.426565803435764,1.3586689791141506,0.666138089298822,3.700711606792128,0.36701263985835825,0.5659978166735533,1.0361514792899411,1.0,0.2228123398476611,0.058757262997643056,4.5644913035184995,3.2524087946663833,1.0,0.0
3029,mycn,tfeb,1,0,6.202993746262278,1.7751736729165968,6.843910543688476,14.37781980500175,30.985919959026543,5.780855809468628,2.3630133720266566,3.2538549650568735,1.5800865162651656,4.527516799237254,0.4020676213689635,0.5509235171696149,0.8791848230417686,1.0,0.27141207209768203,0.07339858330268287,4.742579818470096,3.8618078454859237,1.0,0.0
3030,mycn,tgif1,1,0,4.648236485437009,13.833980282768872,78.29370358051325,53.519871145664546,28.67190073387842,116.33161140118148,5.157777924889123,4.387739776445538,10.992583593414187,0.3662095343898721,2.173615311676719,0.541799148608629,0.328485717075534,1.0,0.3921962947629239,0.13517276379527768,14.434373616456082,15.066273384070698,1.0,0.0
3031,mycn,tgif2,1,0,6.526477943562552,0.6690933592261125,6.382532865726102,2.650664166332279,31.208195072517608,2.6788570678015975,2.4772270458099044,3.2268514286355225,0.5342383525234221,4.8896254400982615,1.0106361650138158,0.5548784486155951,0.7064072837901703,1.0,0.23671807867944664,0.06125666557368412,4.9049145707606,1.9857878203622903,1.0,0.0
3032,mycn,thra,1,0,5.626636904796068,0.7025392663613795,8.407015368792319,12.915208082942783,34.93755588486537,2.1025108982635765,2.6298183682400573,3.370699373979801,0.6662952820870784,4.15576210489124,0.16279342034298147,0.5534426006858087,1.234522716823682,1.0,0.18910460520609043,0.039313450126117366,2.9475988270369453,1.165425462170839,1.0,0.0
3033,mycn,trim28,1,0,37.281723490329846,4.522420404090097,1.6890928665053,35.45399276603114,34.34420734294972,151.03283021288124,1.1775392848295638,1.6158833477321912,4.010811565540853,20.33293019229145,4.259966746470018,0.5499863249179826,0.23191227117773505,1.0,0.5273774973619771,0.23579196345292955,30.718203165571587,65.12472069168432,1.0,0.0
3034,mycn,trp53,1,0,5.1076841763540015,16.33652982406005,75.92490802432577,39.216414166879765,27.968080638120785,342.56085128129655,3.6292988100110795,4.78573424316208,11.532424271419499,0.36836502494227613,8.735139572516205,0.5426727437465717,0.26878000090704407,1.0,0.5429865593399397,0.249974902548852,29.776990635287486,66.99844172056135,1.0,0.0
3035,mycn,vezf1,0,1,4.549980828494167,0.46518184745043073,9.249630438731364,0.5177228281777945,38.39976540316859,1.3467177588101524,2.7122528210518126,3.0497700516273523,0.24502402689770306,4.151491852298839,2.601233102952276,0.5644055288697185,1.1249022912259317,1.0,0.18205381605138723,0.04539687994429557,3.8485666276304817,1.2679012582657965,0.0,1.0
3036,mycn,ybx1,1,0,7.398317087453229,3.2776140950201054,305.43482258496635,240.640014847523,26.008866550569753,10000.0,37.524541731511164,7.2233513028697365,3.2335715458921572,0.08515357329086,41.555848499827896,0.534258447080954,0.27230264453698905,1.0,0.5406471876874567,0.4057509864582793,50.948410935373886,373.22199087947746,1.0,0.0
3037,brf2,gabpa,0,1,18.298449298515905,1.8715228098543912,15.135812961855763,35.736076186991845,10.124929129207406,7.855852229737962,1.9228535131533082,8.283775006533036,1.7783874403749675,0.6689385733507383,0.2198297370039059,0.7687081807852543,0.5562983035472107,1.0,0.2756020922982115,0.04460572582585992,1.859276296486336,1.9878227135806439,0.0,1.0
3038,mycn,zbtb7a,0,1,1.8264552493023105,0.4438837700423703,7.753778510977814,6.634761724704565,31.826659321649675,3.4341118297851865,5.198553502656328,1.4782446668492135,0.41604895313379,4.104664490556369,0.5175938447040616,0.5575360996603328,0.7493396301929082,1.0,0.19906657572617142,0.054123779861444406,4.747669514820598,3.161750452421768,0.0,1.0
3039,brf2,gtf2i,1,0,8.127673167929316,0.6415450930328166,15.152399985012512,21.173856505986326,9.022554017653867,4.100216594233018,2.9510825429195338,5.290093118644528,0.6226786007279951,0.5954537912527537,0.19364524327789764,0.7682351073766638,0.5507496361240636,1.0,0.2121063072341595,0.028173014768111078,1.5283712513097163,0.7705762276489059,1.0,0.0
3040,mycn,zfp219,1,0,10.034160748626554,0.4270955121753075,6.574598017298365,14.825127830471217,32.31937965103026,6.674034882514198,1.6989253708814385,3.972035134770014,0.4151359065216024,4.915795546129973,0.45018396865331206,0.5463735818169989,0.522193333378843,1.0,0.26610023829237667,0.07564287719317392,7.432744832498605,3.3015181412847703,1.0,0.0
3041,brf2,hes1,0,1,3.649173380633692,1.8841621547716498,90.36766786338623,74.59221630283426,41.17132179338421,10.9741389888602,20.754558754304327,3.5075342212477403,1.8377417162379177,0.45559792309374586,0.14712177131601356,0.8038183385635361,0.6436427395579856,1.0,0.21045448051755855,0.043421534685984066,3.14401123885321,4.0263773883708875,0.0,1.0
3042,mycn,zfp263,0,1,0.4765851307739391,7.007732707437903,17.374551172766648,23.435307068370474,37.48839418908082,1.4065513986207636,4.439571486923917,0.46386138125947474,5.3946113483179445,2.1576611571895548,0.060018475308101234,0.5690412923902993,0.8138551254385579,1.0,0.175554039213998,0.053934943658681185,6.296765075832473,1.8825784125491476,0.0,1.0
3043,mycn,zfp57,1,0,12.06501293066495,1.1183851260183708,4.904683068451103,16.451553540134487,29.643118611127026,24.137870075792364,1.4916532968337393,3.4871022229719624,1.0471961871230593,6.0438397746438515,1.4672091615485843,0.5462610557971023,0.3252405245112799,1.0,0.3784642935309151,0.12484789403085737,15.838031341539565,13.424850940669735,1.0,0.0
3044,mycn,zfx,1,0,7.003730645717073,0.5850925924081314,5.297420508857203,13.439118883114011,27.56895337655494,2.591489333794753,1.8328375848140879,3.016116613390022,0.5606824255842514,5.204222192755906,0.1928317887752975,0.542203714720074,0.7812411570225251,1.0,0.2880964695781772,0.06923986659471809,6.845260904403536,1.2860468236391351,1.0,0.0
3045,brf2,hif1a,1,0,14.488757324729761,0.6828179848696083,24.200098311530564,12.374777811520676,13.001535959386766,4.793249774558516,2.8176079051380944,9.062799762465673,0.6471115341774922,0.5372513694786089,0.3873402696649708,0.7726434341794752,0.45585848074921953,1.0,0.26001242553566906,0.04136219376349132,1.8092613435597378,0.9835264595064924,1.0,0.0
3046,mycn,zic3,0,1,5.61494898648916,1.3953890525105568,9.90378076245142,15.618425423267928,39.639932197553,4.0509604200368114,3.0107507266970335,3.583361824980148,1.2809461325740374,4.00250501786564,0.25937060300597237,0.5688394546017839,0.9680488506358589,1.0,0.2354376568423614,0.0625934231675588,4.8830082780875825,2.95796460464785,0.0,1.0
3047,brf2,hltf,1,0,8.145004537124677,0.5767227898747169,38.494767739889355,1.7084235704369968,18.2202436549801,2.462611283651378,3.1899155046936514,6.722589811003101,0.4311701101262276,0.47331740713686066,1.4414524162889346,0.7730575625185643,0.7652658215873618,1.0,0.194706789357782,0.03146094001001215,0.9752109099954777,1.0574105656395234,1.0,0.0
3048,brf2,id3,0,1,12.641750580714051,10.096111919385692,48.976828547031545,102.03179136916519,22.543445267721015,27.82703344257976,5.356515754576964,10.048152026393879,9.187047601769313,0.4602879756918715,0.27272904914408186,0.7792596099713338,0.8303505906560731,1.0,0.2668126172436501,0.06509119127561368,3.7976365236779763,5.015930345124639,0.0,1.0
3049,brf2,klf10,1,0,11.207135387697434,0.23103539725829292,40.3390699508587,6.725372192401647,19.53427139909679,3.398025928323195,4.757412216046103,8.770488833926143,0.2233622765996303,0.48425190325145223,0.5052547028047457,0.7782146205254654,0.7417473518544357,1.0,0.19984466184551475,0.03851828790833351,2.487892262031272,0.4263046095826689,1.0,0.0
3050,brf2,klf15,0,1,33.471302290262294,5.048576485833907,20.115035638602514,79.9037991498414,12.108756352241326,32.54265395012696,1.6573124174002274,12.564330097213025,4.748548095308105,0.6019753864618347,0.40727292439625573,0.7648849781511219,0.5516288140333163,1.0,0.3510661579210939,0.07491569583546782,4.346076451930512,6.859455078744281,0.0,1.0
3051,brf2,max,0,1,2.641652193837883,32.63800987913833,48.0802140364566,10.631354787437086,7.793577440525201,25.221828864725037,1.3970682334658981,2.5040719580964668,8.019213252951575,0.16209531502118016,2.372400260268738,0.7623488902100672,0.4340283950617285,1.0,0.3265463459864609,0.06059525076664484,1.8514946305124982,4.047777751644573,0.0,1.0
3052,brf2,meis2,1,0,1.1814406980097294,38.99949574227044,140.40444287163893,196.59345166695965,60.28711575700311,3.642137683807095,0.9979106360748418,1.171582355583755,32.54361204593284,0.4293818238509661,0.018526241097679492,0.7867197573408174,1.789069210923371,1.0,0.19124473504753767,0.04039296860775529,1.4052778660988956,1.435355869166158,1.0,0.0
3053,brf2,mga,1,0,16.757515837557257,1.9827477200316732,25.222805227501837,41.716984581903546,12.655469150247892,21.353646700545664,2.624230539697409,10.068325999995281,1.8927863332174866,0.5017470910193972,0.5118693720209271,0.7667367057279774,0.3546804973961101,1.0,0.2906806950894865,0.06047407078246845,3.435447952345074,5.453250318481585,1.0,0.0
3054,brf2,mitf,1,0,21.57027211615452,1.2690688614281427,21.945928557064846,40.96355665855312,13.08995010715178,15.624189889134232,2.0610787766694294,10.878239448622205,1.2309339892714368,0.596463716407108,0.3814168290944026,0.7774269285562404,0.5212197510914248,1.0,0.11405564632176225,0.033531886653298815,1.3174714694416354,1.7092558442579002,1.0,0.0
3055,brf2,mlx,0,1,2.490196294765043,27.216947445922226,45.745261476516305,11.360062587116005,6.819915530519872,12.569719949273146,1.4945465261464128,2.3616378053677773,8.014779428243129,0.1490846332580464,1.1064833360626967,0.7635571469490047,0.5478542106432175,1.0,0.28227358326356916,0.04527924480184461,1.1493338765112262,1.829801882624992,0.0,1.0
3056,brf2,mycn,0,1,28.289352916258565,5.200598779801841,30.328025108445598,88.30160203983638,15.504891493823811,37.577206302337295,2.125405779447206,14.636618601131955,4.911341121357551,0.511239734152887,0.42555520437086425,0.7697298928625319,0.5614258681982244,1.0,0.32109186145482527,0.07394605377693722,3.530223927911286,8.65853139127785,0.0,1.0
3057,brf2,nfe2l1,1,0,3.963393712786916,3.819182516897589,5.499374244310253,8.144521839255853,4.759224980009779,1.5855892090413977,3.4952685989413514,2.303362547087948,2.5999819529958303,0.8654120939184589,0.1946816817899612,0.7508474121416303,0.8258633795169822,1.0,0.17224115619616157,0.021862427050614454,0.6037988725905359,0.6470346994229197,1.0,0.0
3058,brf2,nfib,1,0,11.416490040653697,0.1948175102473204,35.33701510104829,6.005049489823147,18.141843841562405,2.568873544140029,4.228120510281714,8.628757988194359,0.18869578823319763,0.5133949143606139,0.4277855742060977,0.7804629629629629,0.8112940753842813,1.0,0.1975747687040694,0.034485539386320783,1.3923757391043825,0.6674080264433523,1.0,0.0
3059,brf2,nfyb,0,1,2.857998712634163,36.471850922615204,53.63516624210414,11.381143629644058,8.5761314320261,33.28733467455183,1.378407868240437,2.713412077278138,8.67430299134022,0.15989754545206855,2.924779420922999,0.7697410945130709,0.40771449578295077,1.0,0.35440283058360683,0.06362382658929792,2.3369321977938298,4.516428443380649,0.0,1.0
3060,brf2,nr1h2,1,0,1.7969238231722535,15.789514164830738,37.239212886467406,21.103549244930058,5.562737719575323,28.937989643301528,2.44930172894492,1.7142072559488728,9.031908953455666,0.1493784988564246,1.3712380466169038,0.7561854722844064,0.44714832377727237,1.0,0.2805277853557582,0.05124597349626877,1.7513442704512558,2.242974087062622,1.0,0.0
3061,brf2,nr5a2,1,0,13.226759742164177,0.8749608721604841,4.383961610910168,17.91596283998837,6.049398232000328,7.293248947632051,1.3926079089359238,3.2926309935769407,0.8342201113794225,1.3798930667972693,0.4070810490493731,0.7576949493956229,0.5280267377143749,1.0,0.18625140355076764,0.03344402390355905,0.9589265609682086,1.0950871296625575,1.0,0.0
3062,brf2,nrf1,1,0,11.175915454952554,27.374544855775284,283.81987291734305,181.56145767136,8.875643510227249,227.15771983428758,7.928786859641036,10.752515897469321,23.78796476906414,0.03127210021974784,1.2511340388413288,0.770121551887388,0.5284257881501205,1.0,0.3377685722940106,0.07088148702086927,1.5815921435794802,9.142579362954713,1.0,0.0
3063,brf2,pknox1,1,0,5.780638501042576,0.28751188221877605,33.82333444173393,0.20674410704670285,16.537453687783717,1.4497609798644584,1.9363040376918121,4.936890285982991,0.12026437442462636,0.48893623176839973,7.012344876833476,0.7743950521385026,0.979783037475345,1.0,0.13482545437445098,0.023993661843133184,0.4976099914425328,1.0276176955736323,1.0,0.0
3064,brf2,pou5f1,1,0,1.6701281170616658,7.835127155956272,94.97131413713538,86.59339070395725,3.927695076959117,2326.228304369484,11.44806001746828,1.6412654690885204,7.185014044564695,0.04135664661107729,26.863808951913196,0.7411942789497177,0.2771680365836308,1.0,0.4575946068584196,0.22199689876785586,8.996521700772714,162.19648983404423,1.0,0.0
3065,brf2,relb,1,0,3.0678986729944695,27.065012821558877,31.736903866133783,0.9887452352942125,6.4432991535222826,9.3991453118946,1.1367302776275516,2.7974761571023,0.953897243152276,0.20302229797525648,9.506134620307703,0.7581769173620193,0.6271619498939904,1.0,0.27572407884771605,0.03990756691551299,1.0638267775321577,3.009375203414332,1.0,0.0
3066,brf2,rxrb,1,0,8.416929693216723,2.1643950510601018,451.45562283236654,359.013390068574,234.11027108706364,5.431188671510217,48.433493675427684,8.262876782097154,2.151424690949217,0.5185676271308574,0.015128095000782068,0.7909648890341824,1.1628315335737418,1.0,0.25733423849612064,0.03990444026757204,0.7949625883394025,1.3781981430764985,1.0,0.0
3067,brf2,setdb1,1,0,21.44074786283621,1.9236172827468765,6.88352803230848,32.04407226719298,7.521741337876771,11.64309822632642,1.40035192079307,5.2106535571767445,1.8146813056607038,1.0927160175091575,0.36334639771258825,0.7616393064472724,0.4445592133121022,1.0,0.3101463869634645,0.05117969168093757,2.373577987072811,3.7150467685059807,1.0,0.0
3068,brf2,smad4,0,1,91.18996756328298,6.409784223400443,33.32035951084394,138.0297217156623,19.70069664321058,9.739349344857647,1.4288008324577541,24.403457724288472,6.125337572025947,0.5912510228708393,0.07055979845355667,0.7772934260904952,0.9600776529398919,1.0,0.2386996714798277,0.04454376274353075,1.3472243895605311,1.3480868459214121,0.0,1.0
3069,brf2,smarca5,1,0,101.64124458592893,6.605668002314346,25.732115012435376,121.18150046030388,17.615362142772167,247.2742949315025,1.3214768244924322,20.533683055383463,6.264202968839062,0.6845672084964378,2.040528413926543,0.7788524102360643,0.17285536731362458,1.0,0.41431673231059607,0.12060672851952009,7.250103965416585,33.888951421342,1.0,0.0
3070,brf2,smc3,1,0,48.97584445770633,4.681442536814935,37.95866014735498,99.52216469048864,19.531849192390524,88.46916434338867,1.8585454676978186,21.384575015931702,4.4711244412264195,0.5145558119429969,0.888939309334011,0.7763094896102652,0.24883575447658093,1.0,0.4162576552128836,0.09789620825937652,5.323600415276134,20.09085915182908,1.0,0.0
3071,brf2,sp1,0,1,9.76993925671064,1.2479912252119594,36.60644576904127,43.42929126738301,18.331498690246423,2.5264321630401683,4.850150611159155,7.711742762378165,1.2131305082812869,0.5007724269628411,0.058173460568020176,0.7811953217183046,0.9533668029605092,1.0,0.20929438393077723,0.028866661716057368,1.197438559173094,0.2854346580389543,0.0,1.0
3072,brf2,sp2,0,1,13.409597968417904,1.331503930573878,25.358803540509346,34.146278423795984,13.912439718334486,9.195056983138532,3.0038291346372104,8.771353659242793,1.281531733906537,0.5486236642083725,0.26928430879104664,0.7787374918612268,0.5884588820613837,1.0,0.18238336683096001,0.03246184939290467,1.1764798261319587,1.520772324324101,0.0,1.0
3073,brf2,srebf1,1,0,7.386965581802837,1.1263544161597574,23.405026801126837,1.3087511455602123,12.119427804761315,3.12760067815189,2.5229728552815445,5.614840549159919,0.6053608745465162,0.5178130282755252,2.389759648930903,0.7703304662743322,0.5272226537673893,1.0,0.17200364340245114,0.03721207217129063,1.2361915138625015,1.1788273944608878,1.0,0.0
3074,brf2,tcf4,1,0,31.950063073543546,3.088150093966773,9.938421363215182,48.36917264729919,9.000425714168024,16.03810590607274,1.3847157016211717,7.580441108715079,2.902818434742709,0.9056192513109842,0.3315770154478395,0.761397614939059,0.541740945314576,1.0,0.2625271746155098,0.050124387430012685,2.0515938647688037,2.518667963142966,1.0,0.0
3075,brf2,tead2,0,1,2.1681353034106907,8.516975121251232,178.1282691785074,178.7200454351634,5.088056465002616,159.67118035388492,19.847267955724043,2.142062622109011,8.129557798542038,0.028564003279590227,0.8934150613329545,0.7486468037200654,0.5395062314302044,1.0,0.29990123869861884,0.0611272971514296,2.514020597814362,4.505007759301723,0.0,1.0
3076,brf2,tfap2a,1,0,14.241496191789384,0.277112150123442,59.60375509713086,6.365338285842596,28.99485331981044,2.0604195470833746,5.410953412443307,11.494938894730222,0.2655514852022187,0.48646017809717096,0.3236936443214709,0.7862282897347455,1.150278097473967,1.0,0.22961885424999556,0.030390170892397927,1.5152987481570586,0.9113124116777864,1.0,0.0
3077,brf2,tfap2c,1,0,1.501118065992276,1.8253285596893292,69.75747544284107,50.73717387297296,32.03820264626049,4.610028653988863,23.576519245941324,1.4694958385935686,1.76194070339223,0.45927984696797736,0.09086096646870129,0.7876253832381986,1.0642720483018593,1.0,0.16665670655341328,0.0274001552223464,1.5311536027692183,1.243482362341692,1.0,0.0
3078,brf2,tfap4,1,0,11.853874916898233,0.5607360341724767,13.05651735193902,5.084726082285649,8.819732576879291,3.922535935399984,2.3332010413581745,6.213082550844179,0.5050408769766045,0.6755042205469497,0.7714350531222233,0.7684476020427277,0.6193350411057149,1.0,0.2621839198586572,0.047627510556812094,1.94880392846129,1.877759437308741,1.0,0.0
3079,brf2,tfdp2,1,0,26.94153686858541,2.807208464485073,15.321134058156106,51.51988490868979,10.750260921977233,10.980980850771052,1.649700059820855,9.76689094761332,2.662153412322688,0.7016622190740771,0.21314063240306086,0.7726434341794752,0.6292038243456796,1.0,0.29047362162680923,0.04522978675840665,2.2832427619444484,2.5639023476360054,1.0,0.0
3080,brf2,tfe3,1,0,2.27528623375619,26.312160221020207,42.28995956251316,11.712855681140828,7.232853903122763,8.46037619054004,1.5204571961046796,2.1591211065809284,8.104941655273553,0.17103005010991162,0.7223154131543097,0.7648270608228415,0.8971499187910458,1.0,0.22300878099304677,0.03174535921421646,0.6587992218960669,1.3010957496190707,1.0,0.0
3081,brf2,tfeb,1,0,8.963561196339814,3.6052219461243595,14.680514182554967,28.98192771225411,8.827668167055704,6.0287582671593825,2.9659297047338713,5.5654401857695746,3.2063645616315464,0.6013187315704329,0.20801784915812585,0.7634620351239669,0.8824044524255444,1.0,0.21962840079871795,0.03754789459031348,1.5622699834170186,1.8334534467107393,1.0,0.0
3082,brf2,tgif1,1,0,2.6834681208775693,16.804670627380233,58.32444656962626,41.53171216404688,6.24650155054155,92.58858408798892,3.63115716834608,2.5654342363841023,11.963833033722713,0.10709919969981427,2.2293466670064443,0.7611437828446981,0.32361922899116874,1.0,0.3348329604560595,0.07569750444775322,2.3494607225151674,9.203686320961257,1.0,0.0
3083,brf2,topors,1,0,22.621078386900955,1.286344904842836,4.835008178228875,28.31684861695352,6.940882458682598,23.006608853274585,1.265379829243619,3.9835647641033507,1.2304494754190878,1.4355472013338209,0.8124706659448095,0.7608542489812251,0.2812993877450807,1.0,0.2588217465798342,0.05237809546140601,2.120756770760558,3.7062365332067975,1.0,0.0
3084,myef2,nfib,1,0,10.10133251298998,9.999999999998899e-05,84.8101251214665,9.35011516269841,61.44446679502339,2.705244738479037,7.218228051461864,9.026257689769215,9.999893050588368e-05,0.7244944717039573,0.2893274244654665,1.497079556408626,0.8133544971398433,1.0,0.1350124196358632,0.03526938599186666,2.8622202879168523,0.5600940061218647,1.0,0.0
3085,brf2,ubp1,1,0,7.158664235558207,0.8859297618323573,59.85066973695341,58.81115904748606,27.61148782776741,4.182659683753882,9.186472265839578,6.393898036591323,0.8727821936920191,0.46133966335082355,0.07112017092498833,0.785513092600106,0.6254336734693879,1.0,0.2463918271029365,0.04418338527526782,1.3879002387247605,1.4733615385734367,1.0,0.0
3086,brf2,usf1,0,1,19.252948354474043,2.05939627053567,10.698784579358211,34.77894541029862,8.59898061518544,12.926036403861744,1.6478146954788937,6.877169592059122,1.944268585477503,0.8037343449064256,0.37166268992256823,0.7657461936225223,0.4421184400079659,1.0,0.3289636138264723,0.057049112145460955,2.4831950666497593,3.8111613551071204,0.0,1.0
3087,brf2,usf2,0,1,6.386787796716124,67.00930093059425,161.08609833414977,56.78852333921591,12.488257131827742,29.695097775196455,1.9207213640784047,6.143219662777074,30.73849861487093,0.07752535607338792,0.5229066724946905,0.7647098552806891,0.6779053552111981,1.0,0.28543416003382027,0.04658929784627125,1.6288516775092745,1.8418097080785332,0.0,1.0
3088,myef2,nfe2l2,1,0,1.3494116532177134,5.241462613648585,9.89618974784919,12.42446687295791,3.2039558724285024,17.780845487834835,3.82990232689316,1.1874895162951822,3.6863261940730068,0.32375651175492476,1.4311153685423064,1.3768006530612245,0.3229574319439614,1.0,0.11898499414657415,0.033284153727843144,1.7625143367955247,1.4529325400657012,1.0,0.0
3089,brf2,xbp1,1,0,6.227431261369157,111.07748857292695,301.7192016501136,129.02272520906112,25.413119872463366,87.36682598919329,2.201458540360207,6.101497427482344,59.68974395862245,0.08422771813486866,0.6771429284851102,0.7825453710896124,0.7125787026432115,1.0,0.19016141239434103,0.04057571031510452,2.1391106535458224,3.6456411519727614,1.0,0.0
3090,myef2,nr2c2,0,1,17.375218596865132,0.03933854726671965,2.7949454167564363,21.17491964924097,5.9137071173297295,4.866622861242427,1.1244107960624206,2.407654570862853,0.039265600040060994,2.1158578202906906,0.22982957866462908,1.423359308139273,0.9568630460301726,1.0,0.0985305371632694,0.023032004067508077,0.5602235576203715,0.5328772345122844,0.0,1.0
3091,myef2,nr5a2,1,0,3.7626256734303656,0.0001,7.974112092990403,8.051770154657694,7.6260501887949,6.366582311997894,3.1193332930315885,2.5563831689022325,9.999875805250112e-05,0.9563510143654157,0.7907059180415164,1.4392013867837332,0.5257853260033961,1.0,0.08554716282900089,0.026256578334971824,0.9191351577831615,1.251722928458496,1.0,0.0
3092,myef2,polr3g,0,1,6.42896794693714,0.13551699691716065,4.955172635992362,11.417451552645412,5.340845870430687,10.442484704834499,1.683668077557476,2.798335615786746,0.13392737461578763,1.0778324516157018,0.9146073146607735,1.4228037510710125,0.6597188856836506,1.0,0.12946229651953023,0.027619834020667786,1.163152557922444,0.7732900940901817,0.0,1.0
3093,brf2,zfp57,1,0,1.5935226631286694,14.821434691113858,19.817402558905638,2.092560082244179,4.452179509113133,25.954380582212803,1.2329476882387471,1.4749236557727685,1.8336734172974087,0.2246600933638698,12.403171025979749,0.7483591377484617,0.3294511105156038,1.0,0.3376467265878961,0.07224378614771376,2.5818137272910073,8.480106099252565,1.0,0.0
3094,brf2,zfx,1,0,13.604604423949981,0.7857370474449126,7.789938710268185,6.679901134006712,6.960078980517244,2.3707367121764826,1.7575757320831873,4.953554463638543,0.703040472453998,0.8934703133598375,0.35490595812972414,0.757290931080105,0.7830103068640575,1.0,0.21931400232685297,0.03608489041285072,1.310796527479144,0.4339766892665918,1.0,0.0
3095,myef2,rad21,0,1,4.68737962659123,0.0001000000000000076,207.35970894019226,108.57047908935769,140.18269066153752,14.442355299572432,45.23562441045985,4.583763359505051,9.999990789402378e-05,0.6760363012564303,0.1330228568641188,1.4843577164795807,0.38591476251457435,1.0,0.15752652753422772,0.04413396158314483,2.5167891367703357,2.9681217677979976,0.0,1.0
3096,myef2,rara,1,0,3.613805037356239,3.7732211931679682,76.06436032777968,85.5368413484125,4.569425257186402,27.585616546505037,19.691873507176187,3.4499008261062185,3.6138080456747232,0.060073143815259154,0.3224998271112452,1.4087679152113692,1.0763798953896366,1.0,0.11342169619593585,0.0195586275089765,0.8297005055042842,0.7485243911187338,1.0,0.0
3097,myef2,setdb1,0,1,19.10458821580269,1.6974198973144412,6.9352622752455755,24.776273756570077,8.05302961618886,16.7905910871192,1.423688151788479,5.088175524767532,1.5885860358416883,1.161171603406117,0.6776883098761667,1.4378604802684145,0.45362451561737804,1.0,0.16101147714231892,0.03547835925114221,1.253117720244217,1.1113205430164295,0.0,1.0
3098,myef2,smad2,1,0,3.5812117326129433,0.6077319797828823,6.57654923308562,0.5277587327695753,6.759871961241065,2.037210236751676,2.551002876975506,2.318622711556707,0.28246453799061055,1.0278752156576547,3.8601165840701346,1.4355867346938773,0.7603877339168982,1.0,0.1078997756791527,0.0233519451469305,0.6467390230447567,0.9501897844364403,1.0,0.0
3099,myef2,sp1,0,1,3.9258199274154078,9.063184398088891,53.83454303039677,53.87639607142615,5.876691957798405,14.849099750940377,7.450954481437837,3.658992274103243,7.758102431844339,0.1091621034932948,0.27561419905025414,1.424095534489466,1.0063918472254454,1.0,0.08726122272162469,0.021677576429421114,0.4309653775940301,1.042463297783698,0.0,1.0
3100,myef2,sp2,0,1,3.4630461535128987,0.00010000000476395599,225.2581451191357,56.749931301336595,154.5327641198413,6.702628956833644,21.531241315822058,3.410612495771651,9.999982855258265e-05,0.6860252002790452,0.11810814221506875,1.5050991810556493,0.5711534483892374,1.0,0.05755984591264092,0.03246427061817505,1.4286898090241034,0.26929088858005135,0.0,1.0
3101,myef2,sp3,0,1,2.9118419596625476,8.72212222443864,32.35190822369597,35.959679817785926,5.347904636383475,16.54644297300501,5.583893239058169,2.6714017468671227,7.01951819727441,0.16530414834901244,0.4601387736723122,1.419558071585099,0.5795486214328183,1.0,0.09160539189567282,0.023212921999970937,0.9945993897234775,1.1786408624561209,0.0,1.0
3102,myef2,sp5,0,1,3.554095072025197,19.132717102696645,47.98388634230702,22.786214150710784,9.330045233024888,186.96728050067668,1.4591214274119295,3.30900220198351,10.400126533559343,0.19444121650477195,8.205280581673305,1.4436246913580248,0.9457717328225197,1.0,0.1187021581491052,0.07342391442295403,3.4327957351975344,9.772665128037541,0.0,1.0
3103,myef2,stat6,0,1,2.4370973803811853,0.361707579168844,11.850850358038773,12.16791618330105,10.286847261039753,2.4745122906542565,5.755361682479047,2.0214013161038915,0.3512657354783679,0.8680260867577227,0.20336368638454433,1.4719075241346093,1.0037773860488537,1.0,0.13574367306800256,0.027334661318254405,2.7012631084470042,0.29079640793762557,0.0,1.0
3104,myef2,taf1,1,0,0.7031689062527052,3.762938113077594,13.915065389385532,30.950703930677662,3.1771212520989747,32.150809702273236,9.422413488804262,0.6693449504505905,3.3550378638037155,0.22832240907200446,1.0387747488484762,1.376860879904875,0.49451300423609185,1.0,0.10218553238475409,0.03319448580972782,1.7146557999379617,1.636073129545059,1.0,0.0
3105,myef2,tbx3,1,0,1.5347180563370895,3.1922554666286413,9.129700003978307,21.90232639103537,8.184190745724106,36.79370167146859,7.848855446555807,1.313856542926255,2.786171993231047,0.896435889696026,1.6798992497220873,1.4396580374105283,0.35526708172400495,1.0,0.02833419925472408,0.03747611484847008,1.3275436353636918,3.4971763443094184,-1.0,0.0
3106,myef2,tcf4,1,0,21.919817214041963,3.038173531681442,2.6294163996148114,23.431644429771197,6.082939531589158,17.00451544559399,1.1673630356382816,2.3477851800268748,2.689455666600094,2.3134181153202893,0.7257073013616072,1.424850609791611,0.5434336264708124,1.0,0.1674781026618686,0.03765348754713224,1.5835097156276083,2.195435465507263,1.0,0.0
3107,myef2,tead2,0,1,3.276920653918318,8.356641613023909,40.52394877547119,35.4293286968408,5.643705170397738,36.948407063768705,5.663360070420385,3.03176093193181,6.761759541110801,0.13926839167790642,1.042876295510035,1.4173553719008265,0.5318668875067604,1.0,0.13270720667057403,0.03690146180021412,0.7840038257894438,2.000043919855667,0.0,1.0
3108,myef2,tfap2a,0,1,1.8287382477148202,0.014054022754883875,10.621810924723793,5.009302140889045,8.999868868587816,2.2270955498184497,6.755141339233774,1.5601329410462434,0.014014703314023939,0.847300797610634,0.4445919785192249,1.4343898422993961,1.1679069424745345,1.0,0.08856224131166571,0.018729526475691868,0.9683445375199056,0.08545668702446003,0.0,1.0
3109,myef2,tfap2c,0,1,2.0768083969172584,0.0001,17.8030980033919,8.170467308159877,14.493567427561342,4.592669549658201,9.466849062971791,1.8598489691083346,9.999877609477742e-05,0.8141036703162553,0.5621061043927664,1.4764299014071611,1.060132397495978,1.0,0.09161767458066768,0.034056598208116066,2.1011672280175158,1.4174675355700963,0.0,1.0
3110,myef2,tgif1,1,0,4.499288407341609,6.901485979380972,70.08657572345867,72.67182218733637,5.521208308898974,151.71381632622578,12.263225560177176,4.227875098555139,6.302912037679322,0.07877697336340218,2.0876566977381104,1.4269723006360522,0.331935790687409,1.0,0.17638914120282057,0.05008967206476026,2.466196915272689,5.0708166231656,1.0,0.0
3111,myef2,thap1,0,1,3.054974285566999,4.008451477090215,109.17753801701184,144.37504123408445,6.041469978604987,55.484790355756395,30.575098913859634,2.9718177412288114,3.9001666338734418,0.05533619907845528,0.3843101264698195,1.4358792914536158,1.0526138877242692,1.0,0.0876952861889397,0.019434581662448314,0.2635598516050663,0.9808684469197713,0.0,-1.0
3112,myef2,thap11,1,0,4.5090616042579965,6.952348718530283,61.160712837982004,56.567221675263696,4.963227131219118,53.801724100285576,9.809995490539775,4.199457426024121,6.1913997321880805,0.08115057691310715,0.9511113062816828,1.4082066679176832,0.49528466058303816,1.0,0.16576542816873863,0.037469747382517966,1.556282625676603,2.2863951058011986,1.0,0.0
3113,myef2,ybx1,1,0,3.7756315310607347,8.212118744120213,40.90515163181174,30.613756501525685,5.032031740429664,1479.9756980850025,5.16426838363758,3.4565817640417547,6.475161268188143,0.12301706605864962,48.34348564872284,1.4049586776859502,0.2845791514809728,1.0,0.2272176270030992,0.19562099368271724,8.762912164376974,186.93777218279422,1.0,0.0
3114,myef2,yy1,0,1,1.5744617284710305,2.612607132634724,134.91258890468814,184.43558157598758,4.637295346647153,261.9925905787932,45.97733678817329,1.5562993480626306,2.5761153810886737,0.034372591796628174,1.420510014066088,1.4025947945567445,0.4868388710834527,1.0,0.156655876445734,0.038313790525191044,1.9682101005301824,4.187462553715106,0.0,1.0
3115,myef2,zbtb7a,0,1,1.4398819106089684,0.9941576184429657,8.13579704328803,0.6709854851324409,7.363494426443886,3.3731339861493574,1.7893125221786095,1.2233688125319717,0.4006054077134501,0.9050735148953492,5.027134060110941,1.436886210534859,0.7449989935684228,1.0,0.02098265293042455,0.0188090521972088,0.5863306935788097,0.22884922005954117,0.0,1.0
3116,myef2,zfp281,0,1,5.8018747807185775,0.6264275839033041,24.65373805563902,2.525290838058885,18.995467603544125,3.5103981440351455,3.4097508721474767,4.696602292786462,0.50192042135335,0.7704903638010104,1.3900965746715666,1.4764123456790124,0.5571291283430202,1.0,0.1620933360284122,0.03699807862777698,2.4206212386146126,0.1730639594774911,0.0,1.0
3117,myef2,zic3,0,1,3.622472995959334,0.35944580976861223,28.599686464935647,22.09480919615058,21.95818917582285,4.399265135522305,8.88172697754772,3.215228080472527,0.35369183173076796,0.7677772692628803,0.19910853705352463,1.4868186623854647,0.9773795478109729,1.0,0.11021992850841779,0.030901994711118094,1.0900427635284924,0.6090806355318323,0.0,-1.0
3118,cbfb,ccnt2,0,1,3.1431455679518336,5.451313218539475,9.999999999998899e-05,9.999999999998899e-05,3.6632883814794375,2.9371015333934993,14.7293819866121,9.999681857499885e-05,9.999816561327144e-05,36632.883814798406,29371.015333938227,0.43713752829334546,0.5116442853926371,1.0,0.15901582721749163,0.030453380840660505,1.906703730433358,2.0931229651123155,0.0,1.0
3119,cbfb,chd2,0,1,0.9925793352485727,2.576283833808387,10.099294709363106,6.734240846093746,3.728331420147305,8.249786847015583,3.681298770908774,0.9037563164512122,1.8634090366801754,0.3691675040130031,1.2250507571021823,0.43982066015614946,0.6655882667476486,1.0,0.1752471984948659,0.03285034470788721,1.178946860956144,1.7529551245069512,0.0,1.0
3120,cbfb,e2f1,0,1,1.032275738811045,6.0677773006093485,0.7618453674702133,79.99064573459968,3.6761850028841656,110.39748967647726,1.7959427514679192,0.4383396900085294,5.639952573275839,4.825368978866827,1.3801299972344792,0.43567556876380986,0.6963617959183673,1.0,0.30372656963536293,0.059150634771183985,3.2261668986526857,5.474060832274027,0.0,1.0
3121,cbfb,e2f4,0,1,0.9913080096859993,5.992302341889493,0.6248212536294475,318.2029221613821,3.591008891230746,1741.7982463675994,1.6244542713096735,0.3832554285133452,5.881542883875786,5.74725790835599,5.473859996434025,0.4309441114815174,0.37132144505671777,1.0,0.3336522194389969,0.11204051913754887,5.772343990038071,29.41500279201324,0.0,1.0
3122,cbfb,e2f5,0,1,2.0070166229933024,1.8626452412423777,0.00010000000000010001,0.08563972352505805,3.711858792163297,2.772963751418784,8.564776055268087,9.999501772857404e-05,0.08187530385438435,37118.58792159585,32.379410363316026,0.4397039776513025,0.7735673836077767,1.0,0.17566553496140053,0.030896362416008655,1.1581515103397448,1.630144982776006,0.0,1.0
3123,cbfb,e2f6,0,1,2.065188598936188,1.6632527877994985,0.00010000000000024365,0.282203346576245,3.661171836490572,1.7343021442525346,6.537791708705515,9.9995158061928e-05,0.24126758482267216,36611.718364816516,6.1455761077729285,0.43769230769230766,1.2552350189351746,1.0,0.13282168737685648,0.023669066104942512,1.05550343609295,0.8810685863329374,0.0,1.0
3124,cbfb,ep300,0,1,3.2060058089866375,3.262814547849464,9.999999999998899e-05,9.999999999998899e-05,3.691898516832746,2.2514629068098437,12.165310731262515,9.999688095133754e-05,9.999693525530955e-05,36918.98516833153,22514.629068100916,0.4387057396964493,0.7796108112666553,1.0,0.1977337732337488,0.030996398727758435,1.568587677378031,1.35687070521453,0.0,1.0
3125,cbfb,foxp4,0,1,5.1496537005931495,3.05575351516572,1.8148213918774982,1.2346301406162223,3.7044156882078267,4.9052632985566085,4.459614280900496,1.3419104200259522,0.879344528322834,2.0412012470138867,3.9730629742347925,0.4384813109829134,0.5997815584961144,1.0,0.23544608051231897,0.040552664192272485,1.7083293635072538,1.7791443506877378,0.0,1.0
3126,cbfb,gabpa,0,1,2.2070664760383787,3.286504063759847,22.2817760352958,9.612249009831803,3.636577953984065,8.261331872988237,3.6815157948482913,2.008153749665217,2.449127853866837,0.16320862162080285,0.8594587868602038,0.4333617021276596,0.5531237628428691,1.0,0.27538615827069685,0.046023912154097124,2.2564176939165335,1.9261919287280191,0.0,1.0
3127,cbfb,gtf2i,0,1,2.024653958933765,3.703034127456217,13.568326038449165,5.272368270743703,3.529204831806339,5.437651667023188,2.738368106340676,1.7617649118039562,2.175251735008213,0.26010613408061356,1.0313489854638265,0.42890450632373256,0.5655393767024515,1.0,0.21537974794552342,0.0348729734796193,1.2149406643498368,1.9133431644714383,0.0,1.0
3128,cbfb,hdac2,0,1,0.9688360700620331,8.074576129823086,0.5993587644970925,30.8710409513238,3.548458791539213,89.40014329743552,1.9679009953369757,0.3702858708343139,6.400478129515094,5.920425297387015,2.8959225391329704,0.42830150801242295,0.2318813894631504,1.0,0.3226554866307656,0.08297381777475299,4.115534665383624,14.2410732689319,0.0,1.0
3129,cbfb,hif1a,1,0,8.605460574047083,4.218704084005231,4.816205275563179,2.0873171541783004,3.727503517874619,5.316101722227589,4.1655325942933015,3.087967252334776,1.3964071908966014,0.7739502999981136,2.546858636976201,0.4379529310757661,0.4598207864121367,1.0,0.23907188474905225,0.04389032436466957,1.4739831831229149,2.446198969964049,1.0,0.0
3130,cbfb,klf13,0,1,1.0264823251211768,5.3576584696740905,0.8023133464801733,24.71407795724074,3.6889487069636995,43.417723705449376,2.0410720092605743,0.4503294064828935,4.403124156451679,4.5978902421946195,1.7568012766071588,0.43620452640281643,0.60040634706268,1.0,0.22290239262336478,0.04988694594410724,2.617190354200085,4.968894531264169,0.0,1.0
3131,cbfb,klf15,0,1,1.0051274887581474,5.22983830799165,0.7649541626005445,17.12278716965625,3.6498530813312855,50.117890787392504,2.138612694028552,0.4343734402758185,4.006214320058441,4.771335669216067,2.9269703752557157,0.4334154558231295,0.5692332866587326,1.0,0.24480124237746786,0.06578188507680807,2.940150875182344,8.415078711807148,0.0,1.0
3132,cbfb,klf2,0,1,0.9990518010338006,5.67690165954982,0.7170804173247487,91.38847839967605,3.6635319967527042,2144.701482251123,1.7627846756961958,0.4174506339025464,5.344886141426513,5.108955576308225,23.467963574921775,0.43658842875444553,0.3444470186008508,1.0,0.32496908013631903,0.2090801233946502,10.14454149615185,121.51896647211576,0.0,1.0
3133,cbfb,klf3,0,1,1.0909625035516999,2.524304095663231,11.049469920130337,6.933262406823472,3.6974188951962264,20.300272221150152,3.7396452186867375,0.9929265240561012,1.8505460876485134,0.33462409707637925,2.9279538303889003,0.4385984273045107,0.41907239940068486,1.0,0.23509023113990557,0.05908371874308366,2.7293393506035257,5.841936730557978,0.0,1.0
3134,cbfb,klf4,0,1,0.813539272079899,2.7684187606991872,4.752498220898611,6.723376440308651,3.717101494400205,52.28717222155141,3.9940930876188507,0.6946313150186677,1.960969561439447,0.7821363252814367,7.776921712738585,0.4402833936801389,0.3043820239438799,1.0,0.1380720169208899,0.09040515793696642,4.741280230231021,11.803289323250286,0.0,1.0
3135,cbfb,klf5,0,1,0.9857762297676996,6.8782253833901965,0.6662063214738208,49.33939052046482,3.612580933019706,104.86966333249964,1.846696969723581,0.3975407339116967,6.03667449824373,5.422615812212262,2.1254754512827265,0.43410531044506395,0.3004755025119508,1.0,0.25488963281166405,0.06773851513627796,3.3981521428567536,10.273491969051683,0.0,1.0
3136,cbfb,klf6,0,1,1.0679024669273072,4.4367326564632465,1.0224907748061167,12.585656184170157,3.7608850456022105,33.11892689067611,2.3829646097603323,0.5223516795913523,3.2803381662880975,3.678160369041319,2.631481935151864,0.4393982374995445,0.6751034624109972,1.0,0.17984825225831594,0.0450630068630142,2.592733289072937,4.290123953928738,0.0,1.0
3137,cbfb,mafg,0,1,2.0552266575058544,1.7925012732771326,21.064919898398838,11.154937298629275,3.5890434661131687,21.610313721647245,4.93950781813235,1.8725307302326806,1.544339384201103,0.1703801145897533,1.9372868841049187,0.43122214917086715,0.37267941916806824,1.0,0.31390214528726407,0.05798969404014645,3.425775718804603,6.257007645500891,0.0,1.0
3138,cbfb,maz,0,1,1.0173527800865583,6.945517351211297,0.7915529468980654,33.28891397656942,3.6829011138296304,63.19431502109248,2.0374669881852796,0.44517996659496445,5.746539021358063,4.652753967074684,1.8983591674264932,0.4381739090193902,0.3590391986977525,1.0,0.28386511536109815,0.0667851055946378,2.9082094155025207,7.121205764753563,0.0,1.0
3139,cbfb,nfe2l1,0,1,1.1867479547446735,0.33775472047714805,0.08196668643918707,0.00010000000000003062,3.6443910309970993,1.6245963317403609,10.386644260573208,0.076671139696264,9.9970401479146e-05,44.4618562652396,16245.963317398635,0.4336796704819849,0.8242856556950364,1.0,0.14711295885060802,0.024060402773828152,0.6450195296112181,1.3150595416866788,0.0,1.0
3140,cbfb,nfe2l2,0,1,2.242899002184583,4.1169016080535075,18.939700959040128,9.659474422914508,3.629114862391593,14.732468319897503,3.4741520943062483,2.0054118219890813,2.886615877445251,0.1916141585466468,1.5251832216614891,0.4343904994355267,0.3189375254989498,1.0,0.27304397146023657,0.05078448041171691,3.5192758924296426,3.4887203906022712,0.0,1.0
3141,cbfb,nr1h2,0,1,0.9294782362135383,6.277656927300518,0.5341121009616138,83.79733181143735,3.5262572880312475,90.97772289706185,1.6573131185388377,0.3391970833179237,5.840143950072291,6.602092110780836,1.0856875861129085,0.42947392762169034,0.4627606758642873,1.0,0.22406836771186633,0.047598351578771715,1.9888281554712526,3.570574388681103,0.0,1.0
3142,cbfb,nr2c2,0,1,2.7075756108563915,3.242734834837793,28.938373716834946,21.50601389936987,3.6731172109004335,5.2570993547305624,6.015117704930724,2.4759198746800872,2.8178515681320215,0.12692894379076983,0.2444478730149336,0.4372315168454568,0.9439057880945982,1.0,0.15388431162641178,0.026106049496725736,0.7113150764453201,0.7814539980750524,0.0,1.0
3143,cbfb,nrf1,0,1,1.0416480510558908,6.750066192907607,0.8508658984327517,56.21422136703942,3.718159229512544,73.4427559678751,1.9318315634007774,0.4683203550768408,6.026427518123044,4.369853388602351,1.3064800006451291,0.4401582399368076,0.5072030921965365,1.0,0.3035909981794549,0.06239610544450368,2.4721303544074815,4.9349249315420485,0.0,1.0
3144,cbfb,patz1,0,1,1.7021859508443924,4.177658753489553,12.323551602235355,7.265656220270333,3.661563738956709,8.41218375292961,3.0990993557845847,1.4956059403253865,2.6525034378639556,0.29711919559719635,1.1578009608355264,0.43693091675153484,0.4348303643725284,1.0,0.18018095613023324,0.032674681600285506,1.6657299677294437,2.746226906339373,0.0,1.0
3145,cbfb,pou5f1,1,0,0.9862742446207831,6.3957403991756685,0.6183144398986158,93.86570469397233,3.5792278072346084,2505.4627047016784,1.6943677447877974,0.3800522919253811,5.987752111996639,5.788685458844354,26.691992702448317,0.43093433569624046,0.27402479017302867,1.0,0.3229679261453196,0.23615484387232819,12.054589661615278,129.00663194671074,1.0,0.0
3146,cbfb,rad21,0,1,1.1710002365333831,3.581570508262115,8.517695724130995,2.9676604420878734,3.6531313559520626,13.07758204177326,2.0799742724087245,1.0294701937362503,1.622921103026613,0.428887280582539,4.406697564284893,0.43443701576044513,0.38027464313271603,1.0,0.2549351060098389,0.053895194122359186,3.1656861292832623,4.95248523771248,0.0,1.0
3147,cbfb,rarg,0,1,2.404195193109987,1.613912507988164,9.999999999998899e-05,9.999999999998899e-05,3.7587664547323523,1.8897335768452594,12.154493689450955,9.999584077693324e-05,9.999380426113908e-05,37587.664547327666,18897.335768454675,0.44031348750359084,0.8033932385320642,1.0,0.18530437288357235,0.029654002654795925,1.2570348279778611,1.182005303453098,0.0,1.0
3148,cbfb,rest,0,1,1.025916764716139,6.6012766063718376,0.9065897241598895,16.981738200071014,3.72934118905883,89.13903031337306,2.395771210186865,0.4812845918442224,4.753469903476203,4.1135930506103,5.249111089994327,0.43981392531933483,0.29113816392530223,1.0,0.2907029775005279,0.08518461216002811,5.607572848914463,20.518083003870135,0.0,1.0
3149,cbfb,rfx7,0,1,1.1590306168982074,0.31984402923862354,0.138879495107711,0.013371036971330644,3.635391661165854,1.6012740081036645,9.091945928765675,0.12401905601954959,0.012834492715627508,26.176590419963343,119.75690528244128,0.4338556247316639,0.8702061766565886,1.0,0.1392122365323055,0.01630727544008707,0.42721961519544976,0.4439871093031571,0.0,1.0
3150,cbfb,sall4,0,1,1.0449962629199478,5.31173714880132,0.8167795539504765,171.2023703111244,3.7048503663687447,188.4955166941434,1.7717407216951528,0.4584502461431821,5.151894108808827,4.535924471235453,1.101009970548844,0.44004200995925763,0.5404983735260941,1.0,0.1664329788880184,0.046547978893739864,1.9854635012600401,3.7515647485171133,0.0,1.0
3151,cbfb,setdb1,0,1,2.315909824932885,2.051381683161961,23.398156283864438,11.655157658273975,3.60331453320464,13.689203988049536,4.769978386930784,2.1073298868348913,1.7443627701318292,0.1539999344174616,1.1745189888814243,0.43467598965512394,0.4481989537061262,1.0,0.302369609095096,0.05558476976473921,1.9999787494782173,3.982650192707406,0.0,1.0
3152,cbfb,sin3a,0,1,3.3571023745067734,2.772987544899541,9.99999999999994e-05,0.3916657688787526,3.643506041380075,4.958282797140883,8.043190492405717,9.999702132940275e-05,0.34319218921569716,36435.060413800966,12.659474457865658,0.4353517422748192,0.610718729149812,1.0,0.26495841907112133,0.043479385811837815,2.5074461494585742,1.8705147245039944,0.0,1.0
3153,cbfb,smad1,0,1,4.406525503933018,3.3573624237112156,9.999999999998899e-05,9.999999999998899e-05,3.7575392081071763,2.043651286694047,9.449114076340129,9.999773068983521e-05,9.999702156010255e-05,37575.3920810759,20436.512866942718,0.4407302527485903,0.953416990841873,1.0,0.20750639256595427,0.029903061945154286,0.922559803011015,0.47424268362338634,0.0,1.0
3154,cbfb,sp1,0,1,1.4140763899185325,5.067453308283976,10.740127254001298,2.7931412486946083,3.7328748154882474,2.3574815948627137,1.7554272178200627,1.2495561880931056,1.8006415110974017,0.34756336933508336,0.8440251977820661,0.43802983843953724,0.9419823800131492,1.0,0.14190328806451,0.025794564281216906,0.3399910606406301,0.5077711119456345,0.0,1.0
3155,cbfb,sp2,0,1,0.8152508981826254,3.223160658924121,7.613074450085207,6.613895265033714,3.760431559148435,7.867484233848248,3.352261820293231,0.7363937113128551,2.1670759204065053,0.49394388348669677,1.1895386785820448,0.44046614437885767,0.5824271746340257,1.0,0.12973535463627664,0.027313317310818205,0.8956588270621968,1.1389549203531943,0.0,1.0
3156,cbfb,sp3,0,1,0.9972759617957206,8.772343898500475,0.7062013016788353,26.994017701170208,3.6201555038222035,12.559248857091296,2.1584561339168715,0.4134352699939455,6.620768674414303,5.126237370585547,0.4652604512646091,0.4346133909538841,0.5640976087404659,1.0,0.17805703151034627,0.04120761690203011,1.500716330930333,1.5450206729069247,0.0,1.0
3157,cbfb,sp5,0,1,0.9993721739710877,4.330362258123686,0.8528405276958815,11.70384350846,3.6554957003871116,100.97710688556546,2.2801609989800617,0.4601550844819379,3.1608601599491375,4.28625936699228,8.627687717507092,0.4376041986349281,0.9113332915948777,1.0,0.22009456441224665,0.09610064644434943,4.3259471113281736,15.059960724320742,0.0,1.0
3158,cbfb,stat3,0,1,2.671945833400689,9.557860360144455,18.673122489108486,7.127908432685978,3.7212126694497343,4.01862689555628,1.995566611241545,2.337475386702767,4.08297359896188,0.19928175759679262,0.5637876711670886,0.43924519226639885,0.5017059393275497,1.0,0.1345816826327076,0.028261175867426196,0.9520824384052597,1.0743841248548227,0.0,1.0
3159,cbfb,taf1,0,1,1.4416923736503582,2.3513113472864893,13.975413381632528,10.352256291433118,3.63924207750798,13.782879012512781,4.814422100494198,1.3068760901511427,1.9161056468793682,0.2604031793643348,1.3313888899677486,0.43551364167989576,0.47777182305832716,1.0,0.20007627972380249,0.04026669201500656,2.665107760324584,2.80033134884398,0.0,1.0
3160,cbfb,tead2,0,1,0.9720619080538155,6.241779880504505,0.6957761320795273,20.500764273964037,3.626139988009147,24.209669137076588,2.114106474268162,0.4055174772686298,4.7849321007407815,5.211647569989767,1.180915443617039,0.4341317756948214,0.5272164461247638,1.0,0.21963660340716928,0.04152070481754843,1.9890916790279127,3.1298831427615736,0.0,1.0
3161,cbfb,tfap4,0,1,5.021521618223646,3.008342448864883,0.9199726253559211,0.6386131478879513,3.6248871014138997,4.499595014406011,5.587999606324974,0.7775253559137536,0.5267865182962782,3.9402119166442535,7.0458853365096905,0.4340882201989563,0.641024974249263,1.0,0.23391820781673328,0.04357901390610108,1.1971134483770696,4.276087493024192,0.0,1.0
3162,cbfb,thap1,0,1,1.061470248709842,6.114332917800063,0.9051760562114657,91.71258392857389,3.780892224483445,37.16628949689699,1.8821775641117995,0.48855630578240855,5.7321776967743165,4.176968887475918,0.40524743611893255,0.43904680075235114,1.0399149938980767,1.0,0.1797648646274882,0.02850354799061718,1.3211593566692281,1.5393884094456525,0.0,1.0
3163,cbfb,trim28,0,1,1.016595794867496,7.272700531066997,0.7871490036029791,24.968458632107012,3.656567145935955,216.08916051681746,2.152520396332797,0.44363945923807274,5.6321834284748595,4.645330336694739,8.65448539298088,0.43836438314020754,0.2409352896888233,1.0,0.36447334781816026,0.14044806440370144,7.466437480952134,41.01892379482957,0.0,1.0
3164,cbfb,trp53,0,1,0.9555077059453071,6.585089521747205,0.5939970318272223,225.1207263742861,3.588655117395436,1768.018892665311,1.6329077596608954,0.366290420018626,6.397940986688931,6.041537120743188,7.853647778862439,0.433267587113741,0.2808906088319297,1.0,0.3742936358490777,0.14498593875314544,8.221779744414384,43.17520706463536,0.0,1.0
3165,cbfb,ubp1,0,1,7.098595558466107,5.616353182244664,0.9624891828802455,0.0001,3.726594686733722,3.3825749073950884,8.289691079561859,0.847568492069252,9.999821951689518e-05,3.871830201334731,33825.74907395088,0.43544345383802724,0.6121324025536826,1.0,0.26144257559064277,0.04247939827853343,2.0094812664123536,1.770452790288599,0.0,1.0
3166,cbfb,vezf1,0,1,1.7352909935303222,3.4152814940378806,6.107183628283054,2.1595767101840253,3.7036411597140275,2.177318470474148,2.0961256101901355,1.3513261128723877,1.3230044788692759,0.6064401179231044,1.0082153878611753,0.43580903682580263,1.166825396825397,1.0,0.13038680011740292,0.027510104333868166,0.5747004929852237,1.5113934710174415,0.0,1.0
3167,cbfb,yy1,0,1,0.9926252234614015,6.434642593675777,0.687778802212192,173.04193063462367,3.650692521744963,250.34617380188612,1.7053610826822592,0.40627526285782833,6.203946048920163,5.307945679632417,1.4467370589530095,0.43573115122833644,0.4868904927547181,1.0,0.3085847764228409,0.07439531002945289,3.245411002088511,8.392341818654405,0.0,1.0
3168,cbfb,zbtb7a,0,1,1.0899051041110057,1.1342598999031863,0.44596099450558485,0.4074895452194992,3.6342623825063245,3.3083600409648346,4.570372275628116,0.3164697525284687,0.2997886927959843,8.14928307022782,8.11888324443452,0.43705346869384515,0.7357765170081364,1.0,0.0999028460305038,0.025538424025373704,0.9172052140503215,1.43332990823176,0.0,1.0
3169,cbfb,zfp148,0,1,2.1944994355205227,2.2728352986868154,0.0001,0.371950565127495,3.617139490814073,2.326949130475032,6.966530193860046,9.999544335980492e-05,0.31964114197474924,36171.394908140726,6.256070963832019,0.4358709867560648,0.8091250632129497,1.0,0.10652422065174207,0.016859017678718953,1.1272862807501332,0.6127062018132786,0.0,1.0
3170,cbfb,zfp281,0,1,1.3816788336638135,1.6341132617967502,0.04550166367833397,0.14360355242402678,3.7676760630034614,3.3955671645619567,7.606200279848336,0.044050970229711356,0.13200329072664313,82.80303967868926,23.64542594695473,0.43962818113383656,0.5534657120630777,1.0,0.1330355334513467,0.022497406237543,1.389912241482177,1.1403119361933391,0.0,1.0
3171,cbx5,ccnt2,0,1,8.302198140376339,0.3264901496766062,11.027975352968888,21.730654267040556,26.13940561468728,2.9053075353288236,2.3633015638885384,4.73645187401212,0.32165743806979175,2.3702814685426534,0.13369627529969857,0.3473340743662376,0.5107138083714159,1.0,0.27289789357889843,0.05300180068189397,10.745830070180189,2.4805180356976457,0.0,1.0
3172,cbx5,e2f1,0,1,1.4917518192527992,16.61342998662599,24.690804718793835,7.3428244068405215,18.363386228615006,18.649384284720238,1.5291018582241866,1.406759221719004,5.092177482486712,0.7437338085071563,2.539810739222718,0.3404491222516613,0.6708597688762141,1.0,0.4434587328170976,0.1046926365340334,12.280960517710469,7.520388679239824,0.0,1.0
3173,cbx5,e2f4,0,1,0.5127844815039188,6.666038563484583,250.03954041880505,260.6515239267682,14.924027619811447,1350.0179497668673,35.789054775379284,0.5117350084065293,6.499809043374083,0.05968667033547721,5.1793978773980385,0.3300152300467452,0.3575611670973513,1.0,0.5892449274200308,0.19817733046733982,19.82301125858552,45.94124783702399,0.0,1.0
3174,cbx5,e2f5,0,1,9.786948641467788,1.9868106409592095,9.677708606346092,17.16061740304415,25.290139503667667,3.125796044819766,2.2191005889151247,4.866011042040706,1.7806515414729989,2.6132363075164124,0.1821493930786707,0.35008162412743554,0.7825167347172489,1.0,0.3346416377752761,0.06692170890967958,8.019411219220853,3.3137383925458934,0.0,1.0
3175,cbx5,e2f6,0,1,3.7018657986936887,1.7387482636858824,16.998884496937976,17.021007664231902,33.127480721005206,1.938366010930461,5.809144390359572,3.0398699678261534,1.5775923544039523,1.9488032127621369,0.11388080242768239,0.35598782308025984,1.2756749999999997,1.0,0.19759537388669238,0.03794799351016412,5.361145335706794,1.8596762016466961,0.0,1.0
3176,cbx5,ewsr1,0,1,17.360254910037064,1.414132250409692,5.183838822633291,24.67249041796756,22.79879836470327,37.24319160055022,1.3730348197873758,3.9918554474001766,1.3374734185221537,4.398053092461296,1.5095027283272604,0.3442760503932725,0.2327020066384143,1.0,0.5344713175010052,0.1523136409980272,20.646069841063557,25.439313726720016,0.0,1.0
3177,cbx5,foxj3,0,1,16.379607002538812,0.6034231762124139,4.681191194252653,20.951035111944385,22.36185408117412,2.8991574123464456,1.3228267761035666,3.6407011429075418,0.5865301731630009,4.776958076104423,0.1383777649579523,0.3451850248647045,0.8353588303452637,1.0,0.26315076676265364,0.044146750068442715,6.502990895091382,1.4193295812666917,0.0,1.0
3178,cbx5,foxn3,0,1,7.620443167400115,0.9155258364791318,11.828081857153883,1.5011157585197599,27.27474616483006,2.185162950337606,3.373069365817795,4.634553286586041,0.5686860076044665,2.3059314683668424,1.4556924993528684,0.34904918902918264,0.7508343107768825,1.0,0.2179460268722365,0.04981601391773356,7.228118070889108,2.677195357574211,0.0,1.0
3179,cbx5,gtf2i,0,1,12.90340190327107,0.8315476737697224,0.5308051794163333,16.025012133686374,16.839331410610825,4.9770279273818305,1.0944887520463897,0.5098322900778698,0.7905267571859019,31.72412791662497,0.31057873066564234,0.33558520032370553,0.5642136231302189,1.0,0.3180583334172107,0.06346589612775763,5.743718916567691,3.127032219464461,0.0,1.0
3180,cbx5,hif1a,1,0,10.787544944498169,0.5945036114743074,9.319313755812553,18.146555082386648,25.22484719195452,4.9131980248510345,1.9249592396498438,4.99991159688979,0.5756447759181406,2.706727968700648,0.27075100494527843,0.34900178558818484,0.4550921550875292,1.0,0.36208408378177265,0.07784647387885148,10.87602909716042,3.922352696009395,1.0,0.0
3181,cbx5,irf9,0,1,19.628830590423753,0.06676513124602969,5.99611570576342,0.2953590265731939,25.434339524147653,1.0858068871663737,1.4672565446338321,4.593053114281915,0.05445558863737322,4.241802655625936,3.6762271997036673,0.35092029023230964,1.0233781548992782,1.0,0.18196210696760376,0.032596703140943886,3.050140134490894,0.7197694378193517,0.0,1.0
3182,cbx5,klf13,0,1,9.240243999172812,30.192397782143168,233.88460412943652,148.6808595146316,32.091151865360835,211.30231072325765,6.158508197068339,8.88905772668172,25.096158704198007,0.13720933870277727,1.4211803147564095,0.35481387135598746,0.5878276545880656,1.0,0.45654676317079307,0.11324777464659841,12.241508774710624,8.93023984984531,0.0,1.0
3183,cbx5,klf15,0,1,1.8906337984735049,19.371474281875642,22.159642041460447,3.0170843794441744,20.594648437740254,25.464359089373612,1.2533053456287568,1.7420078041722198,2.61050179007844,0.9293764041498456,8.440055327211237,0.3432229950169299,0.5387369315947196,1.0,0.4390541442237806,0.11457354152916767,14.28586417308555,12.001640370931167,0.0,1.0
3184,cbx5,klf16,0,1,4.851267827870171,1.6478527173885225,6.392058797558533,17.202599558673047,18.043528647245086,1.5944029232972394,2.539610989448919,2.7580439696839116,1.503802137676274,2.8228039226010986,0.09268383640851467,0.3384841116552733,0.9685518005540168,1.0,0.25150862156322545,0.05217759073722235,4.623210499805665,2.1234870083679915,0.0,1.0
3185,cbx5,klf2,0,1,1.5482688164037122,8.224491171926735,120.25914392145803,124.50328480773342,17.206793767781207,2546.224110894658,15.323292420865986,1.5285890918781864,7.714859675897851,0.1430809600558862,20.451059703579013,0.33770568555524133,0.3271270895271247,1.0,0.5527884823858491,0.3127813298605663,30.90047408292525,178.41188836566621,0.0,1.0
3186,cbx5,klf3,0,1,1.1582487240143655,13.852383430467963,16.223107627575956,1.1380564547920506,16.807935959904533,18.623526982521966,1.151938956428678,1.081066018617605,1.051656555642501,1.0360490940302023,16.3643261317163,0.335426809218651,0.4130977028952347,1.0,0.39646435906938293,0.09859475792517837,10.395624082047336,9.604626033933961,0.0,1.0
3187,cbx5,klf4,0,1,1.6874700085908578,18.272458602644214,25.14912879350552,6.4310830832791135,25.91549480400381,69.31306654768127,1.4187499796953702,1.5813628580203767,4.756876601072311,1.030472865155321,10.77782165929344,0.35011073184930785,0.31382885132672117,1.0,0.33783676538871327,0.14856347628080993,16.105389665982866,27.735621720950913,0.0,1.0
3188,cbx5,klf5,0,1,2.3403035475305654,29.278605717313948,43.96986077213365,10.791682384625174,28.43057444590036,45.056483893033636,1.4359521167058027,2.2220353276905747,7.885279306255659,0.6465923236199675,4.175112117571701,0.3516539819075366,0.29054514722974834,1.0,0.46490346346590833,0.12267060709450042,18.069986003984503,16.71873193903915,0.0,1.0
3189,cbx5,klf6,0,1,2.9606851509566607,25.032309078499015,25.016983964821005,1.4903160531231292,27.373328349358914,20.46659274041435,1.1709539434249834,2.6473761141380083,1.4065746464119053,1.0941897867405364,13.733055278794215,0.3501337515929811,0.6489833522243685,1.0,0.3550207349700722,0.09804742160365772,12.537986657741827,5.903044953286967,0.0,1.0
3190,cbx5,klf9,0,1,1.2244154186190013,10.401487240702107,44.70546958810185,54.30850967853637,16.546244667954337,124.88463566288027,6.368081062446121,1.1917745113506166,8.729551806158403,0.3701167848230822,2.2995408344309025,0.33215771619632967,0.2459005360071998,1.0,0.41179694074190937,0.13622813692383803,15.522078612441875,18.515622923007065,0.0,1.0
3191,cbx5,max,0,1,2.211402008455494,21.169415792312844,41.20277010528631,16.441366341743983,21.99245901203291,28.85376296162484,1.8720118799035028,2.0987590947500623,9.254104821365852,0.5337616610687853,1.7549492154046997,0.3438118725509455,0.44093952758891514,1.0,0.4809678911375721,0.11121371968982575,14.393319558198176,9.583645579981926,0.0,1.0
3192,cbx5,maz,0,1,0.6548808239353925,7.69114375091293,88.59077651719598,112.54925653602719,14.430464496471442,177.30333419217598,15.218445855452844,0.6500753364042849,7.199181880725843,0.16288901693587038,1.5753398969403314,0.3266872382415911,0.35495345595559813,1.0,0.4442903354988401,0.11355265369900726,11.37041853891959,14.226799934422099,0.0,1.0
3193,cbx5,mybl2,0,1,1.7776981951486983,9.706632713921952,87.94729587550756,98.24109108577551,17.38597877106176,432.05239159597863,11.003830379346407,1.7424771187277142,8.833814693063934,0.19768633700429192,4.397878594596922,0.3374909813366719,0.24964570968748945,1.0,0.5383508751028099,0.17993089901231046,23.239820952674826,51.33928905982417,0.0,1.0
3194,cbx5,nanog,0,1,6.6953507742397145,0.5478780449078453,19.74052565029912,19.045563614818366,37.351140195944915,27.817127269867772,4.061975288311863,4.999635403573907,0.5325581048327418,1.8921046408599027,1.4605567906756356,0.35448291628343653,0.22253198093398113,1.0,0.39368134132216465,0.1328844742270085,17.006856928237973,23.686410777327826,0.0,1.0
3195,cbx5,nfic,0,1,1.0299959636021467,11.154869771343659,31.20828058189432,28.75864792464242,20.87337090895936,9.197200317165041,3.696217137567801,0.9970881348123688,8.037351526938206,0.6688407858351919,0.31980642279375854,0.3452923383389215,1.2577129069261501,1.0,0.1702234208660067,0.042035119583725,2.6137115065147,1.9119433357152484,0.0,1.0
3196,cbx5,nrf1,0,1,1.3778963781091556,13.075914085901559,30.180276913739096,16.49376668998727,16.840756863123943,27.426068230989685,2.3646301068175926,1.317734517305357,7.293655884409718,0.558005379183829,1.662814125268244,0.3359445955290031,0.4932864796779876,1.0,0.44257055945571777,0.1020481138887105,14.509196876390128,9.37689604913244,0.0,1.0
3197,cbx5,patz1,0,1,12.895476276485939,0.6556519475799697,4.505900804622378,18.077008997965837,20.810633705904618,7.14919318878855,1.3983604417640538,3.339145899739674,0.6327038209035178,4.618529037424888,0.3954854030106989,0.3447659414753346,0.43211671983486577,1.0,0.3486307469347178,0.07424576511854865,8.879765757295079,4.837080471036996,0.0,1.0
3198,cbx5,plagl1,0,1,1.2769563127525283,15.242624656874586,22.017593124178003,7.381289907259786,22.68698051631533,7.420231074356744,1.5553850071595736,1.206956357222442,4.973066496560223,1.0304023872347,1.0052756588057403,0.3469241985055675,1.002348582230624,1.0,0.21524969659310733,0.053619499875067415,4.688879561345852,2.0306944666960027,0.0,1.0
3199,cbx5,pou5f1,0,1,0.692510295206681,7.128271608537666,73.20368909204265,83.26005014977665,12.978356079003655,2116.5743235276145,12.334484904290727,0.6860205093591831,6.566116507783069,0.17729101142273473,25.421247281500616,0.31837713113781624,0.26040701124159527,1.0,0.5736604709499009,0.334181690230401,28.556782331335036,259.0879494334397,0.0,1.0
3200,cbx5,pura,0,1,1.9680943631591938,19.18467580524317,37.42544832789656,15.688448856111858,21.260841932951315,18.342752704681505,1.9133500195584814,1.8697687199776165,8.630652059841811,0.5680851635143591,1.169188418365248,0.34587781997540396,0.6622457340182348,1.0,0.411041711817444,0.08186925851235857,9.627022478454231,3.9427339303899007,0.0,1.0
3201,cbx5,rela,0,1,9.885300952872994,1.1785737205883131,10.258319490601018,1.8285322264102546,26.468834202313126,1.4054100402567602,3.350992909783388,5.034178226296299,0.7166558369674203,2.580231023859675,0.7686000935383233,0.3485584026258214,1.0488103717684056,1.0,0.24509598472815636,0.04370547207702713,2.7545600512209627,1.4665187111259885,0.0,1.0
3202,cbx5,rest,0,1,2.0430955906196293,23.730931091965758,35.56924094322174,9.392293042176341,24.610147177933953,73.83068179104077,1.4727061332476765,1.932114992840131,6.729050833843566,0.6918940782913667,7.860772812294307,0.3479217361409017,0.27634196472338557,1.0,0.5023528341639417,0.15595782411967893,21.366293915697593,31.287593948959362,0.0,1.0
3203,cbx5,rfx7,0,1,2.4680860156807594,8.531289892087948,7.233081468351824,7.301288044058365,17.790826484777103,1.5737134938930553,2.4890729491383454,1.840177200496916,3.934255377785881,2.459646910189031,0.21553916026826392,0.33745739202922337,0.8698546956909121,1.0,0.2167707057154159,0.0462983121873315,2.7464444345004826,0.9971519778076623,0.0,1.0
3204,cbx5,sin3a,0,1,8.122550037835266,2.52343127925135,4.037228972900021,12.70795528192209,17.66102699891823,4.805970954094714,1.7943082303532811,2.696808413839403,2.1053665551023273,4.374541824966635,0.37818601399483415,0.33947516274876965,0.6075746352695911,1.0,0.408483375588015,0.07962008282406036,7.719323507366369,3.448153728860336,0.0,1.0
3205,cbx5,smad1,0,1,9.873717840859213,1.6988333456258544,10.943955912259804,19.03657267817054,26.819458813813352,2.2786011428191295,2.296547208155682,5.19066318465417,1.5596494428414933,2.4506183165238493,0.11969597581144573,0.35110280830586205,0.9662118258609486,1.0,0.2946176095047858,0.0479701124065714,7.462227167067254,2.850106587256442,0.0,1.0
3206,cbx5,smc3,0,1,1.1707118985298886,11.530963481636698,27.610509648658365,17.013577312597082,14.592385763650583,73.76068095654621,2.580431090018741,1.1230917394232869,6.872870721507283,0.5285083813858412,4.335401050661627,0.3279297550644139,0.2379103319893879,1.0,0.5267969862152486,0.1448337339518539,13.294181861971705,28.481686276403742,0.0,1.0
3207,cbx5,sp1,0,1,17.208959850435487,1.0496749716287423,3.986558820222687,22.27660443077708,22.22766315869781,3.35675584534127,1.2889944238880613,3.236746962629593,1.0024399399695503,5.575651623636694,0.15068525617412398,0.3476984835845267,0.9550137630265567,1.0,0.2359020967971298,0.03943607773065415,5.356740060525538,0.9874363115740548,0.0,1.0
3208,cbx5,sp2,0,1,11.500819995756071,1.134163757387614,14.650001505586035,24.123616045537126,32.685919240926324,7.295050370772564,2.380725351086252,6.442896267891751,1.0832357883179558,2.2311205380056247,0.30240285523538457,0.35584662569930114,0.5777674615892167,1.0,0.28493810241794404,0.0613655010350405,7.655166656774513,4.012819161495143,0.0,1.0
3209,cbx5,sp3,0,1,2.4674815128895466,24.07078156380074,50.233169732577664,22.946715531551472,26.078482049441245,11.75700524856478,2.0492489133925513,2.3519522950798266,11.747655900238252,0.519148645969848,0.512361136494634,0.34923982478722193,0.563057404187187,1.0,0.29527144694311747,0.06013361578323027,6.869852436043255,3.963433624084811,0.0,1.0
3210,cbx5,sp5,0,1,2.936372227001151,43.67500765054388,57.06645278756089,17.95876979559913,39.35435183289264,159.55152754367745,1.47735525863607,2.7926742952219197,12.725966843465512,0.6896232359035104,8.88432389075872,0.35774571964313245,0.9221804211307213,1.0,0.3343311744776857,0.1461165235367641,16.217835410571617,22.44979777673854,0.0,1.0
3211,cbx5,srebf1,0,1,5.685743219744341,1.492015501973876,7.645273192586761,19.944309349636455,20.679169113030017,3.3161298030585296,2.5200394264337556,3.260746133178169,1.388167931387954,2.7048306309160504,0.16626947290701624,0.34578327547500065,0.5332825032229205,1.0,0.35863091700610894,0.06898241508009005,9.260869190942866,3.31634240115602,0.0,1.0
3212,cbx5,tbp,0,1,3.456304989397647,31.65943275110753,67.18889251474917,25.37714395373699,28.5136617327025,6.081210793148648,1.894242094337736,3.2872058205683174,14.086153637447715,0.4243805883010088,0.2396333805031334,0.3516164017146652,1.1444421296332554,1.0,0.2662818469451713,0.05238581243041964,5.002902772104414,2.5358043872352347,0.0,1.0
3213,cbx5,tcf3,0,1,2.1161931423824822,19.170541279549614,22.177464599785097,0.17321856562136173,18.287589447579133,18.462941179946952,1.1053187327311675,1.9318539430986497,0.17166743638298812,0.8246023509719115,106.58754224016076,0.3390269758692152,0.40593355161087785,1.0,0.4832794839269217,0.12377237435661857,14.205699609086182,10.213188390492977,0.0,1.0
3214,cbx5,tead2,0,1,1.1539207370959559,12.01174476698315,27.828046080461586,17.04044577598511,16.911235261345325,21.929201476054843,2.518940622717547,1.1079772345075318,7.0454406897138755,0.6077047311352166,1.2868913034516618,0.33652795121687473,0.5262610675449796,1.0,0.37308173070945655,0.0764457183629177,7.835949641930574,6.857346718907895,0.0,1.0
3215,cbx5,tfap2a,0,1,2.7436908067813466,2.920822496546938,11.066680111307768,15.875705584634265,24.218140783822744,2.1812257848093095,5.288520851879774,2.19860485015752,2.46695122736952,2.1883835567883643,0.1373939427876811,0.3498806761814797,1.1592140316957675,1.0,0.2819904111798271,0.059180428052836624,8.907907424546046,2.5991777936216485,0.0,1.0
3216,cbx5,tfap2c,0,1,3.4082859134511327,0.9379033501190271,8.879083592567582,7.557181331973611,21.663624335136358,4.541318815819884,4.0522221835461325,2.462891306237655,0.8343537414825417,2.43984912511358,0.6009275967226112,0.34622118936008744,1.0541086847101317,1.0,0.16162167172544434,0.05007490161903337,5.288794374824765,3.9202536315757506,0.0,1.0
3217,cbx5,tfap4,0,1,10.772012411832353,0.3064121983161005,15.089543455013462,3.348057157758307,33.200584424500896,3.78144749874827,2.620531388715929,6.285188339912254,0.2807207979707001,2.200237835126157,1.129445323233412,0.35649337018391497,0.6117918351670817,1.0,0.3771315377315168,0.08316627982221274,10.327693295926153,3.4136547633437386,0.0,1.0
3218,cbx5,thap1,0,1,7.853064658813248,96.29385261132651,248.79856214559365,84.8571027645477,57.82577214257106,30.724642812107238,1.940609805143145,7.612775418088892,45.10722744839463,0.23242004151427603,0.36207508636441016,0.3580653944209302,1.0197718178597301,1.0,0.3278294077347206,0.06502988324853368,8.327714672198601,2.7047244960730987,0.0,1.0
3219,cbx5,vezf1,0,1,0.22927463516298596,9.999999999998899e-05,18.681538834336415,5.404429542641214,35.096816713398326,1.179605347523761,20.50117596899311,0.2264949103027147,9.999814970017638e-05,1.8786898137583212,0.21826639393050032,0.35923289702963074,1.0988345875362742,1.0,0.1690411294086565,0.03809163254268881,4.017314186478093,1.3155542823425477,0.0,1.0
3220,cbx5,yy1,0,1,1.825882217149699,12.769853809763658,39.52858854786242,24.56190918043678,16.223034191458666,41.05738937330092,3.0584665566155147,1.7452658821022173,8.40174597715096,0.4104126857910781,1.6715878668748831,0.33460987151362687,0.4584809734695209,1.0,0.5133084050871918,0.12238074918363002,10.03100841039922,13.054606895710897,0.0,1.0
3221,cbx5,zfp148,0,1,8.07043698359415,1.1001836353200616,11.300741746360394,20.392215083361123,26.247699735607693,2.745669434903089,2.529761043714707,4.708124652778281,1.0438658623590573,2.3226528244538667,0.13464302056834412,0.34698212143230706,0.8185768035379898,1.0,0.2815746524697538,0.05753275749166008,7.202898375009255,2.6673630356568028,0.0,1.0
3222,cbx5,zfp281,0,1,8.209115585390306,0.8924844855505275,7.049758680980595,2.2236832277882495,22.069957756581278,3.333787403075852,2.6047978847951248,3.792696817013781,0.63687290420372,3.1305976211814714,1.4992186663168519,0.34779641727996774,0.5512041199833637,1.0,0.25609378236837305,0.05423011863526296,5.167367336567843,2.222099113372077,0.0,1.0
3223,foxp4,gabpa,0,1,1.3830644471655755,5.903234515116677,12.973313759649232,6.775617179874335,4.738701143101181,7.742843067698063,2.376751926686559,1.2498228149476807,3.1547066059029287,0.3652652846368301,1.1427509645463274,0.5953330103386626,0.5530484437383111,1.0,0.21438134146410762,0.03521264607031142,1.5582493062483735,2.1856488236465745,0.0,1.0
3224,foxp4,hbp1,1,0,2.431918316334934,2.7881516694503334,0.6950674114677609,0.28787640488532473,4.774919388270949,2.1383151119156616,4.487139237246643,0.5405675996557073,0.26093490029336885,6.8697212809730805,7.42789292775647,0.5962309089619656,0.9857144857522927,1.0,0.18742804399635835,0.027343278814335067,0.4735050804493291,1.4745427417805441,1.0,0.0
3225,foxp4,hdac2,0,1,0.6073993618361508,13.37644646881594,13.570345390379895,43.674790419967245,4.59737336979956,117.49933089792461,4.455952746285448,0.581377311700053,10.240154779261395,0.33878086648101585,2.6903238634479227,0.588334792475924,0.2322574492068028,1.0,0.33541751851956575,0.08495871793153545,4.320428036444104,18.724630916308037,0.0,1.0
3226,foxp4,hes1,0,1,0.5223155548180376,3.8883434623372297,7.014182798522344,3.3120322042625037,4.619605870167023,12.13010836796042,1.9896792209699525,0.4861165767231301,1.7885620646479488,0.6586092782098893,3.6624367215841893,0.592988325033925,0.6540900451814208,1.0,0.24461972368285131,0.05381039098843202,2.940290687498715,4.745558813672295,0.0,1.0
3227,foxp4,hif1a,1,0,5.777608012342787,4.672692733737361,4.193928508195498,2.195921913126264,4.525193721939067,5.6026555598664665,3.494858897500888,2.4300041324860038,1.4938774257782972,1.0789868528031017,2.5513910701360705,0.5880401306711772,0.46530499772856987,1.0,0.29995909773318463,0.056911674775431596,2.3956990387534938,3.2133675398042145,1.0,0.0
3228,foxp4,jund,1,0,0.6029021824729002,24.72538526373044,35.85924952733613,227.33323925868314,4.922652118903862,967.5641508548404,10.36572283318517,0.5929331865528705,22.299978564799826,0.13727705358560943,4.256149052421878,0.5988638248543466,0.8430801192140568,1.0,0.22463788977109278,0.08432288391594907,4.183546616043325,19.193576018252532,1.0,0.0
3229,foxp4,klf10,1,0,2.3834441761932355,2.0751622898519155,0.7238331938611914,0.3568555089483585,4.782155359684499,3.4730886164980364,4.987557889736884,0.5552178981735342,0.30449328761526945,6.606709115085936,9.732478634652761,0.5944193609199736,0.7475173402039016,1.0,0.23646937269033297,0.042577553682293844,1.3230236287198345,1.3463291949720328,1.0,0.0
3230,foxp4,klf13,0,1,0.0001000000925037714,20.009600001101717,11.444212287848499,221.72703226804757,4.559942638368993,330.25563965586616,9.2242514371099,9.999921870565674e-05,18.353317755230506,0.3984496725223067,1.48946944482898,0.5892162661355168,0.6128230894052681,1.0,0.3950865361032204,0.08446750156854894,3.314000763148376,9.482485517720253,0.0,1.0
3231,foxp4,klf15,0,1,1.440146370514203,7.280890963932394,18.157366875274857,13.337963763437068,4.558992060441748,40.91101935272892,3.056526105727776,1.3343155162372768,4.709876524497739,0.25108222418801224,3.0672612460439415,0.5920295933622529,0.5611884039945276,1.0,0.3586375651603653,0.07534889972673744,3.4898507612264162,9.892804043638836,0.0,1.0
3232,foxp4,klf16,0,1,8.24502712615065,9.480767544774,0.55133217124037,2.566223311534209,4.6229586871912405,1.3564204230586072,5.008353865970138,0.5167761517818679,2.0195721051698237,8.385069706327224,0.5285667918929765,0.5924110412597657,0.9536432741075188,1.0,0.22979888847834481,0.0342019830857069,0.8912325131949328,0.8272410110735493,0.0,1.0
3233,foxp4,klf2,0,1,0.00010000022151990251,14.592564125098438,7.219588720064328,340.1265880753998,4.375818370419449,6688.132741813918,6.628575950498089,9.999883641249811e-05,13.992249971142783,0.6061035524445303,19.66365752133227,0.587402668571323,0.32334627026549945,1.0,0.46888985012921097,0.22227194616502968,12.122014761246138,119.57121380534366,0.0,1.0
3234,foxp4,klf3,0,1,1.589027637992175,7.136978267113264,14.650427005284786,5.435488067160209,4.388799243164679,20.1064839229545,1.9526628543746631,1.4335415770518016,3.085548942829412,0.29956800860353944,3.6991128808528884,0.5813376048924523,0.4158796590506556,1.0,0.3830677456234849,0.0754672918515167,3.481350966737772,11.459789216394894,0.0,1.0
3235,foxp4,klf4,0,1,1.1404402425053581,4.312935873019456,14.669360917661978,10.892085729004,4.643607551167396,72.19079736675627,3.7977534430066635,1.058174568601594,3.089562678843747,0.3165514555972559,6.627821260580326,0.5925903889252495,0.31649669035353467,1.0,0.33514338555395345,0.09471887923101803,5.382623914972793,22.06405881195589,0.0,1.0
3236,foxp4,klf5,0,1,1.618463892341282,4.47135638152123,39.60964720016188,40.584937704683384,4.969950340984814,88.96326631902456,9.288035113882938,1.5549289570410616,4.027621975573003,0.12547322918252354,2.1920266815823757,0.5991742676276584,0.2996719773897675,1.0,0.36587323382098164,0.08475884172347652,4.016395572925318,11.620817014240824,0.0,1.0
3237,foxp4,klf6,0,1,0.6887740303345223,7.733077638497395,8.854645363068759,10.975912704754503,4.2671413448374835,29.58479027295816,2.607539794533517,0.6390633715751274,4.536727185272764,0.48190990941715345,2.6954287145653715,0.5786288613279099,0.6613351739955802,1.0,0.275743554532916,0.06233754558849567,2.124554187906369,7.468327872127032,0.0,1.0
3238,foxp4,klf9,0,1,0.3858927218792958,15.643153439746294,10.25273791342311,64.99593140355918,4.491941378408042,158.13842823602823,5.348933045438002,0.3718953195909534,12.608542493764539,0.4381211551820801,2.4330511898375313,0.5839460784313725,0.2603211759234059,1.0,0.41170166412457687,0.09547421614370041,5.149144021937563,17.884760807065717,0.0,1.0
3239,foxp4,max,0,1,0.7043121695558758,13.631821469111161,8.28016266669795,25.110592180809817,4.303911695428636,36.83434591745105,3.0838031853828856,0.6490996344633584,8.83535839262705,0.5197858869051657,1.466884797149501,0.5831509074217923,0.4450634683294628,1.0,0.3737070202856915,0.06470855432048447,2.1215193877354226,5.067016267503162,0.0,1.0
3240,foxp4,maz,0,1,0.1929188968089219,16.02535450295888,9.70865327016867,85.80612601797559,4.455221255020054,140.8904760734587,6.480665091629016,0.18916013000721188,13.5034233120173,0.45889178767042865,1.6419629065172276,0.5884131041163358,0.359114536285649,1.0,0.4048086053404948,0.07706116417889887,3.741532040399745,10.690970762894908,0.0,1.0
3241,ccnt2,chd2,0,1,2.1867620181304694,8.152042209943168,3.3086591192275883,10.61782406890274,2.955895161893184,12.030177969304479,3.3671451654656863,1.316596110111094,4.611484637213288,0.8933815951953499,1.1330172633523106,0.5117181111700634,0.6718282085099593,1.0,0.1576482340468898,0.03813116968199034,1.209169316836485,3.248866288448389,0.0,1.0
3242,ccnt2,clock,0,1,5.721865315719411,2.734841841108871,5.726252775714327,12.683950428196159,4.38704737513801,1.662733592281613,2.4321254071373666,2.862029102487919,2.2497610536356976,0.7661288362511631,0.13108956879754047,0.5234936428966279,0.9031985722784057,1.0,0.12406835677607354,0.017854796953352195,1.0280434573461519,0.13934570433138493,0.0,1.0
3243,foxp4,mga,1,0,1.9915233465991729,5.777009284365979,21.61662264679112,13.232340675411113,4.921713869831955,28.85268833440932,3.5936699989208667,1.8235234858239981,4.021355548584996,0.22768190712542039,2.18046746544431,0.6011650213540571,0.366418373520761,1.0,0.367502591133024,0.075244649583374,3.5144165017939386,10.8731313154932,1.0,0.0
3244,foxp4,mlx,0,1,1.4395940978185853,14.754187557414927,15.082499782666828,14.935053783291627,4.492827812872729,12.912947364373606,2.2043249289039184,1.3141601678660446,7.422034876877725,0.29788349926157437,0.8646066865068659,0.5892162661355167,0.5488693755739209,1.0,0.31034794544084565,0.0545218543938533,2.3813831585692706,2.617854311280714,0.0,1.0
3245,ccnt2,cux1,1,0,8.853569460392073,8.414339479435435,1.8130190029387698,3.467151669853181,3.171135531344447,1.4436623026843831,4.128623205864725,1.5048569400339213,2.455398132294434,1.7490911712476653,0.41638279491405006,0.5112586394996421,0.8858127345307887,1.0,0.14249481079132612,0.02858752012569059,0.6298187796721695,0.6645352168216141,1.0,0.0
3246,foxp4,mtf1,0,1,2.253369186245629,17.10929636703572,28.424970414400267,31.17811008840807,4.76765035261384,8.696401921102497,3.0460259523429554,2.0878559037270934,11.047094156089262,0.16772753966345444,0.27892652557974623,0.5945932122116258,0.8886802554294274,1.0,0.23296178141569798,0.042886397845954216,1.1210978121985988,1.6630109503976576,0.0,1.0
3247,ccnt2,e2f4,0,1,2.1471176178830786,8.42514259050995,1.3434284852953366,39.30590716015745,2.6864433960266507,235.12960446914283,1.883218259560607,0.8263746943542828,6.937996842800259,1.9996921499219724,5.982042432224605,0.5046668388429751,0.35132983960827857,1.0,0.31538019372650883,0.09222774428595328,5.261895849092692,19.331528164006308,0.0,1.0
3248,foxp4,nfe2l1,1,0,1.8959249524357316,3.1833758425105465,2.042035156212459,2.357465930794082,4.886160989949401,1.5728461210564422,3.3289445665806294,0.9831347447913098,1.3544332072048362,2.3927898474638365,0.66717660709805,0.5997853837751167,0.8192475018720542,1.0,0.15356652416119243,0.021284855482797863,0.6168389727452385,0.8833382270163548,1.0,0.0
3249,foxp4,nfyc,1,0,1.8699135242503797,7.792840702146006,15.866596713732516,3.5229424468881296,4.829911380926454,16.530841968098404,1.6232051202447715,1.6727734701327144,2.4261448748044443,0.3044075215415397,4.692339491012791,0.5970107457303416,0.4260198654920051,1.0,0.42265071692632694,0.08337500474195528,4.50542420735803,7.425337682327493,1.0,0.0
3250,ccnt2,eno1,1,0,1.8411938564152859,8.00773178952356,0.7183447985072922,30.67862106431181,2.5234204120609824,1060.1462805832714,1.703138291737119,0.5167384470853047,6.350202359049242,3.512826176655842,34.55651668179216,0.496853084387322,0.28906059640674103,1.0,0.3106837283915988,0.20833922398688937,12.793190022953821,112.62192343356008,1.0,0.0
3251,foxp4,nr0b1,0,1,1.060140317728803,4.7792270142237365,12.385932268736347,5.765481901307331,4.594938805453376,28.102054902391338,2.395210496246382,0.9765547587451748,2.6131159307926977,0.370980456356247,4.874190116878029,0.590113972877122,0.6324503692680895,1.0,0.3538557199474787,0.07927927378354982,3.480727846888621,10.069908218502043,0.0,1.0
3252,foxp4,nr1h2,1,0,0.45209614724501335,14.494470926599655,8.110529196736934,43.52782620514021,4.365476144201792,52.02430998770326,4.226202539570726,0.4282260235221021,10.873626909255199,0.5382480030967808,1.1951966023416924,0.5842655252974662,0.4588479290091715,1.0,0.3780627672679477,0.06279127805002542,3.2500581195246148,5.337696423510393,1.0,0.0
3253,ccnt2,esrrb,1,0,0.00010000000000331048,10.421518326929618,12.940672679274222,0.00010000000000000286,3.08255966051157,3.638112304322756,0.9981411664729638,9.999922725192629e-05,9.999904045613103e-05,0.238207065189787,36381.123043226515,0.5145946637339818,0.7443857822724568,1.0,0.13231387218839266,0.023612416276371014,1.8255093338462258,1.0270758626816994,1.0,0.0
3254,foxp4,nr2c2,0,1,14.642370772051535,0.5997346049027984,2.2423449046574873,9.31238322958717,5.004329711101426,1.9119164321571902,1.2274053408514356,1.9445542419234245,0.5634475467459253,2.231739506579531,0.20530903690504027,0.6008837812255649,0.9169040779618247,1.0,0.18745568315291372,0.03177736136681381,1.2556994796794427,0.4727835659863182,0.0,1.0
3255,foxp4,nr2f6,1,0,0.9138746304546252,5.517540592653007,9.324954243601413,2.5970412237852267,4.663438740655454,4.285476619963931,1.6148208364325074,0.8323060398998217,1.7658680012321126,0.5001031231713986,1.6501380804875265,0.5941586684578263,0.9878627901783562,1.0,0.23155935888244822,0.032439500977882986,1.1529644892138775,2.0740310542674907,1.0,0.0
3256,ccnt2,ewsr1,1,0,0.3478695866479203,8.62247337300894,19.962019393235884,5.907365436820754,2.8022090232138135,41.12371289941856,1.7144783721947565,0.34191124539679607,3.5056205268540968,0.14037703140211055,6.9614303261304,0.5065490081497376,0.24143705483868996,1.0,0.30586354186139886,0.07299001348667739,4.204886800778958,12.012378998295182,1.0,0.0
3257,ccnt2,ezh2,1,0,0.4363483453673628,6.723650534913828,25.67982621543996,12.270552893181,2.713412578098597,72.14285991511844,2.860654196414769,0.4290578488950896,4.343583548330993,0.1056631986265998,5.879348758213635,0.5022450605638684,0.3297988389172696,1.0,0.3148567407891179,0.08103483195916081,5.313495500935456,16.192678326910098,1.0,0.0
3258,foxp4,nr5a2,1,0,2.699666133747461,3.1412802146859375,1.8214125074769434,1.8705625017019294,4.760714040334817,4.940710425347095,3.960267313315297,1.0876178125244607,1.1724152790582025,2.613748407234478,2.64129662647027,0.5943050301620286,0.5148804514020395,1.0,0.20604955287844817,0.034708868512174564,1.0744821203567867,1.741569978095884,1.0,0.0
3259,foxp4,patz1,0,1,1.9925522426430724,7.719514223121558,15.939412389952604,5.188700363556738,4.831533361390554,8.454383439165564,1.881186144745946,1.7711451341076794,3.10300436880942,0.3031186622937309,1.6293836311199656,0.5995178283469871,0.4333904683166051,1.0,0.2603118982312828,0.0471018227060137,3.010378725914876,4.449529997953534,0.0,1.0
3260,foxp4,pknox1,1,0,3.5977567550258494,2.2172648922522917,0.540785283562469,1.687880276491768,4.731510112845345,1.3753157128252331,2.6614051559885836,0.4701206098220771,0.9583453412549867,8.74933223344415,0.8148182853844378,0.5950572070370888,0.982765232235291,1.0,0.18392163990138294,0.028816861037845098,0.541245344037067,0.598470932683818,1.0,0.0
3261,foxp4,plagl1,0,1,0.9639806771454988,5.56486283920939,10.298937658239787,3.9761192271348347,5.134640293485484,4.623981984196546,1.874982078319,0.8814746411219226,2.319106982644894,0.4985601878439816,1.162938463374137,0.6070498674874555,0.9858164915773819,1.0,0.20545207653137673,0.04534997995358466,1.6293081177644697,1.4767867518818878,0.0,1.0
3262,foxp4,pou2f1,1,0,1.815132519738968,1.9514718207902533,1.8663616366053786,1.884150640410516,5.162453283157064,3.1201378184455,3.8770543154873884,0.9201953218797393,0.9586102172667853,2.7660519707995945,1.6559916980765874,0.6069995400631445,0.8372793920047417,1.0,0.1603072635384787,0.03368776030557202,2.0142170946072135,0.8283596683849458,1.0,0.0
3263,foxp4,pou5f1,1,0,9.999999999998899e-05,14.006393312157263,5.241450738228104,101.77282628717263,4.185482562291101,2703.3140905212094,5.616922901680539,9.999809216765094e-05,12.311969612517995,0.7985351329861058,26.562238557601432,0.5799138065061785,0.2723909762833705,1.0,0.5669787597438064,0.25569368542147,10.82069502594976,217.57999012634247,1.0,0.0
3264,ccnt2,foxp4,1,0,1.515808532959153,10.677341493170331,10.721763667955203,2.424650442821128,2.632728817042207,4.635244088420876,1.4005648794750107,1.328052704362685,1.9759454063202933,0.245549976531455,1.9117164299476008,0.4999694265958043,0.5939000668908226,1.0,0.19091085405736277,0.028684511426397122,1.1990527571187446,1.0416901196614532,1.0,0.0
3265,foxp4,pura,0,1,0.9541969890874306,13.763000120679044,12.35953922224523,23.303926466235477,4.460116594442257,23.12558970178901,2.9011565540055546,0.8858095823121254,8.652779507225727,0.36086431008809355,0.9923473512197674,0.5853678189478777,0.6636603509190383,1.0,0.31625850237224895,0.058045311495990036,2.6569669582971542,3.252287916529672,0.0,1.0
3266,foxp4,rad21,0,1,1.1620029623113617,5.777363897846476,10.94395184220517,3.4384544774063497,4.584100429929392,15.912998773954936,1.7645300499167789,1.050466870675151,2.155554933189646,0.41887066902568815,4.627950981616084,0.5887995085686657,0.38881720623054095,1.0,0.3166225310769211,0.06158963269470185,3.2565145145710335,6.827896087397415,0.0,1.0
3267,foxp4,rela,0,1,4.487476318182285,3.3699779086171593,3.5348879367442803,2.38197970429361,4.729951777453437,1.9538255147705794,3.873222094227353,1.9773130961769576,1.3955629582919922,1.3380768675257753,0.8202527969691488,0.5934807901874836,1.0599015197833874,1.0,0.17831590490522994,0.026354420619181303,1.0048553065718677,1.564654775026364,0.0,1.0
3268,foxp4,relb,0,1,1.348114771555697,3.9171457042504523,36.452670919671654,34.066867612299966,4.903524312721064,25.333710930942583,8.859584299006535,1.300036050331962,3.513185481815451,0.1345175590432492,0.7436466193268604,0.597749117794538,0.648172442358564,1.0,0.2760609228661564,0.04382684622842838,1.6032246055129398,2.99290771970394,0.0,1.0
3269,foxp4,rest,0,1,2.3595504560411804,5.569827105822386,29.665644343805646,19.0278748947271,5.012880594431549,92.99407333531482,4.671306253270663,2.185703633581547,4.308612786368448,0.16897932626493808,4.88725482219167,0.6043795548683683,0.2885076747443414,1.0,0.4766296299678746,0.11367530835037884,7.509790317174502,35.78166333351747,0.0,1.0
3270,foxp4,sall4,0,1,0.8792841731950304,3.917490482557103,56.86675849550748,61.58756865554402,5.407652769709678,68.77650819563894,14.658407081001354,0.8658955387276109,3.68320733125774,0.09509338869977768,1.116727120375579,0.6129136571325118,0.5235035477813558,1.0,0.3027257444081287,0.05657381245669591,4.160427363250507,4.086156557170581,0.0,1.0
3271,ccnt2,gtf3c2,0,1,0.7579959133176589,10.98056940424003,30.852012506874892,4.728007129300066,2.6469163763014625,7.857430743241328,1.465726986662165,0.7398194611962717,3.304959575183173,0.085793961600127,1.6618906292564204,0.5008976735095606,0.4012885427877091,1.0,0.2176377124918916,0.03339616784669922,1.2065792180912145,1.3525772126039282,0.0,1.0
3272,foxp4,sin3a,0,1,2.8371799103435076,2.2713681005460162,0.6058583048102556,1.106644906579843,4.569196482427363,5.544816412062619,3.6343970683819737,0.4992477293330491,0.7441054649981486,7.5416915905087025,5.010474795568553,0.5900177647068823,0.6308436801537421,1.0,0.31242445397978147,0.051143053047821276,1.4944290622589043,3.103760864337459,0.0,1.0
3273,ccnt2,hes1,0,1,1.279748266108052,8.190456792869487,7.721285263085879,0.6951527985694339,3.263032298066091,11.404749288675271,1.2533862641225282,1.0977963136689601,0.6407685260683661,0.42260222059999264,16.406104258150563,0.5182126644636502,0.6487451837213549,1.0,0.20267844986700867,0.043627981073824755,2.412102879567471,4.341792684550624,0.0,1.0
3274,foxp4,smad1,0,1,3.732797000628262,3.3824880152428793,1.3568237912591434,0.6822148163408344,4.811583318136379,2.225613728801967,4.49261298055691,0.9951129927923403,0.5677127051364047,3.5462109001428925,3.262335668315434,0.5962490856632233,0.9601244827468279,1.0,0.25047443427955207,0.03884387057118513,2.4206267829505164,1.3184500839163362,0.0,1.0
3275,foxp4,smad4,1,0,1.5758093278340273,18.869162234495683,22.727889238070052,47.79492522140871,4.735005362232434,14.513805854898198,3.777918659068424,1.4736366058116928,13.528276353964763,0.2083345845553104,0.30366834528275505,0.5930615499464299,0.9788625064379486,1.0,0.2386059453760032,0.03879528207527081,0.9811550165054674,1.8278313891922098,1.0,0.0
3276,foxp4,smarcc1,1,0,2.300154250623479,6.854703179273462,24.325679743413737,17.075434534590276,5.0045115789288594,57.763810984641935,3.8211557794016664,2.101448378054526,4.8911977353110485,0.2057295677537582,3.3828603815397997,0.6034672185449875,0.22187323801124784,1.0,0.39656788509948776,0.0945994959789643,5.413761998921158,18.68856896704964,1.0,0.0
3277,foxp4,smc3,1,0,2.3130583286304054,6.195019730693149,30.876909236791565,22.846242942464414,5.037643117737229,87.63635419930627,4.948639100563154,2.151857844746219,4.873511437627437,0.16315244116903369,3.8359197361250232,0.6023923790416044,0.24313226247029776,1.0,0.44348660921766664,0.10131101219017032,6.5899031394784835,17.959482717994163,1.0,0.0
3278,ccnt2,hic2,1,0,0.15293935102604767,13.094321104634489,22.145614756127582,0.0005516983373017628,2.6835127852897527,4.929159776544824,1.0069485029262002,0.15189038412981448,0.0005516750937727907,0.12117580906383454,8934.519905664894,0.5031923729547667,0.43637773747586994,1.0,0.19712561964846528,0.034504786063752256,1.3014748968999565,1.478604380694664,1.0,0.0
3279,ccnt2,hif1a,1,0,0.0001,16.99819830200534,18.34380554897179,0.00021935551035209125,3.302747322447534,5.954622959083253,1.0000183561348581,9.999945485981853e-05,0.00021935267968626747,0.18004700898242243,27145.992136351564,0.5176738412277252,0.46493431556295983,1.0,0.24817491026641111,0.05213922354167749,3.7586655523091883,2.719838890441142,1.0,0.0
3280,foxp4,sp1,0,1,3.571945465946241,4.190121868097175,2.4743026433756294,2.241245225536643,4.97248110704852,2.358745864798015,3.750678079453069,1.4617451928177045,1.4602013062798702,2.0096495149294626,1.052426498413728,0.6017028251734973,0.9494753451676526,1.0,0.1689898321362416,0.023445564834470845,0.2629097067052906,0.6998897119135331,0.0,1.0
3281,foxp4,sp2,0,1,2.099840426794784,6.77043080602969,21.106018738654807,10.415556660577838,4.975432687363904,10.58229082739987,2.790933699262108,1.9098310939549725,4.103215239376872,0.23573525395633252,1.016008185856557,0.5997010007680176,0.5861048583056305,1.0,0.30694273166317104,0.05209933346418362,2.5837535604564525,3.0416688254824273,0.0,1.0
3282,foxp4,srebf1,1,0,4.272982979433581,4.383183967302348,0.5986970148330433,0.2720656263594623,4.580709952521056,3.2607925583444217,7.770029423489522,0.5251211403930481,0.2561653607438129,7.651132106944719,11.985316197335978,0.5851721000754574,0.525479638643511,1.0,0.27819338169635555,0.04107884702151245,2.1852349637901454,1.4506973194293171,1.0,0.0
3283,foxp4,stat3,0,1,6.540728160301503,14.83094546831765,39.685248521447754,8.495533723803797,4.722710110017902,4.706962138830458,1.8320501026330105,5.615250151226753,5.401449414815387,0.11900417122159458,0.554051374740816,0.5898170299757,0.5016218934557082,1.0,0.25217001905019876,0.042245674446277214,1.2141743939040734,2.489422638025832,0.0,1.0
3284,foxp4,tbp,0,1,1.9699763270787354,21.36459836365053,19.375034214177944,23.77792446041291,4.6420509410869855,5.710190949336693,2.3277965307806054,1.78816303062945,11.253376511495023,0.23958930290250025,0.24014673605526016,0.5872094697025549,1.1416115937724316,1.0,0.25106561558186113,0.037915892466737516,0.7721003049541314,1.6264879844918676,0.0,1.0
3285,foxp4,tbx3,1,0,1.7933963284791108,6.123612844377627,17.167201711843607,9.346640014333126,4.737185939152842,21.23831226358027,2.79024416266021,1.6237671646646339,3.699694204501453,0.2759439784461011,2.272293811574127,0.5931897445565085,0.3410307544683406,1.0,0.327344998485128,0.06680257227457362,3.4549470340152384,6.974482908812242,1.0,0.0
3286,foxp4,tcf4,0,1,1.6581018080615824,5.876918304409941,17.007196568332482,8.739790557307732,4.868996894303059,12.823831355160031,2.7296197297891123,1.5108069965640003,3.5139945379547686,0.28629038740983126,1.467292753879262,0.5943591938155072,0.5346089549303655,1.0,0.3030683980255418,0.055954180225828556,2.192678201699737,3.474939183594908,0.0,1.0
3287,ccnt2,hsf1,1,0,1.7042168439171808,7.970811416988697,7.456772537215933,0.2476614238497829,2.8605791368105584,3.756772231586095,1.2652936344596872,1.3871817584849782,0.2401982148021706,0.38362161679650575,15.168984225273354,0.5093948026185281,0.8074598119791765,1.0,0.12763901957942256,0.01840623636566071,1.3159560019063292,0.7338562403441481,1.0,0.0
3288,foxp4,tead2,0,1,1.9385263211257606,10.485505172400133,22.595141565487893,18.877915734105642,4.691797406067685,22.993221131819904,3.0406388784877194,1.7853537781914934,6.7411928502595515,0.20764629389328526,1.2179957499375516,0.5949725611380469,0.5238478075567405,1.0,0.33818937264361065,0.0619361600485295,3.5194214892340665,4.076915110162325,0.0,1.0
3289,ccnt2,id3,1,0,2.101704720646941,6.924028938554043,4.290555236073612,3.7420812777784698,2.9406341576773327,27.418921288672873,2.2947184110584886,1.4106873398306903,2.4292153870756206,0.685373802661582,7.327184861401631,0.5120057978873822,0.8264201157167064,1.0,0.18314836625876704,0.05535639685960487,2.451757467263535,7.41501228695237,1.0,0.0
3290,foxp4,tfdp2,1,0,1.7376606178420568,6.925714531725493,15.169436533569199,4.531818124924165,4.775825306891515,7.785357011736594,1.8438522436902005,1.5590690834255647,2.73934009908395,0.3148320833356502,1.717932361168372,0.5954210499218353,0.6171137633957549,1.0,0.30787624978930067,0.05594771785676451,2.4634331026092546,1.9126817120765864,1.0,0.0
3291,foxp4,tfe3,1,0,0.6258269605404666,17.75198654706058,12.252896893268044,67.78488775765399,4.5673752196708435,29.139464385142816,5.064545421141862,0.595415610084847,14.067809063038926,0.3727588063015726,0.4298814285762759,0.5870957626454281,0.914567199294187,1.0,0.28380885173753495,0.04420605139601906,0.7159951541442692,1.6555186994573572,1.0,0.0
3292,foxp4,tgif1,1,0,0.00010000001011767345,11.403230215022777,5.157096080811501,58.109119331374764,4.16257412162494,123.17417229379058,5.758179821102473,9.999807107912096e-05,9.53257471013275,0.8071546576595744,2.1197046816588965,0.5787200328356167,0.32738605461831577,1.0,0.366637793129056,0.08058839138588755,2.402749882646133,13.819965535848905,1.0,0.0
3293,foxp4,topors,1,0,0.7265629476168558,12.656577927972814,12.89645100000904,28.74665180943868,4.5437970126086915,41.2728976261014,3.455580030962215,0.687812806210615,8.787581092151003,0.3523292580730548,1.4357462531532053,0.5870884022708841,0.2902023694822742,1.0,0.2844946379910852,0.059599712929467724,4.056563764884716,9.109174035439878,1.0,0.0
3294,ccnt2,irf3,0,1,15.294426538326329,22.371573988215808,2.0749871142258227,6.762260684400552,2.9105507452186057,1.7584680520842375,4.467648908072142,1.8271047383247472,5.192670890346751,1.4026837686192242,0.26004144681093716,0.5111538947102638,0.9215506669290978,1.0,0.2192962182012579,0.03139422762109883,1.8803986605096092,0.7976491348617274,0.0,1.0
3295,foxp4,vezf1,0,1,2.38852657050083,2.7880063788275224,1.1018164237395192,1.5083223117212656,4.972040057760019,1.3339856907986558,4.162376629115915,0.753999766859251,0.9787920173932534,4.512584810530525,0.884416865302708,0.5962334789267684,1.121983701819521,1.0,0.12960304416811802,0.02437064475358816,0.8577376632947935,0.7767301395379487,0.0,1.0
3296,nanog,nfe2l1,1,0,4.731998483079651,7.285800685649997,2.029501999103317,4.565293121803124,30.79404109846712,1.6606819541897424,3.7089984866835732,1.4203356794058037,2.8066452175163907,15.173200672910236,0.3637623937570593,0.22665016610448369,0.8351355401246311,1.0,0.2745556394190542,0.06789829390727109,9.114080559742366,2.8346027763906965,1.0,0.0
3297,foxp4,xbp1,0,1,1.159679359576899,10.106998924135143,18.59760522015762,26.022087550126578,4.647925473413428,20.72161323286264,3.797563774728014,1.0916104803945779,7.2795975912716235,0.24992064399644437,0.7963086432995206,0.5938275404777918,0.693281923605144,1.0,0.24344724404117857,0.039035033099992636,1.7198868700430299,3.131775858501085,0.0,1.0
3298,ccnt2,irf9,0,1,4.700260095481794,4.321971920632737,6.666322878333271,5.535849117694481,4.342264256296244,1.1031962181204724,3.8890396163623735,2.75662892540435,2.4270865083177697,0.6513732286219396,0.19928220489143703,0.5230733846288176,1.0427278435689298,1.0,0.09080301506041621,0.02109147614098962,1.4097834960078495,0.446121268868407,0.0,1.0
3299,foxp4,yy1,0,1,1.983140723178006,22.508705212146687,23.626986346101717,49.712013884631055,4.712255939722063,75.82532217168125,3.477880933570562,1.82957463124539,15.493518757849474,0.19944380001301143,1.525291700063742,0.5964161616771473,0.4690674591612766,1.0,0.4418966963682454,0.08571768876072593,3.600595518867223,10.05719193115504,0.0,1.0
3300,ccnt2,irx2,1,0,6.3376437228853595,1.9174398367326182,11.487693093962475,3.345535599542688,5.720089321545326,3.4939722769186554,4.258987937717129,4.084349528732177,1.2188662689845648,0.49793194114418,1.044368584030688,0.524543305217051,1.3810854102705898,1.0,0.0822333761582612,0.022799935809091735,1.150952684103404,0.37472695917192395,1.0,0.0
3301,nanog,nfyb,1,0,0.6210830361300271,7.229605769320195,16.45724779679108,12.189027785399132,28.799438240448684,26.443660145458484,2.787354925883134,0.5984962774155917,4.538005485885972,1.7499547066468883,2.169464260072862,0.2238416113198269,0.4005275551547478,1.0,0.4133400094555296,0.1356383847591183,24.280717864308045,13.281719146611568,1.0,0.0
3302,nanog,nfyc,1,0,0.6738181695926928,8.975743049650976,13.188023442931826,3.4192909876594855,29.16367485272527,17.337871880893267,1.451504992745829,0.6410641576536862,2.4760462314856433,2.2113757212310428,5.070604386543039,0.22558449268974848,0.42749586665891887,1.0,0.4724761640922785,0.14172857857631105,22.268399599624637,16.33959240951281,1.0,0.0
3303,nanog,nr1h2,1,0,0.30558274052412726,6.2039639192598415,25.176050715986843,34.432032175252544,27.98780471191891,40.63551025487043,6.594576705339381,0.30191810844841643,5.256794610995348,1.1116836801630128,1.1801659004046974,0.22235196276339633,0.4499427455055826,1.0,0.34543966863939163,0.11738702347559492,19.008480140787768,7.9182922558416635,1.0,0.0
3304,foxp4,zbtb7a,0,1,2.617322922090025,2.2401655342528635,0.2889116367591916,0.0844420472467543,4.702932489835371,3.381532195201695,6.573549850565764,0.260190646706714,0.08137466529378692,16.278099915218277,40.045597015433216,0.5949519754239978,0.7446791707949262,1.0,0.3046520181211549,0.050551835677073984,2.688967622500553,3.7603728703916626,0.0,1.0
3305,nanog,nr2c2,1,0,0.38146889126081357,8.1827664596576,15.155785723421479,22.776839254532323,30.64251962692309,5.6967056790216155,3.8787437850810647,0.3721031108440955,6.020023576190961,2.021836425119728,0.25010957909307097,0.22631962853703916,0.9490054704144479,1.0,0.13561596804416468,0.05708420999852576,5.492579853871962,2.7686624608225636,1.0,0.0
3306,ccnt2,junb,1,0,1.7965855678621827,7.919709458732571,5.8663696049009255,5.878396756724859,3.0914513211490044,9.100538020272598,2.2758157441041056,1.3753747386349475,3.3740278317515005,0.5269786135817834,1.5481326621687492,0.5119290318686476,1.5691913974455303,1.0,0.16164981885081411,0.03046932837286995,0.8498655425039935,1.110564873640259,1.0,0.0
3307,ccnt2,jund,1,0,0.008349685182782224,8.661684458018433,159.76873413578784,225.93781359791066,4.384908245233973,985.7724317023841,27.061791340128643,0.00834924884209441,8.34188506257219,0.02744534635611013,4.3630254537946005,0.5248666666666666,0.8926482610351661,1.0,0.2317076188869624,0.07970603182018676,3.67800079407093,26.485562255999206,1.0,0.0
3308,foxp4,zfp148,0,1,3.5960824181492974,2.997543290853004,3.5395651320443724,2.870554806956783,5.3131467947233935,2.845563768056134,3.946376786979492,1.7837999774657585,1.4663375013840916,1.501073322997348,0.991294003918656,0.6078448716188951,0.8212409922698769,1.0,0.24301355932470356,0.047027701744671774,1.9391635099194495,3.2547786407571424,0.0,1.0
3309,ccnt2,klf10,1,0,2.5702089885021318,9.508366082368441,5.733140194906274,1.2217249152537402,3.086678325368648,3.9710183102991627,1.6343996130966698,1.774629506215986,1.082619685961414,0.5383922633029401,3.250337502918504,0.5140314547618317,0.7606327849699437,1.0,0.1568333661561149,0.028724444878274333,1.520505358097903,0.663507797997557,1.0,0.0
3310,foxp4,zfp263,0,1,13.491130315134342,7.326512383969393,1.3231471344140797,3.7692442105754154,4.7890623216025086,1.3736555770775756,3.2324720730587546,1.2049693599481668,2.4888266204904625,3.6194480545984153,0.36443793512330486,0.5979488570049749,0.8062795857988165,1.0,0.18571220767359892,0.028895934055606722,0.5074591045171041,1.2166066628161283,0.0,1.0
3311,foxp4,zfp281,0,1,2.445528141829669,2.674638091225233,1.0825723940505685,0.6960221892867238,4.842463725285161,3.4181990133406437,3.9762855645522155,0.7503928043700316,0.5522975633490712,4.473108451589578,4.91104890900616,0.5928690523903887,0.5517336989673594,1.0,0.14677122905991874,0.029568083701884296,1.2298826206184714,1.216234830264426,0.0,1.0
3312,ccnt2,klf15,0,1,2.0845253462808384,7.52269268995911,5.327041660559195,13.286695093694089,3.114439743006766,41.76493785563284,3.584191221765799,1.4982463697463106,4.803203491337938,0.5846471534220804,3.14336541638971,0.5130796416577851,0.5621607597240285,1.0,0.17984568604656553,0.046977972084354426,2.6262981215338335,3.924548860547696,0.0,1.0
3313,ccnt2,klf16,1,0,14.022680553277475,7.232368709289007,0.0001,0.5158392567607922,2.890575730102534,1.5486302938225078,14.71998205790826,9.99992868746707e-05,0.48149710435839804,28905.75730102534,3.002156725230874,0.5102893254782517,0.9645063907916106,1.0,0.17635440128706953,0.034208916178096856,2.131531413480694,1.2401219237733683,1.0,0.0
3314,ccnt2,klf6,0,1,0.0001,9.041592050332975,12.085696935463954,6.6718989262714485,4.172399074545745,22.94971997931757,1.7368393858993558,9.999917258249055e-05,3.839031592802478,0.3452344615975241,3.4397583406052714,0.5245106556895605,0.6568482190904821,1.0,0.20358451063371658,0.039773248701109314,3.8909918959485505,2.239699053591146,0.0,1.0
3315,nanog,nr5a2,1,0,0.0001,9.337027544839586,9.92287643976012,0.00010000000000042044,29.556558194480946,5.4935188489974,1.0000169568207582,9.999899223785719e-05,9.999892900723201e-05,2.9786280595060455,54935.18848974303,0.22490460729813627,0.5198439873801538,1.0,0.3051335608158838,0.09030409698563947,10.19079597533305,6.4082336977962076,1.0,0.0
3316,foxp4,zfx,1,0,4.228325452716302,3.9089643590713883,0.8210128814211621,0.01284242886822648,4.662336133413394,2.2116472384527404,6.135645776106459,0.6875177367400672,0.012800374787504643,5.678761245917303,172.21409292167374,0.5934134390506761,0.7740425690973557,1.0,0.21156957792312617,0.03373734549121837,0.8236744954229331,0.941071383282972,1.0,0.0
3317,foxp4,zic3,0,1,0.7895935650878622,5.766712588658914,7.907193599721954,1.1475446696336313,4.539325604871408,3.818385327828988,1.318722919869081,0.7179052523565945,0.9570891051946313,0.5740754349344661,3.32743938329482,0.5881953990681486,0.9692785290991331,1.0,0.2525621884622889,0.04064787890955219,0.6589086348163271,1.8237070006218838,0.0,1.0
3318,ccnt2,mafg,1,0,0.28592895377020017,7.930243892953302,19.363399993153244,8.459852825096508,2.8340948891623303,21.19000511675147,2.0973025197570556,0.2817682332272769,4.0932459005945345,0.14636349453941175,2.5047723116282152,0.5063754576442367,0.372251554716488,1.0,0.24857399410871345,0.05044405431668827,2.484577750877573,3.3967596853271025,1.0,0.0
3319,nanog,polr3g,1,0,0.3992399172013678,7.081056055950332,11.468477074311815,5.304837629219138,28.556077224393476,10.418463385298965,1.810050727631422,0.3858091527501309,3.032793076949571,2.4899624456987484,1.9639551883574884,0.22228501077277157,0.659394672616807,1.0,0.3454611793896962,0.10158717690688476,13.30955850725294,7.319738164438379,1.0,0.0
3320,nanog,pou2f1,1,0,2.8382151753285703,2.217233595721563,2.95634782240145,1.9572333647660936,30.178693502979435,2.906170318538545,3.689901894733761,1.4480386625145654,1.039568311859291,10.20809976224827,1.4848358764238916,0.22815001565244664,0.8307180650037791,1.0,0.21113203100120964,0.06186179747563883,8.859719268783415,2.1983761944049913,1.0,0.0
3321,ccnt2,meis2,1,0,3.782821014055403,7.495805570947382,3.862775614701049,0.500228087229054,3.510537716579453,3.808284854951687,2.1113888776708043,1.9111901238567643,0.46893405446857855,0.9088122290145355,7.613096809591735,0.5211481481481481,1.7912691315269336,1.0,0.1433680441013949,0.0362598362918274,1.2003996368332808,1.3709964856102355,1.0,0.0
3322,ccnt2,mga,1,0,0.8923317224972949,21.299341693074155,29.363007200036012,10.020700681010704,6.812581966880744,30.099068523531106,1.5151570499139386,0.8660138582349328,6.814624490593594,0.2320124066472452,3.0036890115447763,0.5310470768538055,0.36722982125933296,1.0,0.2365077549827051,0.06159656563212147,2.7983851914130566,9.297441285070036,1.0,0.0
3323,ccnt2,mitf,1,0,0.0001,7.792672111581344,10.824443786761963,10.55443044498883,3.8154561380110064,10.477850677223094,2.354249221043312,9.9999076173537e-05,4.48284493579813,0.3524851912185288,0.9927443012519832,0.5237989359461247,0.5180474029656117,1.0,0.11213403405598271,0.026090509197643906,1.3904187211558257,1.5749885302498041,1.0,0.0
3324,ccnt2,mlx,0,1,2.2866074874483178,9.62987237633474,1.9412521194661436,49.4977184199033,2.8201183449836353,30.185262814044776,2.069776574575343,1.0499122591811285,8.061493879330342,1.4527316244523587,0.609831397842918,0.5078388808869458,0.5640847274570744,1.0,0.21132440464344962,0.03356694301013563,1.9401638217065826,2.0165901319922312,0.0,1.0
3325,nanog,pura,1,0,0.26183101270336373,5.723200626952824,12.631872773928427,12.579820833491638,30.719695313602557,14.802543064182132,3.264327820248308,0.25651403936911144,3.933604002857636,2.4319193094634803,1.1766894982139071,0.22911959863452414,0.6625197843865641,1.0,0.2571207607696409,0.08077899764656811,13.909412995771666,4.8924465004079,1.0,0.0
3326,nanog,rara,1,0,0.00010000000000686206,8.025045493718206,8.726741124164027,9.999999999998899e-05,28.507151065784264,2.7453339043392178,0.9659091264347701,9.999885411685914e-05,9.999875391666156e-05,3.2666433735325326,27453.3390433952,0.22365011594904197,1.0244260823522153,1.0,0.2315624102805587,0.06714519341146366,7.524307359063496,2.9631835481244444,1.0,0.0
3327,nanog,rbpj,1,0,0.4167873786606739,7.582718415332199,12.755463387663672,11.9979479083878,29.313747155654703,8.449336117175768,2.666651719245539,0.40359967656689505,4.646269899452762,2.2981326718404618,0.7042317721073629,0.22315180151464686,0.5580520331111173,1.0,0.20552548578823376,0.07645954936334931,12.272587486008536,4.155992566057326,1.0,0.0
3328,ccnt2,myef2,1,0,0.00010000000000018852,5.931655832015638,11.00208286098633,10.98388857821378,3.6167351110811405,9.756666807371344,2.851651677115893,9.999909108964536e-05,3.8516435039342656,0.3287318553022516,0.8882707374438782,0.5191110268799572,1.4530333010829874,1.0,0.12194166568108838,0.023831638665559162,0.08783570378678422,1.4926376730440487,1.0,0.0
3329,nanog,rest,0,1,0.427532946654105,6.411752155010899,32.95086595120116,39.73097736394223,28.49393593540467,169.95138394770962,7.222021363433743,0.42205681758529917,5.520808638537718,0.8647401248150196,4.277553567105265,0.22403270691904717,0.2970527682047918,1.0,0.5095515180791411,0.22171454948080246,35.41304708288547,49.27154880942971,0.0,1.0
3330,ccnt2,nanog,0,1,0.6661943001025628,9.782657642500059,10.34781408442314,0.13429623818464512,2.998658893563078,30.427423696121856,1.069978902852954,0.6258988118484692,0.13247758703354168,0.2897866997897696,226.5694416122581,0.5124553419717123,0.22625955180563914,1.0,0.24072162172021538,0.073898908122741,3.8651614283605427,7.381600785374522,0.0,1.0
3331,nanog,rfx7,1,0,2.7803237906015084,0.23332032168383807,2.9381076923962133,0.23396585567500572,30.142458521791518,1.576885984395409,3.6957262891414144,1.4285194709085134,0.11682132139595938,10.259140126074968,6.739812439067218,0.22543792918647784,0.8652012321443815,1.0,0.07248459316542168,0.047492536866559305,3.23981397702014,2.028791791149739,1.0,0.0
3332,ccnt2,nfe2l1,1,0,4.904539541452728,0.8933501173424316,9.999999999998899e-05,0.00010000000000000286,2.7662717154840157,1.7056309715248572,14.319827832750486,9.99979611141717e-05,9.998880743333809e-05,27662.717154843205,17056.309715248084,0.5049031348713209,0.8315258906623727,1.0,0.12895948187968825,0.018752105995862023,0.42995727698396896,0.4175766685231118,1.0,0.0
3333,ccnt2,nfe2l2,1,0,0.35768143753447995,8.086695827179362,18.929408940151212,7.829930282571066,2.7540874417119574,15.461965376138219,2.0054395195474655,0.3510481917596404,3.9781209979157817,0.14549252173797442,1.974725804462855,0.5051723937266306,0.3251492618854556,1.0,0.19661916099446936,0.041186611665074445,2.111017708031252,2.5331846486807232,1.0,0.0
3334,ccnt2,nfib,1,0,6.576425380621039,6.91725552278233,1.3937191125273511,3.518050378581268,3.914808172237652,2.4025057769900915,3.594838865602956,1.150002958285245,2.3320115040890004,2.8088932246459564,0.6829082925068729,0.5254591241324242,0.8026072485207101,1.0,0.17328819240744847,0.027291046464460955,2.250108029552722,0.7913064911683134,1.0,0.0
3335,nanog,sin3a,1,0,3.038517540370244,2.12462962573335,2.1179406718086766,1.4115389977033213,28.56385502244227,5.266242262486932,4.047051536209656,1.2480271566158683,0.8480923541151216,13.48661716668831,3.730851411867117,0.22413805006213058,0.622596102381279,1.0,0.35870508924662503,0.1012411675675516,15.331292718331088,5.965304223452806,1.0,0.0
3336,ccnt2,nfyc,1,0,2.4369607031491,11.063429333346667,3.8910582406040004,7.970492900213847,2.9366283889290106,24.481155586518323,2.7967386744193816,1.4984714979997373,4.6328331003673515,0.7547120108058738,3.0714732317071003,0.5066794240133223,0.44088830101631804,1.0,0.2678691587033981,0.05159718087382176,1.9035620928685089,5.786081059658523,1.0,0.0
3337,nanog,smad2,1,0,4.468694475053273,3.504676340028149,2.5178158191475313,5.505943646420027,29.89872083786415,1.809555122590076,2.5586009349020586,1.6104391414932224,2.141534151496598,11.874864162219419,0.32865485714999126,0.2269741358718823,0.7458017796632718,1.0,0.2874619741070631,0.07721966590845313,12.962562141880685,2.5875414257743463,1.0,0.0
3338,nanog,smarca5,1,0,0.6935515847959384,8.417190873585685,32.36977564673441,46.11924387195331,28.751180976089877,239.07165918371877,6.581230966061154,0.6790033272232932,7.118075840985035,0.8882106966036513,5.183772306577351,0.22460134831103415,0.17063878326540063,1.0,0.5101364897418663,0.2658838513489123,44.151025568016635,79.06632615765739,1.0,0.0
3339,ccnt2,nr2f6,1,0,1.815990141161671,12.497040607275757,6.330850237463222,12.895203412544314,3.1584895710640573,9.998883071655063,2.614695197926431,1.4111926933745542,6.346500158074218,0.4989044840096655,0.7753955290017572,0.5162850048476483,1.0209993292542663,1.0,0.2256991559399875,0.04666306331206722,2.0870702877913807,2.7571680994192223,1.0,0.0
3340,nanog,sp1,0,1,0.357773213553493,7.390036528790106,17.93343137834364,27.383540810290032,29.221812206376573,7.389284771356852,4.798650610278789,0.35077522325201793,5.819515343571813,1.6294601735652634,0.26984402136118746,0.22244578220473527,0.9687689496112843,1.0,0.16557525914667107,0.05588280232616091,5.309623553053499,2.7903375085823097,0.0,1.0
3341,nanog,sp2,0,1,0.00010000000000010745,5.5741761801088066,7.759429328442621,5.465350367884049,29.24021785053523,7.539979043750911,1.9768037719827785,9.99987112621471e-05,2.7596134403197854,3.7683464353948795,1.3795966472813836,0.22463767350530084,0.5745921668224886,1.0,0.18330240931316535,0.07956307948730068,8.643213516685483,6.004446209566463,0.0,1.0
3342,nanog,sp5,0,1,0.00010000000000021103,2.8023746233802385,18.55084779378906,57.29326381232221,32.04919097681449,426.86160372700954,8.70182535317192,9.99994609441956e-05,2.6716945318762946,1.7276402314909163,7.450467565005492,0.22591466245705266,0.9480435965571953,1.0,0.13525761103050762,0.18314930701848672,20.204783534244616,34.33251162286963,0.0,-1.0
3343,ccnt2,nr5a2,1,0,1.8276110868609814,8.442509964479292,7.507762264437136,0.0001000000000000283,3.166096572630151,5.363619884981714,1.2219128794829022,1.469814761087603,9.999881553218696e-05,0.42170975333453986,53636.19884980196,0.5134004908842246,0.5171649459016493,1.0,0.11161499287883801,0.02993914055453613,1.9530544696725691,1.2550470872296369,-1.0,0.0
3344,nanog,spic,1,0,1.0965422944492396,4.599134039958963,5.012832607243618,2.252061608303806,29.738315508726004,4.841076464803769,1.8115905021621606,0.8997291960776164,1.511784764964504,5.932437373981668,2.1496199069127337,0.22587857804223996,1.9063791570549784,1.0,0.23204465313686626,0.0733976716195725,8.334535898197093,3.5343558979419964,1.0,0.0
3345,nanog,srebf1,1,0,5.833325762052129,0.9564082263664695,0.7979171056221023,10.175962164856653,27.992031201667988,3.102736474643776,1.2436294377522104,0.7019061887926222,0.8742409373421456,35.08137750705794,0.30490841302056704,0.22301095725475073,0.5217410985145444,1.0,0.35194652950626865,0.08747572044318845,13.462984823914269,4.657480067843445,1.0,0.0
3346,nanog,srebf2,1,0,3.04163582940416,5.264597991997715,2.7080086092857556,4.081114280978858,28.18300357066353,2.455465609381695,3.7527444911009322,1.4325713703116003,2.298960787705855,10.407279900818658,0.6016654865133426,0.22296271011229785,0.6575134054687674,1.0,0.28430303977699606,0.07005578202443676,11.568052911656292,2.449472659440742,1.0,0.0
3347,nanog,stat3,1,0,13.32973359105063,2.6421023398084085,0.7665395933970872,11.302060740156648,29.232276414614553,2.6811001417484714,1.304721006609271,0.7248560263608265,2.141483928076626,38.13537704564659,0.23722223790767832,0.22555399503592913,0.490671398998239,1.0,0.19872150908362476,0.06798568773825267,8.710927561250088,3.1701563560405157,1.0,0.0
3348,ccnt2,patz1,0,1,0.07075438113158064,9.348139691421618,17.096375040318847,2.0488673954287346,2.732649545591669,7.623593126074643,1.2223761121621202,0.07046276671390998,1.680537572339098,0.15983795039282814,3.7208816651989194,0.5023625821767713,0.43294097080589705,1.0,0.17195785816701614,0.030049718637174934,1.485332293664565,1.5588373237023943,0.0,1.0
3349,nanog,taf1,1,0,0.25102798839372326,6.062779309724956,18.03586068034612,25.930417249698607,28.65423147658344,27.3125176281297,5.3404148881541085,0.24758207410515876,4.9138696379403095,1.5887365723449107,1.053300352444084,0.22413871103734645,0.4851739450436968,1.0,0.27891002694917766,0.096222069602758,13.151326095281293,7.436226669546882,1.0,0.0
3350,nanog,tbx3,1,0,0.40330152952935233,7.66067008916207,12.80036489980947,8.546647162624229,31.410922166353156,21.61167284944366,2.1823106397483896,0.3909828205865621,4.03972127306394,2.453908338724055,2.5286726406531383,0.22518010619830642,0.3456243026735807,1.0,0.3239506539595659,0.1339827278117145,19.24842420442898,11.658409870474909,1.0,0.0
3351,ccnt2,pknox1,1,0,4.171869345174609,0.04445717617126955,0.00010000000000343068,0.00010000000000002021,2.937300256227092,1.3760978127418313,9.534173724918904,9.999760305389119e-05,9.97755692604786e-05,29373.002561263227,13760.978127415532,0.5107907089881982,0.9786019096596933,1.0,0.10588184723102693,0.017729795089818787,0.22478701198192733,0.24254416238689064,1.0,0.0
3352,ccnt2,plagl1,1,0,2.512253178037568,7.743279242410339,3.0151623098488614,19.831891404736474,2.9166691407487146,11.655425041292897,2.620329590350636,1.3704146380559794,5.5689183221036975,0.9673340407650944,0.5877112174237309,0.5065230179334181,0.9981914789107723,1.0,0.13400811936391602,0.02654401919842005,1.3113197543564792,1.6179017008170407,1.0,0.0
3353,nanog,tcf3,0,1,0.4958519183881909,7.991075389677252,12.458151180004505,5.226415155347074,30.323335553236216,18.986626341630423,1.7198642951715162,0.47687175271262805,3.159803850955079,2.4340156990473485,3.6328201601446577,0.22622687108700562,0.40923242069867893,1.0,0.3954367493085183,0.13709424595441985,22.902309741524007,16.23888115638519,0.0,1.0
3354,nanog,tcf4,1,0,0.17160581066792166,5.555381334184659,11.110850245257677,12.620405134785518,29.672340773057446,16.24516533317794,3.3222758844144606,0.16899569154944052,3.857393639352549,2.6705733691012683,1.287214250230488,0.22312715607628225,0.5428679181342769,1.0,0.23420366311709084,0.09290941944349859,12.233774514319542,6.683408717112466,1.0,0.0
3355,nanog,tead1,1,0,6.107510006642909,0.1651503100996049,0.9826342805291288,8.152123791178463,30.71867945639527,1.630629588262367,1.1844074596093144,0.8464494456142777,0.16187103559285218,31.261558918801285,0.20002512597108696,0.22814918502335518,1.0238426731639403,1.0,0.19166216553546594,0.06060831367248553,9.202757998508655,1.8549877661454315,1.0,0.0
3356,nanog,tead2,1,0,0.37395220920815314,6.314252243759818,18.146737066626574,20.66180659608511,30.136596545348517,24.429483339271513,4.360287962359819,0.3664017205255253,4.836283144028455,1.66071709942678,1.1823498214285038,0.22790251672889117,0.5263702860927815,1.0,0.3123961949884014,0.10501839041899617,16.808112553705985,6.828313738607872,1.0,0.0
3357,nanog,tfap2a,1,0,2.7805481500300844,2.0613910512132736,3.2865515371329357,1.448851491002936,31.63151084700431,2.0718705161886697,3.1400584472822666,1.5062245995213972,0.8508384996681239,9.624529081506038,1.4300088925984142,0.2302878468681947,1.1529514713031541,1.0,0.1904348997193587,0.06134614974525385,7.181056409968676,2.4545165256168033,1.0,0.0
3358,nanog,tfap2c,1,0,2.590546345520061,0.9334134839911309,4.108371933587387,1.903996220398609,33.20911086248699,3.98008783697583,3.8387648251287443,1.5887532068849237,0.6263514722032179,8.083277609553997,2.090386416913466,0.22751090216749692,1.0446205670170166,1.0,0.18683818836918156,0.08058077072170315,6.307361982341893,5.511223394499171,1.0,0.0
3359,ccnt2,pten,1,0,0.12354455429122982,5.843947011073207,12.423469379194685,7.952570231728283,2.8509597587421442,9.797289994299629,2.3842988266486,0.12232806908001287,3.3685602111146475,0.22948177129301617,1.2319652274445168,0.508992616654505,0.6392459378297796,1.0,0.14422822530299198,0.030747589789598274,1.4748507643772202,1.3723693547619764,1.0,0.0
3360,nanog,tfdp2,1,0,0.4510461633031315,6.391744629877873,12.716938216646339,8.858895470746795,27.62377107739985,10.788067859728134,2.470616909828969,0.4355963696551187,3.71288006130811,2.1722029789561,1.2177666951090813,0.22207172360344316,0.6334927419160523,1.0,0.30547447762725266,0.08673093446038256,13.04942113404011,4.141054945665916,1.0,0.0
3361,ccnt2,rara,1,0,0.5289257697895414,15.014352347101243,14.363247091220677,19.948258460415186,3.542963215393953,8.428808238893911,2.4143636805009576,0.5101398966628659,8.566585112440368,0.2466686810365838,0.4225335387357158,0.5214514130465853,1.0534034900900575,1.0,0.1988236563859424,0.03236307171374736,1.46296670388632,1.2680107435855383,1.0,0.0
3362,nanog,tfe3,1,0,0.11935680070397497,6.414773285933832,39.062778564602,64.56866028429326,30.622857892802983,25.58485879411515,11.050921650706297,0.11899321546949329,5.83507018846082,0.7839395715836988,0.396242676887921,0.22673046439523864,0.9056858248279966,1.0,0.24127922480604524,0.07098929328639127,3.5278599633735257,3.7749229588207207,1.0,0.0
3363,ccnt2,rarg,1,0,7.708325880789886,2.78545429683765,0.00010000000001952891,0.0001000000000060397,3.1010014034324165,2.0447570933986077,10.801294831750099,9.999870273780648e-05,9.999641005627188e-05,31010.014028268248,20447.570932751103,0.5149062988650477,0.8159417972048967,1.0,0.1475312714496241,0.020894112931378668,1.694140433402753,0.6108981700449688,1.0,0.0
3364,nanog,tgif1,1,0,0.31866352202843234,6.346259708744969,24.664662146685494,34.47001533362198,28.431964225988004,78.54551895354139,6.4841948319110045,0.3145989534590553,5.359520662885575,1.152740875058318,2.2786621413808383,0.22428778254570245,0.32368452283692095,1.0,0.3917644730791544,0.16682508255042433,25.41619936837847,20.485531077978813,1.0,0.0
3365,ccnt2,relb,1,0,1.9265438423525068,7.517318130325041,0.8510028624384233,92.79924326589385,2.588261511291799,62.630753677482474,1.5356687796064534,0.59026705892188,6.954000657257791,3.0414251532309975,0.6749058663983838,0.498346882214715,0.6581720734881084,1.0,0.18456280006213252,0.03822845112405607,0.7605917154823145,2.4771636968061044,1.0,0.0
3366,nanog,trim28,1,0,0.6152857342389908,6.774712040016354,22.833046618264273,23.0741942774775,26.990624476756572,197.98227691252643,4.5141575680549355,0.5991405973880284,5.237077034667987,1.182085988260832,8.580246596336195,0.21886934350022905,0.23586187953726748,1.0,0.5424378828481644,0.28638515377995455,50.53720492471112,85.0367621070406,1.0,0.0
3367,nanog,usf1,1,0,0.7488793177121593,9.274450845248685,14.686648217916652,4.9798926555607546,29.93826266369429,13.060450124359603,1.615317142216202,0.7125462392862665,3.240119030805626,2.038468016628312,2.6226368774788273,0.22424798651236222,0.4391315251969353,1.0,0.4094889254250749,0.1226485877534658,21.67481249051267,10.048636793242933,1.0,0.0
3368,ccnt2,rfx7,1,0,3.9321579148560226,1.6043832464613828,9.999999999998899e-05,0.00010000000000018328,2.9850454286349053,1.696018201517923,14.857274839499368,9.99974569318036e-05,9.999376746393082e-05,29850.454286352342,16960.182015148148,0.5125998430884837,0.8838769855234881,1.0,0.13116639753286644,0.026072588819854088,1.0639668917623613,0.4652252253433395,1.0,0.0
3369,nanog,usf2,1,0,0.6189078022458794,7.788590866876104,14.63254287840618,8.917875396792445,29.532432021507514,8.05986481946654,2.2357182173641474,0.5937923640032238,4.157532884045381,2.018270663336971,0.9037875571086683,0.22572246200037532,0.6734869564874004,1.0,0.2918273843720616,0.08921133149189088,12.589973349807966,3.5694858668017324,1.0,0.0
3370,nanog,xbp1,1,0,0.25438492806366314,5.959668279120053,17.759821495795137,22.93186400814096,31.44286499430034,18.560239505624633,4.913883026595185,0.2507926692595091,4.730323790084061,1.7704493821486234,0.8093646246565752,0.23124920577955496,0.694421077504726,1.0,0.25220793718367496,0.08806930999606542,11.263341088904545,4.731515648652001,1.0,0.0
3371,ccnt2,rxrb,1,0,0.23510797191460953,7.727806628117409,10.794076062786903,2.7356061438177246,2.996226735282035,3.5807572491291024,1.379429866200491,0.23009619966709927,2.0203958068839123,0.27758065793251824,1.308944731397595,0.5119175052955827,1.1512449300393952,1.0,0.13803152870919289,0.021298729925205585,1.1193211515927806,1.153671394007155,1.0,0.0
3372,nanog,zfp148,0,1,3.0691187850095143,2.8972719400238773,2.586042009158425,2.3865633904750707,28.942553485283323,2.878188107187437,3.988122721567836,1.4034738176352144,1.3086182123050263,11.191834232693726,1.2059969237249144,0.22390870380965275,0.8161051602847169,1.0,0.22863262107453397,0.06903503810205276,7.453602970733834,3.390511625440317,0.0,1.0
3373,nanog,zfp263,1,0,4.165926131046507,1.9023474813589918,2.808881532903672,8.377508083577329,31.1958603821653,1.4676206460839958,2.054436451852614,1.677694001143278,1.5503069378929206,11.10615026541069,0.17518582273421077,0.23009544667352913,0.8037673130193904,1.0,0.11181031915125171,0.04297003624565317,3.95517382262476,2.2384047213471128,1.0,0.0
3374,nanog,zfp281,0,1,2.9459364983359597,3.9254208720392607,2.9746465562430813,3.7217571999977763,29.10995116509477,3.4098347799963857,3.877209528101555,1.4801109584821,1.910438498477653,9.786020158932782,0.9161894763039413,0.22586619012410028,0.550842072374135,1.0,0.29528076441132806,0.08805548971777016,11.908590933046835,3.8514921813365053,0.0,1.0
3375,nanog,zfp42,1,0,0.4520093009606886,16.077282868190714,37.98964600696674,124.51747337800234,27.229927482281006,1351.8352185409487,8.848476366912651,0.44669443076276455,14.238814412288985,0.7167723404763351,10.856590499850027,0.22078283719527772,0.25214688415689984,1.0,0.48425892750500354,0.3353829898177771,57.43939163819081,140.27037908663894,1.0,0.0
3376,nanog,zfp57,0,1,0.4628718968248807,6.918225060479119,11.904767748412404,6.44746806902874,27.412781497067243,27.764721419933718,2.007070847863742,0.4455484301799927,3.3372781149162862,2.3026725154485232,4.306298398483771,0.22102123327654002,0.3334469104193185,1.0,0.40410529798887174,0.1621224113081336,25.960275946678774,21.685013213486307,0.0,1.0
3377,ccnt2,smad1,0,1,6.073914605953257,9.00064062082746,0.035887119770180005,2.9042464492645714,3.142860848406352,2.0484241640878795,4.109915305142394,0.035676329727685335,2.1957435135873604,87.57629111873939,0.7053203644637638,0.5158428263787024,0.9534291652892248,1.0,0.13639990654017534,0.023864348145088275,0.7196207802877492,0.568084413876651,0.0,1.0
3378,ccnt2,smad2,1,0,9.00292550375858,0.6162676033843612,1.08741748327827,0.29523989630927927,3.262945489418491,1.7592759588596858,3.4602499775852285,0.9702285250378627,0.1996108461895481,3.0006373261367765,5.958801574082495,0.5172289536507365,0.7382647475882945,1.0,0.1288125565237065,0.02281143652052082,0.596702877853613,0.4288144817080677,1.0,0.0
3379,ccnt2,smad4,1,0,2.275779757163215,8.573171906773954,1.9897523735760587,37.472067633081615,2.8307082684444413,12.328882852435013,2.1443956386204235,1.0615881054838165,6.9769313990124715,1.4226434937514283,0.32901528074609515,0.5074941229779584,0.9831542223997748,1.0,0.1348100798899556,0.027905194567460684,0.13192511710744093,1.0152577452225553,1.0,0.0
3380,ccnt2,smarcc1,1,0,0.12932113799586983,8.612585313191671,14.988477213584195,8.300212937725373,3.102915292746185,41.42317990935541,1.9806738491280966,0.1282148951195188,4.226757215645312,0.20702004937059143,4.990616532388288,0.5153371469753614,0.21823687130177516,1.0,0.23839888962644568,0.06729708723528376,4.174183098681663,9.432618797564682,1.0,0.0
3381,ccnt2,sox2,1,0,1.6592511728993067,7.971622637601794,0.5352815876191068,93.90816202928107,2.4870642346783796,490.8799205907861,1.42073324066655,0.404717859795629,7.347879981646005,4.646272713658354,5.227233820610046,0.4930742857142857,0.36842191336364016,1.0,0.3136175985808433,0.10102066294382979,4.312045668126883,16.51301070925194,1.0,0.0
3382,ccnt2,sp3,0,1,0.4075106328651266,15.338416399015431,10.282804298996076,29.92047287059521,3.4767971812425746,14.285891158009646,3.067625201018102,0.39197648658818207,10.14016647670554,0.3381176068460253,0.47746207821632786,0.5146032383115359,0.5704276243441102,1.0,0.19514562925103934,0.04876691277628953,1.928462363882903,2.2165974551544707,0.0,1.0
3383,ccnt2,spic,1,0,2.522998990153644,9.003827598381383,5.543972503985588,0.3639690074237346,3.2799186730304553,4.48850579688004,1.5139088808280199,1.733914274911877,0.34982764164270064,0.5916188564558187,12.332109892132927,0.5154946781308521,1.8901684022188563,1.0,0.18007753987125674,0.029764479865720426,0.691070093994881,1.0145854240309675,1.0,0.0
3384,ccnt2,srebf1,1,0,9.727174988876907,4.6130444981971355,0.00010000000003995702,0.000100000000019973,2.9671564619307085,3.1631247259644253,14.4781768318293,9.999897200281205e-05,9.999783230118424e-05,29671.56460745121,31631.247253326543,0.5114094005659363,0.5266014602337884,1.0,0.19342563133191557,0.03353092910303773,1.532599558433988,1.0410501852120417,1.0,0.0
3385,ccnt2,srebf2,1,0,6.559459656203939,2.007009548048623,0.00010000000009302568,0.0001000000000294099,3.2429179805817023,2.510819316603485,7.98836586305146,9.99984756004465e-05,9.99950177403188e-05,32429.179775649558,25108.193158650556,0.5146962962962964,0.6615814140781423,1.0,0.1669063644982144,0.027194597170259037,0.3876640629112286,0.7207487643107491,1.0,0.0
3386,ccnt2,stat6,1,0,1.4435324164188554,8.610239859404812,7.797055794186438,0.001099164394193721,3.0985583574912163,3.169878219763669,1.1741550142734152,1.2180288240327637,0.0010990240951807423,0.39740107539073044,2883.898201677917,0.5145230095980012,1.0193735067886485,1.0,0.13281568894860643,0.026870706857881926,1.0131559382983828,1.018739390050321,1.0,0.0
3387,ccnt2,taf1,0,1,1.687479038603401,10.60626236279802,7.6407547057640475,6.108865287005376,3.170924138168059,12.982392920500203,1.9240240404362665,1.3822137993564447,3.8762628279258475,0.4150014311774688,2.125172566518372,0.5162142977347178,0.4761398196756317,1.0,0.18883230329934428,0.04186717757930494,3.4627553226314207,1.2190116030687794,0.0,1.0
3388,ccnt2,tbp,0,1,14.601482448628285,4.228667022124398,9.999999999998899e-05,9.999999999998899e-05,2.9964657020659007,1.1968808350982856,17.238667246524873,9.99993151427117e-05,9.999763524450645e-05,29964.657020662307,11968.808350984174,0.5083878531026668,1.1151225765101747,1.0,0.1472089043671906,0.02550752660253115,0.16649533712695286,0.7961614370528459,0.0,1.0
3389,ccnt2,tcf4,1,0,0.9115132714872918,10.109654540572144,9.007776483680301,8.773436606681724,3.314177393321625,14.217858508243681,2.0568364010415414,0.8277515844507156,4.697134199877053,0.3679240264593637,1.6205575016539773,0.517903640264286,0.5379184447443801,1.0,0.19185840826009823,0.035287309977025075,2.409963459859866,2.1733189092269343,1.0,0.0
3390,ccnt2,tcf7,1,0,0.0001,8.557979323102028,12.600655543613586,2.682133704049855,3.0359114544062287,6.285924652050915,1.3101841086274133,9.99992063967938e-05,2.0421186802665012,0.2409328184472851,2.3436283741409163,0.5135837619853075,0.5999111588954278,1.0,0.16502608042371772,0.026892030900580247,0.8916264546373684,1.2716850526015575,1.0,0.0
3391,ccnt2,tead1,1,0,7.086041087982565,6.675076757703845,0.00010000000000809361,0.00010000000000887077,2.537681024659718,1.5386581472729781,13.798579914797612,9.999858880277361e-05,9.999850192119989e-05,25376.810244543278,15386.581471364872,0.4966475064651054,1.0217186074916391,1.0,0.09774636265613391,0.025129955631577307,0.13621377497780301,0.41021610335496217,1.0,1.0
3392,ccnt2,tead2,0,1,2.1985022126159137,10.087391106789122,3.0645285237307567,17.877006611081978,2.952513066043177,23.324386451984484,2.99493227765214,1.280131748712414,6.448640851270484,0.9634477353301929,1.3047143159596792,0.5110338994886756,0.5381414283365941,1.0,0.24826005335568593,0.04504943094240728,2.3323022440336114,2.865662368568184,0.0,1.0
3393,ccnt2,tfdp2,1,0,0.3664178337038069,8.703342722649294,21.262251754067474,4.87501514375148,2.728223642336866,8.585630198390108,1.587017498184861,0.3602102383493473,3.124746599819969,0.12831301566236775,1.7611494416370552,0.5043941745799854,0.622735232908551,1.0,0.24446230096160607,0.04388376561539149,0.755483286445559,1.7615612518430541,1.0,0.0
3394,ccnt2,tfe3,1,0,2.2405056984284855,7.526572050200135,1.6956942516539382,135.19081222066305,2.8010867234333907,58.8727774356271,1.784835459393662,0.9651980798240495,7.129638718523181,1.6518819478813944,0.4354791310783232,0.5057173748405611,0.9407965619555291,1.0,0.15795768015962325,0.02978579350007162,0.767442479407877,1.796304875658624,1.0,0.0
3395,ccnt2,tfeb,1,0,2.0192219722128293,9.375186776959769,8.013568608003105,0.5517106682633618,3.793503323067301,6.4088010281132135,1.3129374451391111,1.6128288216264735,0.5210480505466777,0.4733850184147361,11.616235459586838,0.5203368805901939,0.8876760057413271,1.0,0.15821719924913324,0.03378762188750954,0.9270915995708991,1.4151868316697755,1.0,0.0
3396,ccnt2,tgif1,1,0,2.098603377008369,9.45660243751697,1.3966111852600513,35.001897079087605,2.7168775370268254,79.45307498034168,2.0036151545824907,0.8385559448608522,7.445123628434532,1.945335656552785,2.2699648193586652,0.5043669012326178,0.32201261594918923,1.0,0.3105095216722247,0.06408220679781242,3.0654399259795233,8.34974609761384,1.0,0.0
3397,ccnt2,tgif2,1,0,5.428562143626898,1.9643055477302063,9.999999999998899e-05,9.999999999998899e-05,3.257687015651668,2.649686586894021,7.810616525227565,9.999815792550813e-05,9.999490940145573e-05,32576.87015652027,26496.86586894313,0.518174066323059,0.7041751220913531,1.0,0.10952402515327386,0.01720564805492119,0.9382864724613434,0.675699057916723,-1.0,0.0
3398,ccnt2,thap1,0,1,0.6618991301489836,15.841436493956909,24.400667318769177,33.197018329242105,3.8487858157037835,13.496132695279638,3.1786037240063303,0.6444184599476727,10.724001389265348,0.15773280973931678,0.4065465326261353,0.5223090395699508,1.0045792397498732,1.0,0.2168644711016255,0.03758275114124817,1.6281963524822047,1.7230913571153712,0.0,1.0
3399,ccnt2,thap11,1,0,1.0060798002751734,6.070984621775519,51.32717687014804,20.66673263198457,2.5950193847015974,23.83965562951625,4.195841184936938,0.9867384363142756,4.692525349129433,0.05055838919928722,1.1535280420970442,0.496886752296931,0.5000928879714768,1.0,0.3076187914125358,0.056483883717071366,2.2291950650189456,5.6508786401883375,1.0,0.0
3400,ccnt2,trim28,0,1,0.2985328605942834,9.524011024760146,17.87525669066756,14.063708636111127,3.667021134542695,147.34611052036257,2.518020582664926,0.2936289923832411,5.678502119962423,0.20514508955036148,10.477045161617234,0.520849286068195,0.2330844351201166,1.0,0.3080078686676424,0.12053444140325952,8.193185965108643,19.353690465834568,0.0,1.0
3401,ccnt2,ubp1,1,0,0.0001,17.940057513681644,15.479854444758201,3.9544423557699497,2.986413066193499,3.4574531154254413,1.2204331726038795,9.999935400326689e-05,3.2402166626347597,0.19292255472109818,0.8743212833487511,0.5100985362175783,0.6165019423466672,1.0,0.21548241483276515,0.034690044160011105,1.1410185268988262,1.2173222658108789,1.0,0.0
3402,ccnt2,usf1,1,0,0.30184098806251647,7.808968888274271,18.740801656071223,6.739340025353428,2.7831282690722103,14.03539667943353,1.8930316494157302,0.2970565690206235,3.6174167663012287,0.14850636168867382,2.0826069951408157,0.5062608085825172,0.4450047833281501,1.0,0.2290868708785535,0.04477944121529371,1.4753281855166107,3.3305804937285752,1.0,0.0
3403,ccnt2,usf2,1,0,0.40732094863581425,7.24535142757669,22.66090259595964,10.804908926518536,2.7305598748761075,8.721994200414958,2.534633130052095,0.4001287886120118,4.337076628250733,0.12049651876456839,0.8072251473595051,0.5028401418605956,0.6742634607535071,1.0,0.18259286669781852,0.03831475652341485,0.8818500198322972,1.4784997287141917,1.0,0.0
3404,ccnt2,vezf1,1,0,6.724536886693896,4.680844701383422,5.219715337625798,3.192129609457136,4.502309696913048,1.268281843025275,3.8487490856431346,2.9386660350690774,1.8978676137660735,0.8625584741103784,0.39731527168189235,0.524173257289943,1.121418135545292,1.0,0.0690236499490443,0.016534412778416926,0.5557072512338442,0.6346005351076007,1.0,0.0
3405,ccnt2,yy1,0,1,1.6490321724098775,11.79598690783426,6.890659610360554,48.4016529622284,3.2845729675237822,73.17745850144178,3.462090352406193,1.33060064410469,9.48451244753741,0.4766703266818192,1.5118793269012503,0.5157749374259507,0.46861764634752995,1.0,0.25964053390232755,0.05762800996908424,2.893254827010253,5.8889736002931885,0.0,1.0
3406,ccnt2,zfp219,1,0,1.7908930643456251,8.82954260766125,0.7178557569770909,37.97151705000141,2.5508450226722537,24.246231501164996,1.689122085817928,0.5124478327380051,7.163750780921252,3.5534228121453366,0.638537340218386,0.49577593698099043,0.5473337273813308,1.0,0.1873169080722355,0.04043577272911974,0.6562288582289243,2.1580692720641577,1.0,0.0
3407,ccnt2,zfp263,1,0,20.895450876325036,2.940521228229416,0.00010000000008725252,0.00010000000001039733,3.104839883759747,1.4176116650532324,19.1018363209783,9.999952151647558e-05,9.999659936841526e-05,31048.39881050696,14176.116649058387,0.5121483310618793,0.8133889373055825,1.0,0.14156170652300482,0.024767011342658497,0.9311603083523887,0.7873765397127889,1.0,0.0
3408,ccnt2,zfp281,1,0,6.824463680820511,1.715047119344193,3.403333992794557,12.594111357678086,4.240954231414362,3.347728330364685,1.70278637302002,2.2708631876288363,1.509487398533629,1.2461175542550895,0.26581695486785734,0.5242048167051564,0.5509733992946558,1.0,0.15858265272772384,0.035258813834943205,1.477168274217076,1.4184649774833278,1.0,0.0
3409,ccnt2,zfp410,1,0,6.107574710440784,2.296955232729927,0.00010000000000043308,0.959099093811799,3.4192548874963378,1.5883934873092926,3.3879583305469434,9.99983627161188e-05,0.676588122096037,34192.5488748153,1.6561307351427632,0.5194567487264448,0.8431893720595841,1.0,0.07099103424663386,0.027126143138366157,0.8615451168777494,0.7369988863283254,1.0,0.0
3410,cdc5l,chd2,0,1,6.523587652233405,1.3620933747297972,57.94050975448241,50.902757307881956,174.40891081438,5.4848152041074,9.751848056426674,5.863418696669334,1.32659536149047,3.010137666261856,0.10775084679466101,0.2628276401646397,0.6425974466152535,1.0,0.35856493004495077,0.09564177787594325,19.988876264452863,5.248292004044928,0.0,1.0
3411,cdc5l,cxxc1,0,1,8.009593502646124,0.9763067602327358,32.26016961811808,0.7960648416767024,108.24052053118126,2.274570919051002,2.1307785344201164,6.416497762667668,0.43851046003854866,3.355237179856327,2.857268403237371,0.2591238697651926,0.6641274238227146,1.0,0.30999704187159827,0.07748505506764299,10.4605414706214,4.3136124771343365,0.0,1.0
3412,cdc5l,e2f1,0,1,33.872004968355995,4.673602013695188,38.770571547017916,105.86673515121828,133.31549799952103,22.645418509916592,2.17590255852199,18.07806186209078,4.4760039572515105,3.438574482654877,0.2139049483066636,0.2609110156491358,0.6908236699493037,1.0,0.4389579556181668,0.13996854682423154,19.89868996927437,10.728045491701991,0.0,1.0
3413,cdc5l,e2f4,0,1,8.081520152829883,32.284923507640514,240.37120658224597,193.7946990282665,81.47765173344293,1030.9549144956025,7.238073378131219,7.81864934904017,27.674528841360257,0.3389659389406291,5.319830313548615,0.2532166498515978,0.3591268852844752,1.0,0.5957075620853197,0.2644263144023618,46.11062438561567,63.10751233434925,0.0,1.0
3414,cdc5l,e2f5,0,1,8.048866739824454,0.49694789806929274,66.98510558565471,1.5960609447297167,197.98080472879604,2.5389802331758946,3.0791913274637466,7.185467751504418,0.37895641693191306,2.9555944265197205,1.5907789997366646,0.26272776070622555,0.7637138500436601,1.0,0.2862377837642903,0.08120163389130383,11.726742091250674,3.7867403134037048,0.0,1.0
3415,cdc5l,e2f6,0,1,3.6483268505578375,1.9853686887884914,28.598620175405305,24.8886697676815,95.15909764246686,1.9054557074912883,8.236375267670489,3.235565642565506,1.8386959497133277,3.3274017088524883,0.07655916227252794,0.2548259553818706,1.2769814991367983,1.0,0.2319209838963962,0.06357544751964095,7.024708039567602,2.475601854141063,0.0,1.0
3416,cdc5l,elf2,0,1,12.815654782601708,0.21503865375428302,42.91824750435583,8.194385733217906,131.20568537352972,2.4009283836686217,4.463016764857413,9.868776836370827,0.2095398680490341,3.057107244656564,0.2929967494617544,0.24960783512791146,0.8280371434281607,1.0,0.2877826784507598,0.08192167791650225,7.649923759595911,3.4093054493292527,0.0,1.0
3417,cdc5l,ep300,0,1,10.268860267262458,0.6232584463035794,41.48471784242595,2.745012147158276,133.18717916496277,2.2898925457889883,3.5698721694227515,8.231329819318006,0.507931877338849,3.2105118726094783,0.834201243211094,0.2613009824523439,0.7824207652880173,1.0,0.3438258265565389,0.07724896103085933,14.263089419423522,3.2618046431597247,0.0,1.0
3418,cdc5l,foxm1,1,0,11.052279312934278,1.6258648713597839,54.67267210856399,32.052463907151584,167.7038896359019,2.5672638261346186,6.248381668160382,9.19373281926339,1.5473741422827394,3.067417105622547,0.08009567793513084,0.2627284422220765,0.9688479941608996,1.0,0.265839078299136,0.07549712133652758,9.163160402338825,3.9536513267221283,1.0,0.0
3419,cdc5l,hdac2,0,1,16.450535540448765,1.5513290147623329,28.891932664301063,37.60334166008363,95.8994175106376,43.7625835511723,2.8700023442358886,10.48217673065598,1.4898645286470265,3.319245500981357,1.1637950676502449,0.24400097885877833,0.21823744840802686,1.0,0.4751890995928303,0.1853012820484148,29.44333651844547,30.633004097817835,0.0,1.0
3420,cdc5l,hes1,0,1,6.337799241595737,2.093668155434327,33.2505167859112,28.41969830952963,109.07615053721466,11.334099709694698,6.706549358317372,5.323164034610373,1.9500115598858503,3.280434744503942,0.39881140138261684,0.2578684039408827,0.646533613445378,1.0,0.27355150901653896,0.10777107820622255,16.239428707253733,15.547043235618894,0.0,1.0
3421,cdc5l,hsf1,0,1,5.635356533983206,1.7316442069789217,43.66942967265295,43.94999626485918,135.72504651541664,3.487642549697532,8.490049922061363,4.991255916002372,1.6660031391759336,3.1080105129106266,0.07935478603182781,0.25912648453008624,0.7980233862064328,1.0,0.3503867150166931,0.08664404173062933,14.935244532553387,3.592254283081287,0.0,1.0
3422,cdc5l,klf10,0,1,8.55655379403249,0.3546341098764125,35.105991036533965,9.470656773702173,115.50865171970872,3.508433177666661,5.29389689535245,6.879724989978975,0.3418339441227418,3.2902831770082104,0.37045299618594246,0.25935296676876207,0.7450160714108014,1.0,0.21051171004179076,0.07421205505758989,9.168682138622826,3.90053953401177,0.0,1.0
3423,cdc5l,klf13,0,1,7.066989831419333,39.40018520492476,246.82123662054323,213.23731640783794,110.21424651593358,307.7531782433059,6.5956802360697715,6.870279861936626,33.25551315793065,0.4465346986546956,1.4432425966883622,0.2607197630539993,0.5964081008133887,1.0,0.46175692849196337,0.14139169363441975,20.895441526527915,14.30748994511431,0.0,1.0
3424,cdc5l,klf2,0,1,8.430656796908528,42.273103533091955,242.97037217535382,161.64092315272535,88.37198541145234,3237.018813344391,4.991104920038079,8.147937293659789,33.509531397503295,0.3637150678917902,20.025985686099524,0.2554519816781061,0.32968181102580385,1.0,0.5619643412510249,0.3881256049226325,75.03098713257582,229.88835172910171,0.0,1.0
3425,cdc5l,klf3,0,1,9.935566093740734,1.7709931964242491,29.772908778382757,35.521767196064005,101.24645775732296,16.347090112296314,4.195855982619495,7.449560929327038,1.6868906288274363,3.400623651217951,0.4601992356424107,0.2569429353133401,0.40615752361325264,1.0,0.44004492679441903,0.14171312583290127,24.797448321738933,14.183240315143758,0.0,1.0
3426,cdc5l,klf5,0,1,18.748885011587873,2.5108943318606394,57.29516847594635,63.36381075350423,168.48338623963582,39.786949841778856,4.2166466504110796,14.126292276767805,2.415188547104564,2.940621185368684,0.6279128317669641,0.2543782632465006,0.28699958784661245,1.0,0.4122930177653614,0.16178169994700436,23.64922052621015,19.018266627829426,0.0,1.0
3427,cdc5l,klf6,0,1,16.025137928382303,4.0386211883670295,49.64134971982933,71.45347090583832,155.92333263584544,23.794572887695253,4.314642447068806,12.114390531636605,3.822565961247697,3.1409970421001985,0.3330079362981799,0.2618675345160439,0.653968735785419,1.0,0.31324321529478943,0.1236644821159156,18.99951925398303,9.482313532353716,0.0,1.0
3428,cdc5l,klf9,0,1,3.9765572131776334,34.24882505243184,94.64625832832292,59.15147036576864,77.96155860311453,145.20544892469482,2.84168882951071,3.8162189873538033,21.690170797431385,0.8237151682496519,2.4548070914687896,0.24992312034425077,0.25473479294351126,1.0,0.5006199201281328,0.2059720778474243,35.490442526485694,29.215994040996286,0.0,1.0
3429,cdc5l,mecp2,0,1,6.745617829090983,0.3457802475637747,26.989643079782965,0.3141224859673753,95.3113917798422,1.250526168950886,2.2295409074742523,5.396781072823874,0.16459600096204208,3.531406158210249,3.98101449216458,0.25965184516535544,1.1324232573047006,1.0,0.2459341199540129,0.06437645663868108,10.406983477073101,1.2072228208158058,0.0,1.0
3430,cdc5l,mtf1,0,1,16.75542761171527,1.7021665778008066,72.78914577136702,67.86498029168446,218.5195212507872,4.218726648744118,5.463074115465256,13.620180618573956,1.660518024008341,3.0020893765832044,0.06216352868021154,0.26568924952464645,0.8578141201030622,1.0,0.2726054169763155,0.07659980214294723,10.3488093733671,2.1651472538223384,0.0,1.0
3431,cdc5l,nrf1,0,1,7.772060522479957,116.35166650349608,248.8641616847319,84.11034071317523,138.3271950129835,107.2542973733755,1.776703920942997,7.536688741187449,48.81911763747377,0.5558341308630058,1.275161846497846,0.2512847436195592,0.5016150610592256,1.0,0.4911925713157962,0.1461370197521979,24.151561273768152,13.348612926549624,0.0,1.0
3432,cdc5l,pura,1,0,37.32405587344216,7.903790750052311,286.73884690417583,346.18353621439445,952.3260266584516,25.536154432522164,8.87274665228152,33.0252449484539,7.727365604435945,3.3212312769629917,0.0737647859045134,0.2646365078840838,0.6636835532834218,1.0,0.44948609091205144,0.11973110255449593,29.343417885345463,7.711403952515345,1.0,0.0
3433,cdc5l,rest,0,1,34.99971299864008,3.227842297433744,33.986240280653426,76.38012491819399,119.5459886251926,90.09899083052036,2.0519888174456824,17.24276608761059,3.0969638657702228,3.5174820055998905,1.1796130331944312,0.2577659719970656,0.28206210202827564,1.0,0.5280139293360321,0.21883220277486337,40.806182488645746,43.11736755850396,0.0,1.0
3434,cdc5l,setdb1,0,1,14.623315732027555,2.3361906767245535,41.789241412037114,53.6745325083655,134.17057971916185,11.296425255769867,4.025620578134222,10.832646175026921,2.2387488554508086,3.2106488461050384,0.21046154904114442,0.26074735839974733,0.4429285008809309,1.0,0.4828679065314116,0.13716058499616443,24.712498158584598,9.137753225011885,0.0,1.0
3435,cdc5l,smad1,0,1,15.557869472226024,1.1607459004634229,30.573403109910387,16.179809618405734,106.36251220568148,2.302415307670909,3.177861285940272,10.310945011517532,1.0830476373381994,3.4789228998587993,0.14230175521050265,0.25897009455999714,0.967533145618701,1.0,0.33222401477502184,0.07542654404189648,11.690997934334646,3.120414779856904,0.0,1.0
3436,cdc5l,sp1,0,1,8.311329899066152,0.6811609717029604,34.726845707659066,33.10487572208788,116.29445541955738,2.211747999151439,5.249510549766985,6.706284989116097,0.6674280715236212,3.348834397415727,0.06681033989430565,0.26278255154516406,0.9405197378448409,1.0,0.27112734317122694,0.06541990842202985,8.105558833808306,2.027457031999838,0.0,1.0
3437,cdc5l,sp2,0,1,7.805666281784317,0.3457363301347638,66.1139741399335,38.32267299460632,193.74149104236562,6.422808156540424,9.517568394222568,6.981414083654257,0.3426450829885158,2.9304166564288234,0.16759812546072647,0.260605088369377,0.5718527554384822,1.0,0.2448076307930362,0.08402980225445467,11.500078983686013,5.587802436223264,0.0,1.0
3438,cdc5l,sp3,0,1,31.85854261443577,3.66936039667517,79.90609803235857,99.83271523859064,244.84235232282262,11.449745304293991,3.6370954388969317,22.777255978142797,3.5392740613234515,3.064125997288366,0.11468931078284503,0.27120604959370764,0.5576438881643894,1.0,0.3101330260075614,0.08745139191898356,16.911377247866824,4.505211295061965,0.0,1.0
3439,cdc5l,sp5,0,1,3.3784809395493536,44.06040581702412,77.57721335868905,35.89917190929274,100.23427607934985,275.1465555766754,1.8914982681019588,3.2374885911068962,19.781646274226883,1.2920582183830542,7.664426251165193,0.25777570631959396,0.9215690793065706,1.0,0.27464753082811216,0.1850666448955919,22.6528810359893,44.04717012043155,0.0,1.0
3440,cdc5l,srebf2,0,1,9.025368305215686,0.7228328738284783,28.376238560832725,2.4481322808835637,97.80324203342292,2.7240540995407785,3.5298030110367407,6.847459924526959,0.5580605291337652,3.44665984618621,1.1127070709421105,0.25610512940543684,0.6714572000635514,1.0,0.2985610339207676,0.07781469597885789,13.93564291842171,4.014762423673781,0.0,1.0
3441,cdc5l,tead2,0,1,21.51611519038413,2.035105106587863,20.177243591045578,44.97814678286227,82.82561035508527,14.638559958218634,2.020367308517063,10.412591118054548,1.9470096733130295,4.104902137963101,0.3254593842847316,0.2548022103166616,0.5144740734939655,1.0,0.39976264002331646,0.11426229864231624,20.573763633445246,7.914300087177017,0.0,1.0
3442,cdc5l,tfap2a,0,1,4.160791269185454,3.293671473774638,49.778596751701315,49.74601490432627,153.8173713248967,3.038001993153787,11.456468159871989,3.8398350140083246,3.0891402535139574,3.0900302813304914,0.06107025857240236,0.2626637300776693,1.2028790714184787,1.0,0.29509156319064417,0.07885700398001642,11.195365008675571,4.886908060623131,0.0,1.0
3443,cdc5l,tfap2c,0,1,3.0395849509956414,1.32159589824087,58.63466823349563,26.970286502381676,176.01777799028648,3.9010933949739073,17.077424165208516,2.8897805156394227,1.259860320045173,3.0019403757747294,0.14464412139742794,0.2623505270404855,1.0439403154926477,1.0,0.19990094342190884,0.08047011050840068,9.272851516145266,5.686627455502791,0.0,1.0
3444,cdc5l,thap1,0,1,7.642454972163077,67.84151653910004,213.9167374001105,95.02263807686552,101.52388555801933,33.30636460360516,2.486422738782256,7.378836399734801,39.58194415389573,0.4745953345769703,0.3505097866959139,0.25552275553332904,1.0134091620578107,1.0,0.3697828124215766,0.08260958767664128,13.396603009946109,3.7297723346049514,0.0,1.0
3445,cdc5l,yy1,0,1,3.65016396378007,40.31468281747523,70.0783391819501,25.849360527098078,72.92720162793239,46.39100308527662,1.7266742258518033,3.4694509912659894,15.75037917887459,1.0406525394185722,1.79466733951289,0.24998213745439035,0.45557387172840136,1.0,0.5095178506581998,0.15179438156086034,27.99721405244685,17.23431666546339,0.0,1.0
3446,cdc5l,zbtb7a,0,1,8.465867878416955,0.23905124250730114,45.720795523253656,1.5570409207571787,142.46052816577918,3.0079199216645045,3.7206493812615165,7.14320074160627,0.20723466999889492,3.1158803458116466,1.9318181568418722,0.26019468441646826,0.7240691319763288,1.0,0.3454665765097007,0.0902311762912847,14.653459275900197,4.905887369060537,0.0,1.0
3447,cdc5l,zfp57,0,1,9.015564002595745,1.1364363680276799,34.47618308291226,35.38543129426629,113.33840126153873,19.080517226140614,4.979003575062165,7.146694625490776,1.1010743314933515,3.287440520575309,0.5392195750693688,0.25919249128082855,0.3124835220761108,1.0,0.48817559045280023,0.16690400685489534,31.037532726501176,19.571351691303057,0.0,1.0
3448,cdc5l,zic3,0,1,4.383851789110412,1.4654048170361398,56.42363190246217,41.261089993756414,171.35702899751035,3.451079462676004,12.724149427343509,4.067802590193304,1.4151453401634828,3.0369726871487126,0.08364004594154488,0.2630233643890391,0.9603135371795777,1.0,0.25818967863028425,0.0726877309725745,12.203468922122317,4.694082673491461,0.0,1.0
3449,fubp1,gabpa,0,1,12.705445550655218,0.9020022478127643,13.686733483401893,24.110063923184665,111.59280364328272,6.861344155444655,2.1549468176707096,6.588923438844996,0.8694736254471841,8.153355494107705,0.2845842374082909,0.23279274293910301,0.5468903223820156,1.0,0.35532835973431476,0.11165574500100556,28.981053674292244,5.370924650288197,0.0,1.0
3450,fubp1,hdac2,0,1,19.11499446677892,1.0403292274712281,10.845478460581235,29.111662243159554,106.87129027808538,48.80004442326957,1.616912581411091,6.919492267902817,1.0044349183810617,9.85399497740166,1.6763056680054829,0.23137222913932842,0.22154912113846975,1.0,0.43303968966995127,0.23141130629055137,50.57473305780466,35.891942865127255,0.0,1.0
3451,fubp1,hes1,0,1,6.0428792063893395,2.208615589072917,18.601527994441312,21.416317043889077,126.8779568437751,10.172818912785216,4.498836959204688,4.5611479232858105,2.002139537010443,6.820835195995189,0.47500318994800855,0.23459657605964904,0.6362545018007203,1.0,0.33504363701397905,0.15334791653558974,38.23052753928703,13.385064715472641,0.0,1.0
3452,fubp1,hsf1,0,1,5.999822126701602,1.6576160467377052,15.306158925875833,21.502390102428024,110.31196790115544,3.2005865505726887,3.824855953142032,4.310255921642794,1.5389765722615159,7.207031394053246,0.14884794366237836,0.23295794810563714,0.7908477366255147,1.0,0.35149432606431236,0.09685942843491019,27.592917914805614,4.950607188527178,0.0,1.0
3453,fubp1,irf3,1,0,0.7776155184500915,14.667292710353568,22.587372868447133,22.49839413264844,110.67733296532586,1.4377549458777155,2.5955167767052156,0.7517355186605986,8.878903103565014,4.899964843628796,0.063904780821282,0.2329662459494676,0.8871024016683747,1.0,0.33166021330227885,0.08758215865781174,21.51599316474445,2.608587991953448,1.0,0.0
3454,fubp1,klf13,0,1,1.6896865208556304,15.52728432059394,37.98599091503166,25.381275558828648,80.72232992846517,42.86073451061154,2.751817174053444,1.6177270554281094,9.633736391182806,2.1250552633740054,1.6886753548405815,0.22170992542509305,0.5829707329125581,1.0,0.4210262396625178,0.16681568735154834,29.311655473540647,17.187950727755855,0.0,1.0
3455,fubp1,klf15,0,1,2.47320063876783,24.407006860713413,26.911409141706958,3.3451834134863705,92.47438348144445,27.470905820551785,1.2343966379679436,2.2650399231654066,2.9419629123546995,3.4362519998303926,8.212077612785196,0.22647492827869767,0.5381576072587575,1.0,0.47447673544588614,0.184794756873472,42.52394789869973,22.70645517104127,0.0,1.0
3456,fubp1,klf2,0,1,3.0337263966373667,12.302159218776287,131.71230181542072,139.41932038846903,81.45146981277138,2629.705539806437,12.23398903664842,2.965423857618033,11.30465298672597,0.6184044215316806,18.86184448811825,0.22244902998880436,0.3067154276934466,1.0,0.5979373678084674,0.45663357156675627,119.24098625336912,292.38490648295135,0.0,1.0
3457,fubp1,klf3,0,1,9.565745333405145,1.3934637178451867,11.80530331084089,20.18032894921701,98.68497400201984,15.418072186909264,2.388390334114508,5.284089093377879,1.303459092190492,8.359376409363135,0.7640149090586296,0.22917632389672124,0.40051622355849936,1.0,0.4137767991884826,0.17129314528285264,41.65497785439466,17.401837199390663,0.0,1.0
3458,fubp1,klf5,0,1,18.41317702816708,1.4045088419216316,8.087376711615981,26.904885676813134,94.20228439049014,33.018846066558304,1.506713825901432,5.619290092829579,1.3348272001708492,11.64806435382025,1.2272435000537554,0.22763879862651998,0.2805456748271547,1.0,0.43110226139034363,0.21355223014665348,43.6855354040005,27.945431541900756,0.0,1.0
3459,fubp1,klf6,0,1,1.6186558729665381,18.668945713856893,22.466499240340728,3.9320143812733677,97.29988381544182,21.037126715936026,1.2595018773829452,1.509873229767306,3.2479400309154887,4.330887637390816,5.350216117247067,0.22442104157262244,0.645400481574022,1.0,0.32523382850741595,0.17468381635372954,27.750690988458054,13.12798181061562,0.0,1.0
3460,fubp1,max,0,1,1.6690114484562875,20.10163512688051,33.93278498798142,12.555974636475794,80.11713444692136,24.24761138307447,1.704533012946554,1.590768227779166,7.72853930932829,2.361053903335605,1.9311612268341027,0.22110541324203378,0.4324691929841381,1.0,0.4991950681110684,0.1636520056384165,37.524505382324065,14.061565923931344,0.0,1.0
3461,fubp1,maz,0,1,2.2416082641554143,25.611367046785862,44.470000407149925,16.73790693905879,98.03991090793089,40.47542614398537,1.7368843406531105,2.1340374107239297,10.122503596034875,2.204630312802245,2.4181892211106653,0.2265239590074264,0.3403833917259175,1.0,0.5258751420042479,0.20401616805641368,47.89108661536419,21.14438775119184,0.0,1.0
3462,fubp1,mecp2,1,0,0.0001,0.060879493375628604,16.029799620271273,0.31055628651333655,99.87555152412439,1.1135182176490195,5.8876467578435445,9.99993761657754e-05,0.05090115280008914,6.230617592862598,3.585560061110534,0.2305779107145205,1.127119250780437,1.0,0.1870923543702146,0.06365153335912326,12.208636851871683,1.3035951993266843,1.0,0.0
3463,fubp1,mlx,0,1,15.611483036100099,1.375947575512588,15.018958758750957,29.81943475524507,117.36165902534447,7.2931779410306055,2.052579587383633,7.654744957728342,1.3152580891493355,7.8142340564696235,0.24457800762798754,0.2298297023815346,0.5307527159096905,1.0,0.42327193836130145,0.12916217727840434,39.06877560429565,8.591474132739627,0.0,1.0
3464,fubp1,mybl2,0,1,3.535511130287405,13.075465711838717,169.96902132655757,189.67957150896976,86.60385059259994,862.9300077986859,15.161762788752014,3.4634678310410574,12.232242253990519,0.5095272651256252,4.549409306093244,0.22079029606432818,0.2484237762524689,1.0,0.6170718479035702,0.3051491832249783,73.1327649282363,73.54453908482719,0.0,1.0
3465,fubp1,nfe2l1,1,0,0.00010000000000021103,0.39823220068661647,17.364750670140776,8.911052210489068,112.05958098474409,1.5551721800932214,18.57609191802114,9.999942412425391e-05,0.3811966393417163,6.45327900834384,0.17452172239128522,0.232919690003141,0.8115222863420456,1.0,0.2504932028503912,0.0771041597509304,22.329516204538933,2.9713077889818806,1.0,0.0
3466,fubp1,nr0b1,0,1,1.79419640093211,20.23741436012846,20.409919153746934,1.0215286266260943,90.41599870745476,25.78132309117228,1.1125628457017278,1.6492169390305362,0.972442426260123,4.430002785721757,25.237983957750508,0.22281450169918504,0.6198358762583376,1.0,0.41687573764458297,0.19272997031544328,45.30020640776696,20.360606502409894,0.0,1.0
3467,fubp1,nr5a2,1,0,6.593645271120245,0.4952442673720459,13.69897415136879,15.548339824268181,103.92151927273277,4.604382298094023,3.1756300564416726,4.4511836669182525,0.47995673043741083,7.586080397293765,0.29613337180265414,0.2308948130918601,0.5108472448317322,1.0,0.3020621759869051,0.11413900814782935,19.56449996641217,5.999288062726827,1.0,0.0
3468,fubp1,patz1,0,1,8.585624770889401,0.37597441235835577,13.637437407144914,17.738376085442514,106.08806577771064,6.0494760211490215,2.6432662213942915,5.268667273494243,0.36817083371139453,7.779178932995804,0.34103888608572747,0.2318007811685891,0.4239327890823096,1.0,0.3569128962947628,0.12512843559728948,24.099704959711545,7.103388430917788,0.0,1.0
3469,fubp1,pou2f1,1,0,6.7351490093729085,1.1945049265715864,15.81694879887473,16.88313642187381,114.52749871709986,2.7911908233718834,3.5853243229100022,4.723707210736011,1.1155763765411093,7.240808589153916,0.16532418820922476,0.2327711097645879,0.8263815215503068,1.0,0.28584104676822514,0.09643244438018175,17.585996528737574,3.1978450580508557,1.0,0.0
3470,fubp1,rara,0,1,9.656383000840258,0.7014664647427458,12.077141445633622,2.1308545272501807,100.91527868721938,1.6901153857484243,2.991605669925308,5.365972907044117,0.5277378504544135,8.35589109736761,0.7931631953916065,0.2293805228485002,1.0046817530715495,1.0,0.3233383976927885,0.0883137511081947,16.239752189224703,4.823863907451299,0.0,1.0
3471,fubp1,rest,0,1,2.3199094156886644,28.313762202542666,38.86947836674841,8.32665028324506,100.50513120042768,73.44688098530091,1.3655968074038896,2.189245184274772,6.434392520962545,2.5857082580868025,8.820699619520614,0.22746184691025848,0.27691961477112914,1.0,0.5830359300183497,0.2647318367842081,70.04984082466171,64.86468185118947,0.0,1.0
3472,fubp1,sin3a,0,1,10.981173687430184,1.3622440626270012,8.939760623273974,8.597934678372546,87.7490720260714,4.662196068704386,2.10152196445188,4.92793473423941,1.1759312529458077,9.815595262989872,0.5422460443240849,0.2249342843816653,0.6067280031889801,1.0,0.4246089895320687,0.1322952324666948,24.11426338125355,7.862626986071598,0.0,1.0
3473,fubp1,smad1,0,1,12.050236661590107,0.6193640312661782,8.997451204727012,5.2849005603654975,90.63931759833785,1.9787369797190832,1.9513624721062164,5.151226921298926,0.5543920441079472,10.073888208553825,0.37441328500270515,0.22690290456351817,0.9515857268833459,1.0,0.3414884140205242,0.08499233178030795,18.347024523659684,4.0354912087284545,0.0,1.0
3474,fubp1,smc3,0,1,1.920210315863119,23.99407146100655,38.1115674151042,10.946601241829535,86.58083882731955,67.32791976567415,1.5278749493131834,1.8281032982351,7.517128667940091,2.271773235781592,6.15057754258905,0.2231360911404917,0.2359842211132948,1.0,0.6354779406317884,0.26293374662161834,70.16672409301475,48.1418109255835,0.0,1.0
3475,fubp1,sp1,0,1,9.143113214132317,0.5240336138180638,16.742640282396444,20.15962013149552,121.85788702467973,2.590740676731339,2.9047691861813068,5.913671998227547,0.510756886611516,7.278295714971767,0.12851138363881204,0.23340780149579726,0.9527540450232308,1.0,0.24208385277509745,0.08016105472477879,11.607704377300191,2.513215006962,0.0,1.0
3476,fubp1,sp2,0,1,8.25024906737874,0.6663476417704229,13.645721540124116,17.10633358732692,106.02060311417605,5.968164710881514,2.7573580540610854,5.141612739082787,0.6413644006955728,7.7695124294036955,0.34888625785381494,0.2318377204044212,0.5677390093580592,1.0,0.28596105651764175,0.10421957664474155,20.820260934323525,6.832439039693259,0.0,1.0
3477,fubp1,sp3,0,1,10.678177491289192,0.5121763709710446,15.351987066813402,20.53019198361478,117.48659069054399,4.5214242145343455,2.498511694625166,6.297741313832057,0.49970987335249595,7.652858889160761,0.22023292418029555,0.2349505589519815,0.540351632860835,1.0,0.32744331626218853,0.113322475351846,29.591235571590598,5.807508701961682,0.0,1.0
3478,fubp1,sp5,0,1,3.496635756131122,34.62906389881444,39.012470534568465,9.338342469261313,141.42136409260877,96.4112812684842,1.357380559088945,3.2090159335113824,7.354949604483922,3.6250296931925154,10.32423918761148,0.23528932645856204,0.8692186257012253,1.0,0.320230007612168,0.2343485186780581,49.31796274753299,48.383124124431255,0.0,1.0
3479,fubp1,srebf1,1,0,2.360625830364842,1.9545451885471128,13.39272766649093,23.48805687554506,94.80904650513435,2.9562649905119804,5.111305243093639,2.006888176214065,1.804393608750002,7.079143910493295,0.1258624758180801,0.2282231528874619,0.5189707941377201,1.0,0.36148365074545447,0.11525578270317653,21.60645035574393,5.4561166348697565,1.0,0.0
3480,fubp1,taf1,0,1,9.59459496544929,0.8890215128251768,9.747789239362966,17.843934250044267,88.90841653118937,8.224278239156257,2.1164063602212684,4.8352927214104255,0.8468306669025844,9.120880062954631,0.4609005011961336,0.2250045185870121,0.45529202055153617,1.0,0.3747173273781476,0.12979650342217816,34.818563244611916,9.55821290495923,0.0,1.0
3481,fubp1,tead2,0,1,2.266336176345788,20.36231482828634,47.65033934569184,27.85785601170865,93.8911865846121,30.570318780467574,2.4807400175241074,2.1634391061683873,11.763758291809896,1.9704201034845512,1.0973679657048583,0.22974061314177657,0.5217928605088751,1.0,0.42456448324586604,0.1442346688183906,32.73595680850178,13.033072186733575,0.0,1.0
3482,fubp1,tfap2a,0,1,7.933430131584894,0.11685564498792188,17.14613492159925,1.5396465793098746,124.38322589504136,1.7654181877423496,3.401182886524329,5.42384459773417,0.10861222607471652,7.254301127559303,1.146638593211225,0.237097880154812,1.1232635936491024,1.0,0.2920319402006965,0.07564684065097219,23.79792398942723,2.319694936288115,0.0,1.0
3483,fubp1,tfap2c,0,1,2.8373196209597467,2.285389634467858,21.89461650863846,17.56748570827135,140.2861409481494,3.681427458801113,8.371752473971586,2.511814064528652,2.0223040264053798,6.407334921477154,0.2095591549032982,0.2360493354827439,1.0365346993150077,1.0,0.2763757918605006,0.10961718057046402,24.633381151765015,7.667663074027128,0.0,1.0
3484,fubp1,thap1,0,1,3.018887759366693,25.083865816161403,62.42771639940852,34.602157153218336,101.28879727600254,12.764576151167233,2.49452488811346,2.879634036109425,14.542028833556877,1.622497235490136,0.36889538691607276,0.22864488453619125,1.000218507593139,1.0,0.33433367871170866,0.10187566186273403,18.079519243532197,5.162372324872472,0.0,1.0
3485,fubp1,thap11,1,0,1.622832884857371,20.326460088290414,31.975187813538877,10.474750060762943,82.39951671086087,17.413211618321846,1.589617926552549,1.544447714617262,6.912539735113598,2.5769830404552434,1.6623987701195353,0.22170730627175542,0.47502579463157807,1.0,0.4311205748123587,0.1496032255049903,27.902946890007847,10.811204753514449,1.0,0.0
3486,fubp1,thra,0,1,0.00010000000000021103,0.2138253562669009,20.18796288110215,9.660948699807161,123.88502346201425,1.0796970055963102,19.46764957632051,9.999950465798534e-05,0.20919524698814293,6.1365787222633745,0.11175890061582272,0.23500718261885362,1.1732366172476234,1.0,0.24454433891898997,0.0797477695130123,21.10557116198044,3.1590517318475797,0.0,1.0
3487,fubp1,vezf1,1,0,0.3000350383852599,1.1756096299107037,13.611227562930512,3.8558810457115826,94.05335709116127,1.1378315226061355,4.358296372491242,0.2935639489637771,0.9009280114720786,6.909983442442092,0.29508989232735905,0.22875094851420597,1.096963851703252,1.0,0.1310231308538456,0.05877011816323054,11.079542115549897,2.58755854246197,1.0,0.0
3488,fubp1,yy1,0,1,2.871986573328558,18.727552865239577,65.29582110718133,48.34843152052809,86.11178797288895,67.80805232374053,3.7392109172810453,2.7509865418175283,13.498837408701903,1.318794779095262,1.4024871167733777,0.21921165679625843,0.44996383482627755,1.0,0.5154169530232736,0.1778480274300214,41.01371653764755,18.101792898537443,0.0,1.0
3489,fubp1,zbtb7a,0,1,7.731701775812563,0.13816681816975201,13.474472567819728,2.2871611412813944,106.23649568252229,3.1027462295359043,2.908446312207296,4.912748607672954,0.13029568900193694,7.884278597756808,1.356592753144439,0.23285604475666566,0.728277460568715,1.0,0.2894803387483136,0.11087350869074211,14.338789891151801,6.299915936779982,0.0,1.0
3490,fubp1,zfp148,0,1,2.8341243823290063,1.8181139450981105,11.689538745028829,19.033839850241996,87.00335275997004,1.8916256247532994,4.596704651338994,2.281077885444786,1.659589791927441,7.442838820049223,0.09938223919275276,0.2255835326726368,0.7881031420328677,1.0,0.2793192682604033,0.0803370233458938,17.779788380540715,3.466246890347094,0.0,1.0
3491,fubp1,zfp410,1,0,0.00010000000000021103,0.00010000000000059961,18.110873402516198,3.96575775776808,113.77863308145875,1.4551492987993355,28.64711147076671,9.999944784877346e-05,9.999747847799067e-05,6.282338270094204,0.36692843781217,0.23403504988982268,0.8080104419102864,1.0,0.2710495517584447,0.07717248940834526,11.42683519699705,2.6575570993826547,1.0,0.0
3492,fubp1,zfp57,0,1,9.543082787825726,0.9845537220627555,10.541350216771896,18.29008085775171,91.95096060786912,19.347917505446954,2.217897237881544,5.008703894757236,0.9342624427332484,8.722882621010907,1.0578366304622928,0.22473061319554172,0.31332082215921914,1.0,0.4440575979802868,0.18943247876746344,42.522187225268695,21.504012068558325,0.0,1.0
3493,gabpa,gtf2i,1,0,13.24599509114646,0.9551636340613213,2.643814401209441,17.99230322163437,7.438837511161608,5.3016239075979295,1.2632767261366975,2.2039252639982623,0.9070127347996094,2.8136761444973715,0.29466065807645636,0.5503966686496133,0.5666699444417128,1.0,0.2331275594124332,0.04633931757527192,1.6576886489902283,2.1392691530780543,1.0,0.0
3494,gabpa,gtf3c2,1,0,16.650161013985237,0.39616460148450866,2.0206264283806954,19.66587659735876,7.902139817333391,6.916374821688252,1.1428565428151334,1.8019462481433084,0.3883415494872658,3.9107376338069906,0.35169420429583903,0.5536640204592681,0.39684166939714616,1.0,0.27623102893042506,0.04276180987012332,1.880338477154845,1.8823778636782624,1.0,0.0
3495,gabpa,hbp1,1,0,4.368752744044566,0.9502984808694422,10.014180765030575,9.320498322748962,8.957218914935618,2.235384866198986,3.6278876105830444,3.041763327973477,0.8623727609852149,0.894453488019124,0.2398353380680281,0.5557980628018593,0.9872137039370813,1.0,0.11563518887868526,0.029606693268659702,0.6463543552190727,1.1296694521236668,1.0,0.0
3496,gabpa,hdac2,1,0,0.8126461990772296,11.415733902586265,24.147252322115285,19.35104946449167,6.535547223557487,64.94636267066988,2.7858219304975678,0.7861880047735166,7.18003012491721,0.2706538672133682,3.3562191440750344,0.5469316733653562,0.22597483822045586,1.0,0.2934127785852194,0.0823015186762178,4.590994412983446,10.812697221423178,1.0,0.0
3497,gabpa,hic2,1,0,10.304835516324205,0.0001,1.0654805073035363,11.13293321208094,6.231796204065257,5.501959987379269,1.090791400747305,0.965637309534474,9.999910177219366e-05,5.848812964055409,0.4942057840972942,0.5418880145173849,0.43721141368890676,1.0,0.15199145777720832,0.033944381609833214,2.062194436652246,1.7269475569501602,1.0,0.0
3498,gabpa,hltf,1,0,0.00010000000000148726,7.321628182713754,15.389303442182301,18.780904967221435,9.759888458895746,2.041262534660097,3.559539165923079,9.999935020371973e-05,5.267948605410299,0.6341994941852762,0.10868818825411981,0.5586054047653475,0.7415576319829882,1.0,0.2397336607309936,0.03875480923110932,1.4006668103108975,1.7528031689422674,1.0,0.0
3499,gabpa,hmga2,1,0,0.0001,12.191934303470035,11.658654509849487,0.00010000000000111309,7.419266763656041,12.597725111502411,0.9951769655861291,9.999914227544706e-05,9.999917979344706e-05,0.6363741851504461,125977.25111362188,0.5535323198689631,0.5967666288065007,1.0,0.2541768230150091,0.057208887196934684,2.2129951184997885,4.687067285656157,1.0,0.0
3500,gabpa,hsf1,1,0,8.510811202791128,1.5033641599540832,7.485479346303038,16.2267349170356,8.557913118202856,4.217425280389655,2.053659712124559,3.9826421809014407,1.3758914488530136,1.1432685499866455,0.25990597011367955,0.557306663607429,0.8151236314081507,1.0,0.1825078708857388,0.039061166481025214,1.1074112291010003,2.2126471036700788,1.0,0.0
3501,gabpa,id3,1,0,0.0001,8.85822508118825,11.236014904945645,3.2384934179669163,7.422339393212551,25.610883095248575,1.322759057681738,9.999911001266145e-05,2.3714946844717533,0.6605846873650492,7.908270850007394,0.5505887367467635,0.8197271555877219,1.0,0.19229481464787668,0.06115684643024677,3.6919595067043076,6.6088494849759325,1.0,0.0
3502,gabpa,irf9,1,0,1.9500713886061551,7.382685170827432,8.555678988932888,6.9462959403880475,7.570320749253764,1.1023476741160834,2.3832717090429916,1.5881002505149098,3.5789227184577896,0.8848299192905993,0.15869575433817493,0.5508973513054953,1.0197495212703729,1.0,0.07956239723320521,0.014012793892903122,0.040867242858586186,0.14133337385250977,1.0,0.0
3503,gabpa,irx2,1,0,4.255480542995151,2.3063679806387682,10.536811504406899,13.599198739460792,9.508192004602932,3.392022746672092,4.064877719317912,3.031254128739709,1.9719358063111596,0.9023784852396991,0.24942813261706812,0.5633976706860365,1.3762444871209953,1.0,0.1534339834295921,0.02766872441034034,1.0942500483106814,0.5862518119346395,1.0,0.0
3504,gabpa,junb,1,0,2.580830934961144,1.7846238437487725,5.999334926206638,6.7468555799413,6.398398174327091,8.565795749949466,3.8672468967953657,1.8045419421110829,1.4113143501065661,1.0665179145737043,1.2695982074102719,0.5474547524566858,1.5527156549520764,1.0,0.03664145146579455,0.020614350414927592,0.109284958774785,0.6874238219121105,1.0,0.0
3505,gabpa,jund,1,0,0.00010000000000021103,6.143266501634676,64.3585046961158,155.7084487896261,8.577396933707556,714.5441717648218,19.938198997353396,9.99998446208325e-05,5.910091813048941,0.13327526756887537,4.5889877994367865,0.5535017438024318,0.8906520330578513,1.0,0.1045281921977581,0.07138852797691966,2.356237641100968,17.477832265743764,1.0,0.0
3506,gabpa,klf10,1,0,3.855746377571576,0.9235725442370071,7.345855774576905,6.578595717387867,7.534534059077426,3.4501331878846657,3.312938558553061,2.528545149905687,0.809873915424372,1.025684997131786,0.5244482768207854,0.5535540796623646,0.7475102424695305,1.0,0.12278304123669839,0.02924239862591845,0.906570228139652,1.263490942613812,1.0,0.0
3507,gabpa,klf13,1,0,1.6038041770842333,13.595003215086304,41.454782835639406,34.73773039087048,9.12334995939027,59.45585232788007,3.69272676644528,1.54406724615167,9.771008612897525,0.22007955018272982,1.7115641021701817,0.5580864844360315,0.6055400448998068,1.0,0.2399330466970544,0.05266836429699338,3.1834012028808307,5.639031935134982,1.0,0.0
3508,gabpa,klf15,1,0,0.6979920337186469,11.722298827967872,18.804704127478214,8.686754583410915,6.756294249014355,32.844162949761674,1.8052875446750765,0.6730112374683302,4.989390297503416,0.359287452927365,3.78094749130868,0.5489592626968104,0.5526966020674153,1.0,0.2856958969359114,0.06793672393383006,3.044632099622348,7.01329750694542,1.0,0.0
3509,gabpa,klf16,1,0,1.1267211828721424,25.003041182709516,14.959064832260877,12.32823939591393,9.128087071890391,1.296206526478572,1.6055280408315247,1.0478005368596632,8.25697571978936,0.6102043927374833,0.10514125211651767,0.558415496276746,0.9425314120826942,1.0,0.2189033912093359,0.0363736511863738,0.9885249806524435,1.34751218946462,1.0,0.0
3510,gabpa,klf4,1,0,0.00010000000000113346,8.37656540687876,13.18273120045107,6.494877149897329,7.361319362916436,58.30902475592315,1.7511835631456067,9.999924143873907e-05,3.6583379889375998,0.5584062400259331,8.977694790862195,0.5487878861413769,0.30706549799724586,1.0,0.17720261582459768,0.08805103089678121,4.074753438588734,10.282093884078595,1.0,0.0
3511,gabpa,klf9,1,0,0.3338367949869583,8.74419436991326,36.273873651408785,65.21900512422,6.428944914184862,156.84218746170785,8.514325707029794,0.33079243618035237,7.710424391034944,0.17723348148496343,2.404854032394037,0.5472526252822714,0.25934398871527775,1.0,0.22691184123203204,0.07804380594336124,4.015073067170986,9.091382845268996,1.0,0.0
3512,gabpa,mafg,1,0,15.521322991876309,1.6352321849081837,5.071940241931493,22.605678901505357,8.683908502095601,17.085389914962718,1.4227474588089883,3.8227658140782017,1.5249234473765199,1.7121472430417675,0.7558007874660632,0.5544719735430169,0.3644987813956841,1.0,0.2809223538504983,0.06815756994635781,2.9290183793150684,4.8447691057719355,1.0,0.0
3513,gabpa,max,1,0,2.021872898865696,21.916977826413927,39.46745872470383,16.999175259038946,9.876312136288606,29.56568023187118,1.8665795782579722,1.9233422679975611,9.573673595167099,0.25023937328163304,1.7392420385895053,0.5593126521272971,0.44081572632662475,1.0,0.3082395337117761,0.05955219068330907,3.0610459863675183,3.6890755240737625,1.0,0.0
3514,gabpa,maz,1,0,1.1217584128764462,10.00282020585152,47.782094005305886,55.018827704782375,6.838926300445686,94.69966832974224,6.613617481643967,1.096027476055787,8.46400328432241,0.1431273878387638,1.721222939134174,0.5472268193067427,0.35845212126327214,1.0,0.30045463600328925,0.06280964277357322,3.3804904808098803,7.682695795744786,1.0,0.0
3515,gabpa,mecp2,0,1,1.4839948818903774,5.656276981100455,11.67857102583894,8.930498111419274,9.532208076152493,1.2506412495190644,2.9065611950440307,1.3166839772449817,3.4629567246351654,0.8162135637196023,0.14004160058215465,0.5621086958899354,1.1322883266160297,1.0,0.13064387979537437,0.01523250073847786,1.0480998541241855,0.1489668459604706,0.0,1.0
3516,gabpa,meis2,1,0,2.1772661770781916,3.786995379432038,20.897060894181198,19.006581282096363,14.21865471874338,3.1426913938643266,6.639034131640892,1.9718219189982549,3.1578122452183854,0.6804140922373718,0.16534753658327017,0.5621116012042287,1.7625666819082453,1.0,0.16019078246395774,0.032294938700864285,1.3205325145615496,0.5754045071875448,1.0,0.0
3517,gabpa,mitf,1,0,16.62112216225118,1.2173819614033787,4.705277383321889,22.27147623274514,8.958832489206275,9.220653732929458,1.3447910499738391,3.667144565511288,1.1542874155680458,1.9039966742367502,0.4140117896348776,0.5581033115144661,0.5156545230711765,1.0,0.19377555855349127,0.04458066028966678,1.498586772661322,1.3500191541143445,1.0,0.0
3518,gabpa,mlx,1,0,1.5316475111876988,14.84756866809476,38.23582895199544,31.61951524859111,9.479052977999908,21.52213301750755,3.2549745670501937,1.4726559857712105,10.103343793793412,0.2479102255086644,0.680659802919228,0.5624644089194846,0.5588771456294938,1.0,0.19340507839715124,0.028648420348009074,1.8777465006198266,2.283964105465434,1.0,0.0
3519,gabpa,mtf1,1,0,3.066417203521104,29.58704203458393,56.978661752381534,21.23933793071178,10.73222539549552,7.134318584259733,1.8103093961586874,2.9098196166821264,12.363839104256108,0.18835516780186481,0.33590117580565493,0.5599802047710657,0.8739420438957475,1.0,0.21797828516962922,0.03963393003590734,1.0670461917492091,1.6565176939088007,1.0,0.0
3520,gabpa,mycn,1,0,0.31491477576358273,7.831398433719185,14.330300919436569,9.441779466188613,5.694760128839852,38.99911483107219,2.254101086136521,0.308143191236717,4.280760457137777,0.3973929201386063,4.130483556699197,0.5411917964516509,0.5610861096510418,1.0,0.24544371285232955,0.0706631378100442,2.779854328613876,8.96962433195608,1.0,0.0
3521,gabpa,myef2,1,0,0.0001,11.209963417099223,14.979391034106072,3.7490717036188164,9.142494641803625,5.674205496107038,1.2731866857426066,9.999933242057576e-05,2.80946974898415,0.6103382054041707,1.5134961250887715,0.5605323358875294,1.420954402172217,1.0,0.13067253190090816,0.028072246997316166,0.8698728376978582,0.9108871790872127,1.0,0.0
3522,gabpa,nfe2l1,1,0,0.7674148062742042,6.312621530499721,10.20355633538264,8.905964858038693,8.173444868554785,1.6504658491868776,2.592138501370099,0.7137344640980481,3.6941660728140917,0.8010388339026381,0.1853213970069886,0.556128970850684,0.8287446158665516,1.0,0.1272392220212305,0.027039651823772833,0.6899621589206963,0.32722085122972394,1.0,0.0
3523,gabpa,nfe2l2,0,1,1.157637110878159,13.586610011926734,19.700269416563387,3.880557647916272,5.915259187821867,14.267663282024973,1.3611623588992765,1.09338695812581,3.018441479338955,0.3002628574636902,3.6767043751266586,0.5416589220897164,0.31725560031099853,1.0,0.2723329502865704,0.056737328117858594,2.74011229597399,3.675608115450963,0.0,1.0
3524,gabpa,nfib,1,0,6.881066027833765,0.49621401270492305,9.360022729449382,7.179765258470621,9.338090601597377,2.5456408698890924,2.5233817780424777,3.96567837205393,0.4641362363449288,0.9976568296374966,0.35455767399717825,0.560632560425588,0.809445041397852,1.0,0.12332951343894016,0.024100694983310886,0.752176720481271,1.2547740693046463,1.0,0.0
3525,gabpa,nfic,1,0,0.011416665654100813,8.65257271551642,14.108312121647995,7.841012410647147,7.806171777621928,3.6459954338006155,1.8857512113259052,0.011407434580570934,4.1134131559287,0.5533030252175969,0.46499039191033475,0.5556759535569489,1.2198962956438626,1.0,0.07811616444194237,0.024336658771320796,0.5313112786555029,0.7416489682940831,1.0,0.0
3526,gabpa,nfyb,1,0,1.1831225834406378,15.619196015094003,23.13105388459211,7.395771796803038,7.848926677414412,23.935071339029694,1.5475393300286822,1.1255520936776955,5.019168843566984,0.33932421395821843,3.2363182635483807,0.5535465171081158,0.4018148147677399,1.0,0.28952577917143346,0.06163730200868712,2.7204394725907663,6.142698958325182,1.0,0.0
3527,gabpa,nfyc,1,0,13.935483077509826,2.4724001528857933,17.868210266969804,37.14365988045691,14.058475617485874,15.926990754740592,2.4341207603922426,7.829346708374232,2.318100040485799,0.7867870037030851,0.42879433006871137,0.5680546852775537,0.4228572488552208,1.0,0.37478081544318126,0.0715603682226772,4.784848694389146,7.82259640606012,1.0,0.0
3528,gabpa,nkx6-2,1,0,0.0001,4.448645978122163,13.599893167579529,17.705295849029106,8.541917024158918,130.669768989593,4.979374228827364,9.999926470551296e-05,3.5553308654857356,0.6280870679574011,7.380264645324097,0.5557528151992497,0.49773544704873246,1.0,0.08076114689628563,0.08473746891235948,4.461128003915811,10.046404817416699,1.0,0.0
3529,gabpa,nr0b1,1,0,0.7683512785874652,14.344929507316689,16.18422743578109,2.9449514534308396,8.193286815758924,27.70396089728973,1.2413881922181318,0.7335268605886497,2.4433436585157815,0.5062513393530729,9.407272525669272,0.5551932774459739,0.63492490166819,1.0,0.25676148510026325,0.07625546226655279,2.807908265549973,5.740782858394852,1.0,0.0
3530,gabpa,nr1h2,1,0,1.612505575379613,13.92081445254469,40.46390504486932,34.011255472500174,8.459556535019,41.583436094130654,3.5804072820192157,1.5507090914994262,9.877820371020142,0.20906426420382385,1.2226374921017829,0.5530334119900141,0.4537232489071954,1.0,0.2623165823834986,0.05365560588930149,2.5990264894724437,4.032939980164396,1.0,0.0
3531,gabpa,nr2f6,1,0,7.49136792790105,1.5132419347109887,15.238712573377684,18.50182629676124,12.53237123347051,4.412845928824791,3.2823306045320044,5.022366842399954,1.3988330740223625,0.8224035444677129,0.23850866709289467,0.5694472486682093,0.9904341574914259,1.0,0.138849748213852,0.03451161638202619,0.8244220969730259,1.9174593563489477,1.0,0.0
3532,gabpa,pknox1,1,0,1.1497038589749236,0.8601821771476479,12.08700723472853,7.995436190784023,9.768234553106527,1.3938119544672016,8.550097329572635,1.049843783916656,0.7766291888479405,0.8081598995854261,0.1743259431016141,0.5626763352559503,0.974161894749019,1.0,0.1417686233176658,0.026102409726273153,0.5851277786486442,0.3337778079848946,1.0,0.0
3533,gabpa,polr2a,1,0,12.155826844219236,0.8358243489173547,9.918103652953302,20.200677632754413,10.306505835365614,4.505791390748884,1.8910488734932618,5.461770872376424,0.802615294348692,1.0391609319687496,0.22305149721526982,0.5618724667734942,0.7767694865727504,1.0,0.1611159435332085,0.03806074909564668,0.47658790557177544,1.4236228426695365,1.0,0.0
3534,gabpa,pou2f1,1,0,8.30046515939691,1.8251272811783357,8.327317582919456,18.790859573829888,8.778692186951279,3.3329710393797627,2.1978061889739156,4.1569348444967265,1.6635492972608592,1.0542040818711729,0.1773719305540235,0.5531680648505984,0.8443165062490303,1.0,0.21683755051078848,0.03864680893980022,1.580467781802299,1.959704332836889,1.0,0.0
3535,gabpa,pou5f1,1,0,0.861023150704717,8.777330786476577,86.82620278134216,106.89365851608808,6.467959086576488,2780.898335743025,12.95055803207839,0.8525685456220565,8.11129052694608,0.07449317002685242,26.015559522873705,0.5450636470633125,0.2701585650358892,1.0,0.39643354808904946,0.24502992462275552,12.756273810304648,134.73382804490373,1.0,0.0
3536,gabpa,pten,1,0,1.2655624975787763,16.525178248831494,21.614393220570292,4.695242344712418,8.643015979391611,9.803374512202016,1.3490020881303018,1.1955602451702476,3.6563703497677174,0.39987317206601497,2.087937915120006,0.555809134704833,0.6374566425332769,1.0,0.2035137988311507,0.0450061843554448,2.265722509409649,2.0014314950139926,1.0,0.0
3537,gabpa,pura,1,0,1.3662457127612437,13.904540793356652,34.65985461942659,26.69942235434352,9.3381261199131,26.351697198132573,3.0353046847257312,1.3144325181488166,9.143028869733751,0.26942196447295974,0.9869763041463563,0.5607751555868349,0.6708230187797972,1.0,0.20127523897820881,0.042942895394427374,1.631953842412202,1.6798127044477842,1.0,0.0
3538,gabpa,rad21,1,0,7.589572171389163,1.4205261734435572,18.69767252084347,24.504736701891304,13.839218764127674,11.876064510348781,3.664383427888105,5.398334313670854,1.3426911050339712,0.7401572975834414,0.4846436284880455,0.5674870393062493,0.36804510491761455,1.0,0.31600871535776803,0.06316426916083998,4.978582239186559,4.063927494238035,1.0,0.0
3539,gabpa,rara,1,0,1.1931680653052075,12.271652733900869,31.19085684747073,24.671409819462163,7.766520326721276,10.169953709574749,3.1255997149432613,1.1492065739248534,8.195286282041893,0.24899990291068466,0.41221615562285907,0.5544455012491083,1.057596949161277,1.0,0.17112626188943575,0.03128845288313934,0.5979019713859786,1.050264783319729,1.0,0.0
3540,gabpa,rarg,1,0,1.1909626664950839,2.8520454740875634,10.805563102594471,13.89897885961987,8.86370347648723,1.8608751815327775,5.999559028156659,1.0727290961859421,2.3664534754003372,0.8202907513777795,0.13388574803427478,0.5586938864374815,0.7978777675747372,1.0,0.16599467712942645,0.024914171033037967,1.3786334193670193,0.38884612995703766,1.0,0.0
3541,gabpa,rbpj,1,0,1.1154271922253798,10.651428253513773,32.74847177060666,31.042215788370743,5.8277401613037485,16.015001895348334,4.04769639034411,1.078686655569475,7.930319882036836,0.17795456844903607,0.5159103977799159,0.5399280798561596,0.5690307609139935,1.0,0.22882378567718797,0.04170876280300476,0.954798859419489,1.7746678769530153,1.0,0.0
3542,gabpa,relb,1,0,11.704151286561723,1.305051208049893,4.753031233536881,17.092733744490282,8.05669737421283,7.654696664608672,1.503790960933367,3.3802989399388053,1.2124770932841191,1.6950651023215737,0.447833376394581,0.5565078802232613,0.6262467537355564,1.0,0.17058957187520002,0.03665227923261971,1.4263421559049139,2.1221791418658,1.0,0.0
3543,gabpa,rest,1,0,1.5844433027366707,14.7752469350181,35.78973693408175,24.334352032581542,8.294290848202383,117.7266661930468,2.7641511333815263,1.5172723156092,9.193294479519412,0.23175053964433917,4.837879637617686,0.5543188056478887,0.2924050815497405,1.0,0.355318834033165,0.10504873583496711,5.011802940948054,24.417389084200405,1.0,0.0
3544,gabpa,rfx7,1,0,3.0196668587505653,3.4361861799217936,7.299477791520617,5.223006674278019,7.331120270770835,1.587944152076444,3.5624816344477543,2.1360288977692856,2.07262081512468,1.004334896297236,0.3040287426582596,0.5531993750192412,0.8689245588093033,1.0,0.0901484769910728,0.01734911520981406,0.7206718341544356,0.4567010898331758,1.0,0.0
3545,gabpa,rxrb,1,0,6.860845761914271,2.2973294678410996,7.642093342736026,18.812803362493746,8.020116847916029,2.008536509169059,2.3720061855929866,3.615213671127662,2.047320492235457,1.049465962822781,0.10676433865105873,0.5518995574526261,1.1221330475602511,1.0,0.2103772460109773,0.027710773576802045,1.7031019906671787,0.8315249689745006,1.0,0.0
3546,gabpa,sall4,1,0,0.2390958315400501,8.814207306091246,85.34234050926617,148.10392569708787,7.825323130916007,157.38230064601638,17.754002395656602,0.23842785003490008,8.319106778523931,0.09169332694908176,1.0626477313498446,0.5542435918640914,0.5308211778703152,1.0,0.19099221995863214,0.05552216119142246,2.038701589577863,3.4231735093299918,1.0,0.0
3547,gabpa,smad1,0,1,9.507118766512017,0.3108859046013817,16.745860641351438,3.125266894629961,13.108622790322933,1.9532305365463876,3.03609281647536,6.064259735681702,0.28275850418384507,0.7827977952923553,0.6249803944432895,0.5650373241441582,0.9472771418661116,1.0,0.17466775432375803,0.036607070117366546,1.8743339906502121,1.2263558194341913,0.0,1.0
3548,gabpa,smad2,1,0,4.161450411123361,1.8619156850762246,5.6089964930079725,3.273205116047798,6.743266445114315,1.7651749518537425,3.6615244094453843,2.3889962241080065,1.1868137444219682,1.2022233305940366,0.5392802740040584,0.5501021634256132,0.7433284520473064,1.0,0.22387387005624215,0.03470075807056879,1.1917344864641912,0.6425978224387089,1.0,0.0
3549,gabpa,smad4,1,0,2.8375673239105987,28.12723258064822,37.697619411079586,2.718847874802982,8.986030249162017,4.74882524725071,1.1792102219362541,2.6389303132964397,2.479202070306147,0.23837129212782496,1.7466314652101775,0.5629098461261985,0.953618478168069,1.0,0.26282530559772915,0.038310028342002124,0.8416315223653943,1.571173106539798,1.0,0.0
3550,gabpa,smarca5,1,0,1.8357055796944708,13.718377529622899,48.1439622946945,46.28527424517027,7.122723272620877,245.84469524997817,4.54073824261571,1.768281862838437,10.582003717715661,0.14794634535940152,5.311509962061667,0.5475108326968039,0.17224270834832076,1.0,0.42427182422647464,0.13993327743489245,7.3021033289223505,46.56597955952457,1.0,0.0
3551,gabpa,smarcb1,1,0,0.9152671174833088,13.059213459032255,23.3485001258161,10.567599409328393,6.264664140045024,50.26921873606779,1.8801277733650723,0.8807418152931659,5.841013648555558,0.26831120227368593,4.75691940893344,0.542309570001986,0.3019257981023662,1.0,0.37337180220715604,0.08377648217248146,4.923765875955735,12.27275030540816,1.0,0.0
3552,gabpa,smc3,1,0,1.433401365577487,17.462899069380917,30.771989685864295,12.9997623662001,8.209133482436348,70.57780570009972,1.8256793298084848,1.3696033675479795,7.45218990819142,0.26677291804135017,5.429161219408504,0.5562815462362933,0.24653121868870342,1.0,0.3720084477016855,0.10501246897493437,5.852907796794827,16.539753379425836,1.0,0.0
3553,gabpa,sox2,1,0,0.0001000000000001162,7.426197084174067,115.17183707678737,225.97492722119432,6.14830012895404,1116.3358948638565,31.417442576970924,9.99999131734095e-05,7.189915432587666,0.05338371154794418,4.940087418508768,0.5400662502658621,0.3656754669123905,1.0,0.24467453314736862,0.09428372207709405,4.096220428119313,17.321513607334055,1.0,0.0
3554,gabpa,srebf1,1,0,4.281095757932148,1.9659934668479222,8.21516863715424,21.339199231637085,7.826011315997097,3.0307364751689976,3.0399905615484606,2.814434977627977,1.8001450071636573,0.9526294178068208,0.14202672004091355,0.5570456466640515,0.5166954377850498,1.0,0.2641534680393753,0.04050878713961233,2.091672015465408,1.7004359721322682,1.0,0.0
3555,gabpa,srebf2,1,0,3.700335483411007,1.584707892548195,7.561101969400122,12.109932471790213,7.398038219799716,2.466436933381683,3.366799640778183,2.484462043881971,1.4013296483670552,0.9784338645001315,0.2036705769521991,0.5498064620316163,0.6568721517569536,1.0,0.16245877390056107,0.028572189650284855,1.0946318919461628,1.1402004032678534,1.0,0.0
3556,gabpa,stat3,1,0,13.974782871729728,0.41577515996887776,0.3191299943706448,20.031070939906776,6.864152548979504,2.672314247833609,1.0428636672540144,0.3120050066740609,0.4073206050315176,21.508954564162096,0.13340845608557592,0.5518995574526261,0.49042004529184013,1.0,0.19212010902834292,0.0367322071902192,0.9266462256046395,0.8062798226166397,1.0,0.0
3557,gabpa,tbx3,1,0,0.577921586425158,12.134145904636375,17.526337564723097,5.905158092233018,8.32427712270981,20.424001357545055,1.514006329693185,0.5594732557164701,3.97210723282532,0.4749581646461531,3.458671391780094,0.5544968702040458,0.3432612834516607,1.0,0.1803059700061493,0.05301886187014288,2.357796728399335,4.383344787289732,1.0,0.0
3558,gabpa,tcf3,1,0,15.214387345969284,2.235766790743614,14.366059807864255,34.201334327251544,12.613900741754993,16.83856962932467,2.0713382968556857,7.389029564547395,2.0985809831678486,0.8780348202956737,0.4923366283960371,0.561362925622535,0.4019845899627179,1.0,0.36755484268494687,0.07455975946049212,4.108115062251545,6.338898306451777,1.0,0.0
3559,gabpa,tcf4,1,0,0.7688461445906837,12.18386793852771,17.482119366224122,5.911742111429777,7.120140962420064,12.483376019511395,1.5459393781466115,0.7364574803470477,3.980406572281468,0.40728133776367803,2.1116239146115667,0.5500844791616493,0.5362355735696107,1.0,0.21743952556098906,0.045248851176462185,2.314917342834004,2.6404375316087214,1.0,0.0
3560,gabpa,tcf7,1,0,15.15620293527701,1.690444161551553,3.0150075839180674,21.582891757681004,7.9914694234620836,6.150453587517171,1.2928330730959512,2.5147508331924624,1.5676598098264412,2.6505636224891336,0.284968930788819,0.5546715701413149,0.6007069774382793,1.0,0.2573769956793438,0.03962628704436721,1.561325289244134,1.4314955613738536,1.0,0.0
3561,gabpa,tead1,1,0,13.191035238755195,0.6977176867603821,4.827748842524707,9.998841494783017,8.583538166991369,1.7505203589565317,1.4613054980265312,3.5342565191046735,0.6522067928218682,1.7779587229940788,0.17507231811504173,0.5609673504564135,1.02749515703113,1.0,0.19076138537041354,0.032633177011617935,1.2500609945458443,0.39623677573568483,1.0,0.0
3562,gabpa,tead4,1,0,7.27820187555692,2.1221375769282025,2.9238436314705685,13.93443164678322,6.1125977093173836,4.259084177586947,1.6152012997076237,2.0858879905746055,1.8416624746404588,2.090603493129695,0.3056518045047184,0.5453317781635564,0.7221599334763058,1.0,0.2512899177525032,0.04791212371776081,0.8974200691170049,3.1373436094215594,1.0,0.0
3563,gabpa,tfap4,1,0,9.90741390111892,0.5371556154653062,6.8270407432210565,2.5613783440081743,8.582761241486175,3.5650677905756782,2.043307758023644,4.041859731937578,0.44403539829171695,1.2571715277967939,1.3918552090968646,0.5560323698626602,0.6011027889522796,1.0,0.245263899806927,0.05285063465970624,2.651763864878788,2.597310387776627,1.0,0.0
3564,gabpa,tfdp2,1,0,1.688971270268854,18.55516548177673,21.484121659208135,0.5250933291877874,7.08197363535081,8.466304599663847,1.1091386252924271,1.5658705706568072,0.5106426339907668,0.3296375689771549,16.123428215626923,0.5499092715060929,0.616143065844261,1.0,0.2987634174858982,0.05968272711242074,3.3572203356478116,2.2927575208885176,1.0,0.0
3565,gabpa,tfe3,1,0,1.1659319185637966,16.03111473033752,20.41573665583721,3.551407418541275,8.879033726598067,5.398987664649654,1.2720847031083906,1.102943404305066,2.9073384596716365,0.4349112587156828,1.52023888795819,0.5552453236610803,0.891679966104089,1.0,0.1516897727936014,0.02763184301042053,0.49093910050344525,1.3351204888172348,1.0,0.0
3566,gabpa,tfeb,1,0,5.6665972638887,1.7128147179838735,12.227488946111599,14.237029713070537,10.088939585568347,5.239407952382953,3.5377263618922594,3.8721315295520835,1.528879741638262,0.8251031450555251,0.3680127145884109,0.5549871104331066,0.86969986605701,1.0,0.15348045298647192,0.04453936960483442,1.196257150600645,2.0985318488638676,1.0,0.0
3567,gabpa,tgif1,1,0,0.8073155907819772,9.910395984242871,43.14075056805337,59.615605686973794,7.8442075783897405,127.37178287535062,7.125856782245311,0.7924853941411492,8.497745375784856,0.1818282592468046,2.136551015587212,0.5522274108027585,0.3298590127570434,1.0,0.23724730706152133,0.07211417704524846,3.5461022082473757,6.79831931527451,1.0,0.0
3568,gabpa,tgif2,1,0,7.206867534113014,0.7424209081355433,29.16789084596483,0.9800501056830843,18.492671830574775,2.442544247267651,2.5458230063279785,5.778983419762478,0.42242202257238465,0.6340078522727023,2.4922646639226924,0.5663494750521528,0.6983313462238717,1.0,0.1646371712166163,0.028604754678405994,1.5562626648290099,1.044183553285322,1.0,0.0
3569,gabpa,thra,1,0,1.6594634597107445,2.853403800725707,11.822492191050957,10.289306450358508,9.276607103663945,1.2728349081786738,5.252494137779612,1.4552038518726509,2.233903477394434,0.7846574946935367,0.12370463590714852,0.5567977571572311,1.1974505792326495,1.0,0.11483337640791368,0.022499289360756694,0.08048797771299343,0.7249796117814656,1.0,0.0
3570,gabpa,topors,1,0,1.7076070736527764,20.96192715008932,34.92942477810402,12.273312474889533,8.91241238687553,27.96299852565145,1.6630161064812239,1.6280176044570296,7.740948610328563,0.25515485707232133,2.278357907277443,0.5544210159223563,0.2857232359175403,1.0,0.3152511849397148,0.060239484118102926,3.4619964725355774,5.384954272568304,1.0,0.0
3571,gabpa,trim28,1,0,2.17599817362804,28.953468508518004,38.7865758938837,7.6134316313953105,10.723711231374496,139.59450187637998,1.3307566746389803,2.0604056319135298,6.028272895375964,0.27647996721116935,18.335293286241352,0.5603950997669704,0.23179044647765829,1.0,0.4093095487020498,0.14628504056347558,9.076211284013214,33.15710056900564,1.0,0.0
3572,gabpa,vezf1,1,0,1.1498958963869526,6.513334897591607,9.787031075402652,8.551786204865499,8.252075909059771,1.2515776160107326,2.584720356111085,1.0289971671608953,3.6973249100405985,0.8431643718593455,0.14635277192718563,0.558655806254695,1.110523183324862,1.0,0.1304401546962326,0.025378080049052027,0.7027770543273517,0.40269351386983093,1.0,0.0
3573,gabpa,xbp1,1,0,1.1487140346593707,10.435496619822487,42.77115860264574,47.987673619670645,8.298815325458706,35.25744544182921,5.744932302553442,1.1186696867551693,8.57151715318423,0.19402830310389016,0.7347187888553285,0.559820788873754,0.7036145815118622,1.0,0.1917924260055097,0.033118926009364044,1.7616300290106497,1.7416320780035535,1.0,0.0
3574,gabpa,ybx1,1,0,1.5266380781578273,11.300308723830222,43.543480270832,37.69840880484617,6.9356552578585715,1789.7416041942552,4.486339794574176,1.4749270131094776,8.69417975363546,0.15928114185453576,47.475255877754236,0.5482041587901701,0.2799897918629083,1.0,0.42315447677573614,0.28163644092437895,10.145107533740942,227.98086986514951,1.0,0.0
3575,gabpa,zfp110,1,0,9.999999999976694e-05,2.8582086923608223,32.10070022832334,97.15242079814091,19.314163009069834,1.7626413734862445,8.845263135421362,9.999968848105311e-05,2.7765238057572157,0.601674196254087,0.018143051495840588,0.5745016754288945,0.648452787182224,1.0,0.24201622641608428,0.03566783461701635,1.468467596416012,1.1857205606371208,1.0,0.0
3576,gabpa,zfp148,1,0,7.374192078676174,0.4063540186556601,4.930501098288184,10.842823397429614,7.211944229932536,3.145075680642165,1.731150099480837,2.954845083904055,0.3916752930591118,1.462720337378374,0.2900605834258753,0.5502230350177197,0.8289203168282551,1.0,0.13044525162657195,0.03144421014078392,0.7084314836474367,1.704396123385372,1.0,0.0
3577,gabpa,zfp219,1,0,1.5862417257838097,19.202740180922056,26.669804260931713,5.934192192052144,8.863083938058525,10.262525567632887,1.3828725128532469,1.4971930735484416,4.533279922817836,0.33232654620723834,1.7293888090409035,0.557292557254084,0.5373444820570655,1.0,0.2188486689162778,0.04341586048517847,1.6902993812540823,2.6508296184000093,1.0,0.0
3578,gabpa,zfp263,1,0,3.507983150648734,1.293396008235372,11.948328320365592,25.361519583597946,9.537756289639196,1.4618281543107896,3.9343780331243323,2.71180705078732,1.2306356056238648,0.7982502684816886,0.057639612227975395,0.5590146552311148,0.8015959269233461,1.0,0.11717307380305637,0.028110708257499076,0.6224688232812745,0.6610907811174727,0.0,0.0
3579,gabpa,zfp57,1,0,1.0889320115299626,14.971719535157794,17.423768729289083,0.9453768683143591,7.240458513755788,24.69250749657082,1.1186611484024542,1.0248801510080587,0.8892273420132615,0.41555065532892954,26.11922115314546,0.5529291345985048,0.3291277930021651,1.0,0.2960578785546901,0.06925333086464514,3.793303716207199,7.816564645882192,1.0,0.0
3580,gabpa,zfx,1,0,7.460884454421222,1.130221074219534,5.908886781061879,17.691310847381857,7.376875578694035,2.266543620129478,1.9064642003028693,3.2974028314529082,1.0623520143613463,1.248437455653592,0.1281162057284695,0.5506080319102733,0.7744166548359188,1.0,0.2071169379018055,0.03217673120909429,1.09917491369438,0.9073075648356292,1.0,0.0
3581,gabpa,zic3,1,0,7.369193281740977,1.5911439353820904,12.16003999052784,16.632338575650913,10.62487299579201,4.636736419035588,2.9036435581040534,4.5884896633982875,1.4522166462884487,0.8737531294361153,0.2787783809201424,0.5634385898765198,0.9802902094875348,1.0,0.13836220066435329,0.03351178031019334,0.8807240522641594,1.158633434488518,1.0,0.0
3582,cebpg,cebpz,0,1,3.879241752716939,9.97425980549273,20.969816156948493,3.799411508388275,3.730264054625309,14.467725797559005,1.636379140860753,3.2736446861911683,2.7513592149140402,0.17788730367048355,3.807885975398403,1.113332312656365,0.3607021064928287,1.0,0.3091415105011099,0.0533536953780338,2.725310588046675,2.8178646296979517,0.0,1.0
3583,cebpg,ctcf,0,1,6.865590296427297,26.7240523957094,51.9291051666628,51.53881735792965,2.483008041620721,152.60716167504464,3.315742885177434,6.063879704219405,17.59871647719852,0.047815344278544405,2.9610140375400915,1.0749825927591654,0.4641464633653221,1.0,0.42369727171688076,0.09256185434416912,2.9338289400369186,12.450540586449458,0.0,1.0
3584,cebpg,cxxc1,0,1,8.153763379271725,0.36987505484841693,0.0006639716532454672,9.091981123610148,3.358277607758417,2.709207002567754,1.0407662310443233,0.0006639175895648014,0.3554162051661967,5057.8629243331225,0.2979776316882641,1.1040088473062355,0.6777711808728637,1.0,0.24909800921467007,0.046794682875067585,0.2746550092627038,0.9376643870787663,0.0,1.0
3585,cebpg,e2f1,0,1,2.7830209883184027,2.990219937059247,21.21086160879836,11.075083713045043,2.6659446961513673,18.940067643634258,4.908803005397024,2.4602218002307086,2.3545127035420874,0.12568771346117885,1.7101511947332066,1.081058477216003,0.6690726309686423,1.0,0.3203584693930034,0.06262920563998979,1.668212841818025,3.5265556731795407,0.0,1.0
3586,cebpg,e2f4,0,1,0.00010000024796352758,13.547093077976767,3.5135226144892058,284.77942098866583,2.144265002376161,1507.7226261949468,5.842152720571903,9.999740188394271e-05,12.931915672651106,0.6102892275500248,5.294352453420269,1.058182,0.35950682901196385,1.0,0.48434528121885256,0.11576736780507103,4.187989460518228,25.19691640014171,0.0,1.0
3587,cebpg,e2f5,0,1,2.6994675513924964,5.027060212907894,0.5202009350167411,1.157132393105804,2.581949781281354,2.3248927084771154,4.778280968736793,0.43615221573567914,0.9406198326993374,4.963370127733934,2.0091847072373294,1.0822117686179742,0.7506724463590467,1.0,0.24740255841722344,0.03632267970632673,0.31671949866993154,1.749779893496521,0.0,1.0
3588,cebpg,e2f6,0,1,1.4466197708870512,0.7942820242203743,2.9095984155675065,1.9341652351484233,3.994639709948832,1.7135614728696014,4.122388319786047,0.9662240074176095,0.5630574946520203,1.372917887422513,0.8859436834713383,1.1234410975719262,1.2517963905941176,1.0,0.09217870944871275,0.016728558844680216,0.661175332688456,0.6496062346987435,0.0,1.0
3589,cebpg,elf3,0,1,1.407441587690396,3.1953639308318786,17.596586747978034,14.081921623045542,3.3928606945690976,30.78355716215171,5.681397546650331,1.303206223073382,2.6043943240252174,0.19281356908372926,2.1860338372977006,1.1109755182407157,0.7226285412404594,1.0,0.21326975159512887,0.052659929257114345,2.194929957170139,2.824222115378416,0.0,1.0
3590,cebpg,ep300,0,1,3.6914311985626145,4.1224286946937365,2.9816437041041537,3.1694082191386173,2.8047471654419165,2.1043999877855835,3.9586310094117403,1.6493944325320427,1.791820023153579,0.9406714697605405,0.6639725280820777,1.0910839134777357,0.7778853903421897,1.0,0.2230144055722208,0.03890075216571836,0.6584820198319222,0.9278416006770145,0.0,1.0
3591,cebpg,foxj3,0,1,6.288909308618812,6.1194849620725265,38.15213976142018,23.840045989425143,2.8224992520018586,6.266585921982564,5.577817646586691,5.398957763377361,4.869528937672226,0.07398010359712505,0.2628596406551509,1.0882612081351517,0.8516635987636534,1.0,0.1991673078964032,0.029474996235501098,0.22129917656604314,0.9773997279366966,0.0,1.0
3592,cebpg,foxn3,0,1,3.1028515478729157,3.6525180154863865,0.7274827900001846,0.00010000000000010001,2.5679219735361873,2.2714441660714604,4.696166142872005,0.589314378821665,9.999726223777239e-05,3.529873158285347,22714.441660691886,1.0754870976878699,0.7553897001382127,1.0,0.17269593243642128,0.03912193547971938,0.8918702620797042,1.071748927331089,0.0,1.0
3593,cebpg,gabpa,0,1,2.59936640175345,6.556813427444545,15.602721970777429,6.774731995147639,3.3774322408310264,7.685383345054881,2.371966327303639,2.2281614305282056,3.3319958268187833,0.21646429688080515,1.134418800708204,1.1105618374274735,0.550850843789791,1.0,0.18977359087175472,0.03737947397241416,0.5845257308285023,1.535566017488946,0.0,1.0
3594,cebpg,hdac2,0,1,3.151884857596297,5.513817362505554,28.900873402322222,29.464058678112348,3.4099087530775014,83.84638248865102,6.89118879455925,2.841946534192547,4.644634171629033,0.11798635652317382,2.845717333265328,1.1080341202142434,0.22884246642381426,1.0,0.26822252889704495,0.0627405347082252,2.457850729389979,8.59823056004737,0.0,1.0
3595,cebpg,herpud1,1,0,9.999999999998899e-05,9.999999999998899e-05,3.4139601958585555,2.4203639648646584,3.495878055004908,3.4965182711121674,7.06529501160194,9.999707093622728e-05,9.99958685606678e-05,1.023994966094135,1.444624991063146,1.1061955936343892,1.4484834628867544,1.0,0.25920255794576713,0.034007532169411166,1.7207073006915177,1.1009672782746476,1.0,0.0
3596,cebpg,hsf1,0,1,10.417262763651852,1.133269629067273,0.00010000000000000042,10.154078843826532,3.510968783151583,3.630335003111579,1.111618328593021,9.999904006414843e-05,1.0194873660982082,35109.68783151568,0.3575247995359763,1.115763972692402,0.8021222138127181,1.0,0.2911311957273522,0.052011593849301534,1.819390126196391,1.221857959100121,0.0,1.0
3597,cebpg,irf3,0,1,2.1562791902494935,6.527478535029188,3.9584442454490114,5.856680085397482,2.907530909983317,1.6170090811475175,2.9307133343643357,1.395894849862416,3.086956063442917,0.7345135436291871,0.27609653550639074,1.0889127996153938,0.9102011696474069,1.0,0.2447762545195583,0.033223919238242694,0.9114540163877018,1.0220435319497547,0.0,1.0
3598,cebpg,klf10,0,1,1.4160340395701978,2.0430634165233763,2.516221083300809,2.483823118664058,3.250777250125648,3.260251918336631,3.4626664936910707,0.9061097496737944,1.120993006432273,1.2919283093603362,1.3125942398386972,1.106881722913582,0.7392575731116298,1.0,0.18543663830987453,0.032936586902226526,0.8525347410364824,0.9807687642366401,0.0,1.0
3599,cebpg,klf13,0,1,1.8702705616185424,42.60379263906851,24.507449728293246,218.72503985237424,2.422363282116061,299.51248223264906,6.602040837426991,1.7376619838031682,35.65820179121523,0.0988419157836526,1.3693561671530672,1.0779114617228298,0.5892222135399767,1.0,0.39800275790528955,0.08145324575154997,1.464796735322537,6.4859650067893195,0.0,1.0
3600,cebpg,klf16,0,1,4.019274311279784,3.72370106174793,1.9022264461596887,4.036634124064396,3.0565959220490586,1.3402572766077072,2.8323390417268155,1.2911540844913627,1.9369290647583155,1.6068517647937604,0.33202347188658066,1.097810022236697,0.9479694916629477,1.0,0.19379625015094543,0.03502643896439388,0.18396411461508094,0.8807503609880817,0.0,1.0
3601,cebpg,klf2,0,1,2.89774749015032,0.00010000000000024501,146.05275319931985,130.3769011041638,2.868108933963022,2875.4899791937005,49.973448413659405,2.8413734566438578,9.99999232996006e-05,0.019637486258467726,22.055210354296932,1.0927226056741837,0.3429950060182853,1.0,0.40872787027500224,0.17388435250846468,5.966392917152832,133.53707895578287,0.0,1.0
3602,cebpg,klf3,0,1,2.0201576155545835,4.814076339407055,11.058587373727846,3.7410204199356425,2.767178384403335,15.682198237086551,2.1017370071070913,1.7081218051593625,2.1051261482441173,0.25022892082739134,4.191957401119007,1.093848439595849,0.40267057860582045,1.0,0.2954128373209887,0.058361364509309635,1.602954502635378,5.366450828478728,0.0,1.0
3603,cebpg,klf4,0,1,1.0978416020378339,3.6357078335349424,10.012530970908616,8.568587687544513,3.208851337343829,61.00593998391491,3.7247932286697183,0.9893613350394279,2.5526161116083173,0.32048353674681646,7.119719399335142,1.103567305316592,0.3100798411330086,1.0,0.21269273571891717,0.07535049631957275,2.8300260570797944,8.985653236495178,0.0,1.0
3604,cebpg,klf5,0,1,3.142389930988869,9.999999999998899e-05,44.0238277267936,42.55860875824082,2.5233694326466556,90.38977062364019,15.00085812742477,2.9330321539878357,9.999976503045415e-05,0.0573182651973466,2.1238892261988616,1.0701925365819505,0.2995770640073999,1.0,0.3287473824299873,0.067097874335371,2.83353442546472,7.126896912450064,0.0,1.0
3605,cebpg,klf6,0,1,2.0802373983374802,4.287818936666613,16.040092425114263,8.537637048839992,3.193602766146088,23.283401022329187,3.379057706623699,1.8414234432050918,2.854311133559012,0.19910126958781152,2.7271481428802016,1.1081278552091467,0.6538380904995947,1.0,0.27379997281966933,0.05546627638173421,2.2159565742875147,4.51577828997828,0.0,1.0
3606,cebpg,klf9,0,1,0.8808456710469426,17.53745518522889,13.492391778561526,56.575485915766805,2.3443312337532487,133.56222385721424,4.501872252371943,0.8268641586060363,13.387541151257572,0.17375208726730187,2.360779084709413,1.072065551072976,0.24962635164271588,1.0,0.3302640251419876,0.06990934236821163,2.4875061901242277,11.151481723849715,0.0,1.0
3607,cebpg,max,0,1,3.426950270981016,4.858618315321579,22.896051487032548,12.721910044654827,2.875125555650078,20.231540893740558,4.15997594082307,2.980800995615732,3.5158730092294257,0.12557298612288847,1.5902911451760295,1.100900650024414,0.42771830105151565,1.0,0.29882732506587495,0.052940277900127015,1.6111922389018445,3.4263583492229803,0.0,1.0
3608,cebpg,mitf,1,0,1.364597501195307,3.8513117738961484,29.750274921802617,52.08356569146661,3.0058880241321964,31.728206144940895,13.25423016611317,1.3047506756980534,3.5861355001314283,0.10103731921916857,0.6091788402678285,1.0923392247517432,0.5371512518838413,1.0,0.141316526810485,0.028302802071348228,0.5326538639050946,2.4920900927078593,1.0,0.0
3609,cebpg,nr1h2,0,1,1.3979210407196025,18.458302297233534,13.115429030276632,30.399532221960175,2.334134658818313,38.258124126289786,2.929056265789007,1.263273752083476,11.48482655789822,0.17796860883696775,1.2585102904528471,1.0616205305651674,0.45197631454819076,1.0,0.3404649662438625,0.060520917218522055,1.6264791694446576,4.881169072437527,0.0,1.0
3610,cebpg,nr5a2,1,0,6.195106272052764,1.0325679758475852,0.40538340006063234,5.383462624216966,3.4668288716008986,4.800913663002573,1.255929861070463,0.3804858986314542,0.8663909902304573,8.55197541656213,0.8917891695590391,1.1104249020553416,0.513237646661185,1.0,0.16954403360037684,0.032725433734183046,1.616306034178005,0.9027349188362641,1.0,0.0
3611,cebpg,nrf1,0,1,3.969870764851328,9.94362236541017,24.888127810376886,6.974418191613074,3.8529715837203957,16.652190674738897,1.9727835952619477,3.42375271551614,4.099232442557149,0.15481162798086937,2.387610008066853,1.1214082282438953,0.4802805742919471,1.0,0.32893373320478986,0.06071863214223017,2.6182972906041395,4.444464787720323,0.0,1.0
3612,cebpg,pou2f1,1,0,7.404676438732607,0.6873587954863775,0.19236194040251245,8.259069498090398,3.596897599550007,2.9829588246044225,1.1113650969130193,0.18749121127508733,0.6345486573811299,18.69859282986848,0.3611737163967588,1.111648110275301,0.8305784528159712,1.0,0.23634638175406167,0.03453564101068656,1.3784146000213244,0.8470756792431444,1.0,0.0
3613,cebpg,pura,0,1,4.197588762607015,4.652403606339586,30.71948113372668,15.22664039386828,3.0086095874322027,15.528753143465227,4.826520645911135,3.6929716377372457,3.563575626681447,0.09793816420060147,1.0198410641994675,1.09506742061766,0.6573386881777763,1.0,0.31969043534867214,0.04741260922484994,1.9038476029173557,1.9129535560748465,0.0,1.0
3614,cebpg,rara,0,1,2.281579082063468,6.340857090237936,13.76315529500201,4.727261400682133,3.3160159503118556,3.503357086726742,2.0348872758263137,1.957135997785892,2.708219016133037,0.2409342828178392,0.7410965440204376,1.1056372391478912,1.0332397188929763,1.0,0.15814589626582676,0.03251122362834103,0.05064848566376476,1.0460902386702318,0.0,1.0
3615,cebpg,rarg,0,1,1.0210594943868214,1.7492426344123384,3.2597700688901683,5.2311448195786046,3.6566377153302407,1.8236374112457887,4.188351212792232,0.7775173314329227,1.3108930708366964,1.1217471288013854,0.34861153230177483,1.116913807161316,0.8003563872548024,1.0,0.1510243051163099,0.028150517916253358,0.6848209870432768,0.09684180853802823,0.0,1.0
3616,cebpg,rest,0,1,4.784323203501662,8.95478030954066,36.831321383032936,16.832790035561366,3.8957052075740877,85.16070668812642,3.2538296758602394,4.234295714008667,5.845216697342209,0.1057715298091021,5.059215169215194,1.1201789587658706,0.278611796257555,1.0,0.41428168223369954,0.0924519325523364,4.810622649077352,20.546252175730068,0.0,1.0
3617,cebpg,rfx7,0,1,1.7955346637248457,5.813157481195098,4.740184053182831,5.7223972947647805,3.531107511507766,1.5848573440008444,2.736053248783147,1.3022538375018224,2.883710171768871,0.7449304651233486,0.2769568875357142,1.1112909152580701,0.8693754461871283,1.0,0.21875232620611082,0.030176944529367377,0.6829532866174428,0.19357149762949927,0.0,1.0
3618,cebpg,setdb1,0,1,3.175230106767267,5.155172693115635,18.593611904475367,9.646955758760168,2.8265497860073796,13.043720652888586,3.361626115139531,2.7120871327076306,3.359768364457936,0.1520172519749671,1.3521074398049249,1.086971629334586,0.44744360121370214,1.0,0.2605982129296889,0.039026248543975454,0.9774231452477145,2.9224577173824127,0.0,1.0
3619,cebpg,sin3a,0,1,1.993573126976401,2.9062971253119354,1.2187219847626158,0.849502716421052,2.671033232251252,4.893412870407505,3.2749453100352777,0.7563475065535908,0.6573585938328358,2.1916673906325888,5.760326336593028,1.0867696929564303,0.6125974854841973,1.0,0.3169678526945145,0.049558662883084297,1.4069788662732245,1.6042013950128111,0.0,1.0
3620,cebpg,smad1,0,1,5.937363778718145,0.8572357571245178,0.792858071812613,8.169951889139881,3.3688774168212117,2.004040510107856,1.2524741910136143,0.6994549216640277,0.7758313184345854,4.249029601375395,0.24529404056488738,1.1070839153685357,0.9506667523629637,1.0,0.2199031301511098,0.04068592095252372,0.8813739302788355,1.0377791066765432,0.0,1.0
3621,cebpg,sp1,0,1,7.837270779964669,0.9255516460994573,0.21517829254683693,7.472272632339342,3.7043082331351354,2.775396243510915,1.1209973821699535,0.2094282782137527,0.8235435757714282,17.215064722798815,0.3714259877910829,1.1113530537318177,0.9591949059255873,1.0,0.109897072256157,0.02070771598471379,0.2601197580137925,0.16423740336338288,0.0,1.0
3622,cebpg,sp2,0,1,2.8988196860220654,6.787085599326096,20.419162114743795,10.725222443168745,3.593494041600402,10.624923061390687,2.946545170076879,2.5384473500340055,4.156676699436894,0.17598636131135348,0.99064827025178,1.1171717753637542,0.5883214471458205,1.0,0.20725796612194317,0.03573605367168201,1.2757372251867087,1.8848265607194572,0.0,1.0
3623,cebpg,sp3,0,1,4.705826851521526,5.613827962796156,32.82652574455226,27.194033180255445,2.925530581579637,12.054506219548308,6.393105789930868,4.115807712704805,4.653233053592615,0.08912093239307071,0.44327761680825734,1.0837832912260894,0.5631563737901197,1.0,0.2016174403669293,0.032510866258808405,1.1786258023366893,1.3913156229359236,0.0,1.0
3624,cebpg,sp5,0,1,0.07275497620068574,1.824508170145433,23.331181725589065,27.238663937157156,2.907062902555821,202.95313669086664,14.216224711232137,0.07252880542311918,1.7099704297144425,0.12459989968563942,7.450921130313282,1.0927962742766548,0.907411999543733,1.0,0.1962715502717015,0.06885282886601159,2.2778129681994432,29.00684039182723,0.0,1.0
3625,cebpg,spic,0,1,9.999999999998899e-05,9.999999999998899e-05,3.7336202330174255,3.387958650006798,3.8637137933488974,4.136828578988772,7.695649242906494,9.999732170612231e-05,9.999704845722277e-05,1.0348438116927423,1.2210386862249547,1.1175737857546622,1.8653762975778538,1.0,0.2287391930361451,0.04515336586182041,1.1601203922141838,0.9621108070889546,0.0,1.0
3626,cebpg,srebf2,1,0,6.4171992240184546,1.099541975416712,0.003858588148932175,9.900421166870483,3.2146238436259864,2.5151525037568505,1.1117281889529622,0.00385626941844592,0.9896331929903825,833.1088262206997,0.25404500085039194,1.0993524212568053,0.660281969280663,1.0,0.29445783446300366,0.041806462505131904,1.4720748167891564,0.7091082275157655,1.0,0.0
3627,cebpg,taf1,0,1,1.3407995384560853,4.2060884191199275,9.526700631732323,6.384941761704721,3.0250744741877127,10.950142663604922,2.872413407023798,1.175375717506388,2.5356956917452917,0.3175364264214984,1.7149949165207943,1.100533817662033,0.4698934106663331,1.0,0.170882508144798,0.047921287522979555,1.2786737654327411,2.0657645271178597,0.0,1.0
3628,cebpg,tead2,0,1,3.8615720726201044,2.7520707857142304,39.85323947277704,28.155410544489868,3.1942946639304735,31.235310327632412,9.028091909061157,3.5204579663279176,2.507020290377355,0.0801514433001722,1.1093892691877403,1.098944344905998,0.5422757621241137,1.0,0.297243795483641,0.05320830641773814,1.0699813149451238,4.868366223849111,0.0,1.0
3629,cebpg,tfap2a,0,1,2.524659472980462,1.3872069104297835,3.3039707354567036,6.922028029142193,4.115004600001557,2.201658149595398,2.7709013625374803,1.4311082908719261,1.1556160327691174,1.2454724722108488,0.3180654773899026,1.125694758839072,1.158391714894913,1.0,0.20411363147551645,0.036540379659703755,1.7644405964896857,0.7597568359719362,0.0,1.0
3630,cebpg,tfap2c,0,1,0.2584125729403526,9.999999999998899e-05,3.0671117597532405,3.173830646969125,3.599580377643986,4.955286740708072,6.371783066763161,0.238332413791565,9.999684933253206e-05,1.1736058740596997,1.5612952585986788,1.1139910035808736,1.0715055891776433,1.0,0.18794290358592783,0.03917016095844511,1.0832804864239576,1.6879270028573534,0.0,1.0
3631,cebpg,tfdp2,1,0,3.5993776826157786,5.719388975115764,20.76267876896288,7.933686762243715,2.883948380628115,9.362117477091699,2.8009891459978538,3.067586791815465,3.323488529096399,0.13890059239076558,1.1800462707509278,1.08956489188356,0.6236824817481531,1.0,0.2949641871339782,0.04915414971904288,1.6921013458313199,1.9305428575407206,1.0,0.0
3632,cebpg,thap1,0,1,2.7599644907168717,0.4442142438045851,57.02169758867889,53.19129292861119,2.7888442901503905,17.37654774804038,18.574632397894252,2.632544079087945,0.44053522024721375,0.04890847533630933,0.32668030407461046,1.0841220479538491,0.9974336793540948,1.0,0.19458915480174532,0.03621661080498873,0.8075951887169187,0.7755283267373998,0.0,1.0
3633,cebpg,yy1,0,1,3.7916191717582723,0.31423303190110374,43.52136771835683,29.599646821436945,2.65687406540336,45.89614666740815,12.09121025976594,3.4877623052063003,0.3109321428548859,0.06104757742442731,1.5505639963977138,1.0862010707911958,0.46350353004786693,1.0,0.3594983465954037,0.06746869712439364,2.5182068204008274,7.860081923287392,0.0,1.0
3634,cebpg,zbtb7a,0,1,1.1235598553395052,2.359152804178765,3.2401416277848707,4.444813452092291,3.5891522511659977,3.1066882012890575,3.8841601631764866,0.8342672093112369,1.5411590423292194,1.1077146197525103,0.6989468140280798,1.112701545986549,0.7274328124999999,1.0,0.22980253812548035,0.03642806589329457,1.3281062525109246,1.3898295471847606,0.0,1.0
3635,cebpg,zfp57,0,1,2.5497709928995804,5.1982928405576905,14.006327711966248,5.394151971418728,2.848406677786485,23.685985676080424,2.4086250124364508,2.1570859629219945,2.6472058218516348,0.2033657027282719,4.3910490104064905,1.0881005857224644,0.3259926281092538,1.0,0.319903255030244,0.06442750825328102,1.7220706455257901,5.729060467223097,0.0,1.0
3636,cebpg,zfx,1,0,7.145855798001286,0.23397064104885212,0.1228271091139411,8.46648644121932,3.577189701593366,2.2816442411434794,1.0452984893750683,0.12075156132542499,0.2276787577195984,29.123779981461343,0.2694912768105589,1.1136336683367796,0.779091642031712,1.0,0.20144069318325916,0.04056711525101312,1.3871696284135697,0.12788100301654667,1.0,0.0
3637,cebpz,clock,0,1,4.0557873797321236,1.2240775025891526,7.931840020736566,11.509816784433992,16.133652816753152,1.8287880127573921,3.2698031953648616,2.6835883014598685,1.1064099848155953,2.034036588556277,0.15888941127461437,0.36745769499875325,0.9244781870205075,1.0,0.17186846411178142,0.03200359357651383,1.8235087004580866,1.767389028107063,0.0,1.0
3638,cebpz,cux1,0,1,1.6900738329156635,2.390211688539941,8.312933337066593,10.19951243902524,15.552684986798441,1.4757777628829898,6.33805684754206,1.4045247463092096,1.9364200201804962,1.8709021660802299,0.14469101064442927,0.36673145874611074,0.8978147248857978,1.0,0.2704796015877788,0.042273618681843796,4.310878768914728,1.2472671461959157,0.0,1.0
3639,cebpz,e2f1,0,1,1.2407432543620254,16.091128700294117,21.058181583807603,5.459881583604597,15.122848954971857,16.603385218695447,1.417052355675672,1.1717065705569942,4.076637526166759,0.7181460039550785,3.0409789964224725,0.3642710703489563,0.6669867549071002,1.0,0.3653626111755866,0.0833547261869344,5.987594607194451,4.272593346145958,0.0,1.0
3640,cebpz,e2f4,0,1,0.5191924907032008,7.045655580254527,186.06577645355267,201.04995114766314,11.978668591943755,1066.8157168450064,27.307942021675945,0.5177477824615464,6.807105313210797,0.06437867737022543,5.30622221370983,0.3551988445261521,0.3596390935369498,1.0,0.5417506795569046,0.18371616408814223,14.701662707010877,34.99410804406176,0.0,1.0
3641,cebpz,elf3,0,1,2.1509639459465357,22.853332794628294,25.3404280424176,4.134625206300063,20.99295210250498,20.77864495510433,1.270648928441414,1.9826695977112723,3.5011898942996598,0.8284371545486392,5.025520795317368,0.37104650273270484,0.705231296099609,1.0,0.3174956126252131,0.07675886848059364,8.775537808346304,8.098767327225797,0.0,1.0
3642,cebpz,eno1,0,1,1.7874181224138201,17.961473519929473,35.237670171510636,16.902083838664417,16.365470144899753,704.677773530729,2.039476255750016,1.7011289684495985,8.707841491251742,0.4644311064053009,41.6917689118747,0.36148911698793323,0.28063316198103805,1.0,0.5611445871230787,0.32496259319997245,35.82681828783048,228.57013724960268,0.0,1.0
3643,cebpz,ep300,0,1,6.5872813931541145,1.3166463969619122,5.539072891864193,16.891320073826364,14.526129485026186,2.225453324631195,1.9843669230126217,3.0089366464395915,1.221437646582566,2.6224839009362393,0.1317512968142499,0.3644986532068238,0.7818625349320667,1.0,0.26747010192514464,0.04022022312025309,3.670786224892695,2.0201709718102747,0.0,1.0
3644,cebpz,erf,0,1,7.405512342168132,1.3096352023645945,6.461559614309513,14.950082488818925,16.018531387049,4.128490432167067,2.036569664232678,3.4507039138187943,1.2041509377637059,2.4790503134220097,0.27615168245758775,0.3671556163278801,0.6662819929274186,1.0,0.26852325311294223,0.05203600327015107,4.945710285414313,1.9020652862779517,0.0,1.0
3645,cebpz,etv5,1,0,20.567815560378904,1.0456211262994874,2.579501157431558,24.47581520082307,17.87488416046171,11.844883243058044,1.1682669393227894,2.2920455399054442,1.0027817059098953,6.929589509570121,0.4839423384214686,0.37282296905065726,0.3939595746785438,1.0,0.28912084528291354,0.06988578797474235,4.838905926863585,3.683110672316908,1.0,0.0
3646,cebpz,hif1a,1,0,8.83528662635222,0.3261993743527071,4.009052333674284,13.226025457395137,14.429485884073417,4.869167526100757,1.489609243759586,2.757722805221381,0.31834781985526195,3.5992261220618285,0.36815047285261604,0.36151454702849184,0.457673450918743,1.0,0.26289053692597475,0.05334651273750334,4.610179274231574,3.0126638927212683,1.0,0.0
3647,cebpz,hltf,1,0,1.0310554370972664,3.214593370068009,9.745148153119564,13.401446671864283,16.312635423216815,2.1790071285825285,5.715823730803348,0.9324051744636848,2.5926876386899385,1.6739237995057985,0.16259491843945872,0.36703951705836246,0.7509025350227618,1.0,0.25011722402086445,0.04863708067864289,4.331753504545498,1.396711635720124,1.0,0.0
3648,cebpz,id3,0,1,0.00010000000000455017,9.899804558589466,10.30177775638533,2.041231701776867,12.343695506662133,22.71849885458103,1.1802488031439005,9.999902930772796e-05,1.6922982617061426,1.1982102311429854,11.12979914764446,0.35600639751528473,0.8024681075686909,1.0,0.3276141237792765,0.09415504429809628,7.425497102155742,10.510951448336952,0.0,1.0
3649,cebpz,klf10,1,0,7.672009100937938,0.11368434994215337,27.954423632177615,4.831962257408659,38.00706726844473,3.2964700108501326,4.75294500087777,6.019872776041083,0.11107111603203924,1.3596083313517426,0.6822218045672406,0.382173314755227,0.7398771975994924,1.0,0.16926061336438747,0.04560221225102278,3.9867041484487133,2.418408326980694,1.0,0.0
3650,cebpz,klf5,1,0,1.07069035008063,12.104262780075652,27.3616712323827,19.064100280755707,13.953946317875348,51.72358907184127,2.6757526545044548,1.0303708774110487,7.403561072925531,0.5099815065887046,2.7131408411680327,0.3621772964482498,0.2929825020857574,1.0,0.3922837878181458,0.10842491573236673,9.20909647688594,14.168553818870283,1.0,0.0
3651,cebpz,klf6,0,1,1.0057333935721524,15.123968223535336,20.396576357915585,5.8669944941784316,19.800829941452474,23.400727298654644,1.42601046129926,0.9584721553837906,4.227163827161313,0.9707918424146751,3.9885374567632863,0.36732817023651937,0.6570911808745326,1.0,0.2391327403925191,0.07861445826041348,6.138592838984833,5.490627354911901,0.0,1.0
3652,cebpz,klf9,1,0,1.1508013376302437,9.322335986253638,52.21802505782705,62.13753457974741,11.978106037828306,147.86367501806117,7.734952551277518,1.1259864071148469,8.106185613292462,0.2293864240281697,2.3796192755007475,0.35598338399029283,0.25604432472459326,1.0,0.44975721762847,0.1327554429574213,11.80401909374321,18.466654976632825,1.0,0.0
3653,cebpz,max,0,1,1.7468442811615579,16.015652142453007,35.755463528717435,19.43304933436232,15.533139104703455,30.84141582106127,2.3215138864796905,1.6654768901706756,8.779812665629851,0.43442700979747684,1.5870600280176412,0.3647765361839333,0.4416513571049075,1.0,0.42299735444824305,0.09321904735361097,8.731089587848079,8.034182684713196,0.0,1.0
3654,cebpz,maz,1,0,1.3078052931933128,8.980691593220833,60.4408928837733,63.87436564508075,12.260450743540103,107.28285378587552,8.132252434718684,1.2801066576690023,7.873660392507612,0.20285025846849614,1.679591690694745,0.3563586694089736,0.35913297771715624,1.0,0.4515972362769938,0.11017121746170824,8.799354828624665,13.192563492119273,1.0,0.0
3655,cebpz,mecp2,0,1,0.47610985589628735,4.264553240872821,9.748056819329785,10.771434736304938,16.13317374170349,1.2579405912142552,3.6980121079300647,0.4539387976494722,3.055027510216281,1.6550143316473516,0.11678486868368498,0.36755094194540566,1.1279267253058067,1.0,0.19422618208180858,0.03305685429838499,3.0623838419896794,0.8300582461869567,0.0,1.0
3656,cebpz,mlx,0,1,2.6053218255961537,22.807150046894577,52.86554781248469,28.885703595539344,21.213692708960604,20.10937556239761,2.378218348983301,2.4829566660229583,12.744519400507386,0.40127632431250043,0.6961705293376682,0.37523301828945166,0.5552397085956466,1.0,0.3238198542506219,0.06483298755114358,6.202391781476945,2.795031570809525,0.0,1.0
3657,cebpz,mycn,0,1,0.4954204600677005,9.54052128675347,13.361523029906094,4.727960989510212,11.37426141858694,27.75041559240237,1.5490108897253094,0.4777079369249684,3.161318182971726,0.851269828531432,5.869425668691303,0.35412054092893586,0.5409361220721148,1.0,0.36800531870957826,0.10671487835357295,8.629583179799056,12.556897159066814,0.0,1.0
3658,cebpz,nfyc,1,0,16.863910530155582,2.573497358595061,14.936751435818948,37.95836378939211,26.42614775680368,18.106040455770085,2.013570934176189,7.92096844066763,2.4100977892904414,1.7692031544042892,0.4769973899883962,0.37546698393813205,0.4293747908969897,1.0,0.4502165682436112,0.11040561188992344,10.724073103818654,10.271002741628104,1.0,0.0
3659,cebpz,nkx6-2,1,0,0.9334287181707045,12.16399066220804,28.622085503534425,22.433433140692312,18.757093792185042,160.24698300957792,2.937006640868073,0.9039489681189884,7.887294522252079,0.6553363761654896,7.143221548150101,0.367949388874614,0.4976174720918422,1.0,0.2640349853055358,0.13812635470397105,15.897917621824414,23.21498330527005,1.0,0.0
3660,cebpz,nr2c2,0,1,11.406524240027093,0.3390806076795435,7.535811952609496,17.58092609994927,18.622537138003615,2.0868162308650073,1.6926868958197647,4.537846907138103,0.3326645577092396,2.471205127611367,0.11869774203026932,0.3721967861318773,0.9204539400074591,1.0,0.20720966293362914,0.03782462124804881,2.5742426795145272,1.4265174597993613,0.0,1.0
3661,cebpz,nrf1,0,1,1.4482174159820485,16.094459930603286,20.408144077929776,2.1704341348889518,13.026106905994878,14.586187451424125,1.2153884452688892,1.352257542489933,1.9125194534788248,0.6382798384926073,6.7204008714000505,0.3597194170958346,0.47778933858861944,1.0,0.4366597322604722,0.09615752425148096,8.174878424256807,8.677206491545167,0.0,1.0
3662,cebpz,rbpj,1,0,1.6810804540364779,17.1824269726091,28.048791184751792,7.455070717389145,14.18022230428029,8.01917002928585,1.519815868900623,1.5860234848278927,5.199237754943637,0.505555558914393,1.0756665272914083,0.3631933296945057,0.5552524314989826,1.0,0.30574316536600793,0.06038063325701749,5.262870448594992,3.0447965864226108,1.0,0.0
3663,cebpz,sall4,1,0,0.6554105725638826,8.933943001916393,119.15771299472391,165.13046456053755,15.264976302932135,176.72189483446144,19.100828933626737,0.6518252973800062,8.475403897459595,0.12810732867630684,1.0701955893164365,0.36500005063146523,0.5368651126271897,1.0,0.3041073654551545,0.07219175985397364,5.329350498237117,7.937887520186495,1.0,0.0
3664,cebpz,smad1,0,1,4.121761126379295,2.347541272661363,6.3335697909897535,15.709386132011465,13.785674909446863,1.8129754949211727,2.9156766807943852,2.4968565760404364,2.042342613811885,2.1766042475853986,0.11540715083874734,0.3601845980088984,0.9397261919523837,1.0,0.27616945121606257,0.04109709833797226,2.920284932161096,1.2876948223470415,0.0,1.0
3665,cebpz,smad2,1,0,0.5440528149829462,12.27526843277016,8.22138987765681,8.670851632404244,13.058512091751311,1.8645970605955087,1.8192869376806078,0.5102845871968686,5.081467641611133,1.5883582078062373,0.21504197507281017,0.3601851860769039,0.7526993075112843,1.0,0.27422498194406136,0.05017256624284951,3.4701204175673466,2.00461444605468,1.0,0.0
3666,cebpz,sox2,1,0,0.2660150105446428,7.470341330498043,101.46312959347958,139.06600062141445,12.26714326431836,688.188244784067,19.297274911931993,0.2653193988189126,7.089507478289144,0.12090247278462318,4.948644828418935,0.3566914806643313,0.3617723274350669,1.0,0.408998417300849,0.1482343561137156,15.87313238527264,26.377672432711627,1.0,0.0
3667,cebpz,sp3,0,1,14.786812677757544,0.2885865066138738,2.6769678130964367,17.619331970654116,15.859909996819454,5.385530863308726,1.1951388897151425,2.266623862878594,0.28393592860809846,5.924580011469905,0.3056603322009369,0.36707396536366954,0.5481308562328919,1.0,0.23617861315145378,0.051600079130667054,3.4087511282891616,2.5146135954142648,0.0,1.0
3668,cebpz,sp5,0,1,0.772114609586957,12.507773319633365,24.597153736661685,15.56071529580455,20.183281047981705,127.00121508978678,2.300445734231479,0.7486152732166288,6.934106865455764,0.8205535186739444,8.161656625388462,0.3721772875816993,0.9016646584089901,1.0,0.2069436015420553,0.12617379729641864,9.179736309332158,23.514438590763945,0.0,1.0
3669,cebpz,spic,0,1,2.8173323677059634,3.745731407195042,15.374583585665127,19.321193833097656,23.840748584735046,3.637215584759546,7.28454915429854,2.3810197940073783,3.1374793914326973,1.550659791980549,0.1882500437694958,0.376998269363632,1.8270908631910796,1.0,0.22431281649154858,0.055415416653109395,5.1934318475612695,1.3994291956263083,0.0,1.0
3670,cebpz,srebf1,1,0,4.549179633423598,1.5767685614340656,6.808191747500027,16.929776784542412,14.598830899056852,3.0757382876781567,2.7139747807496573,2.727011929027102,1.4424269514875405,2.1443037212366343,0.1816762457545473,0.36396337883916424,0.5230821011321137,1.0,0.28585523932387646,0.05142241656653788,4.5413446432381726,2.015444653071596,1.0,0.0
3671,cebpz,taf1,1,0,0.6705378873016794,9.838293273776728,20.61571138000364,15.056858182565705,12.553262458360123,18.9744622137234,2.612737793864376,0.6494152812163698,5.950306702954676,0.6089172586368401,1.2601873500870107,0.3572402386801562,0.48138749806983494,1.0,0.2823190375726896,0.07965356698497428,3.845641018214574,5.014717119405417,1.0,0.0
3672,cebpz,tbx3,1,0,14.842547932254307,1.1901887632508363,7.8702397538139595,22.93823564904172,19.98458155544327,17.72072540371357,1.609648074789492,5.14311199483318,1.1314800275305348,2.5392595626783336,0.7725409083263072,0.37049690916742567,0.33550360907166343,1.0,0.3461246083382414,0.08116791690593936,9.166127874332949,8.098001389261904,1.0,0.0
3673,cebpz,tead2,0,1,1.522335160249176,17.808153428098016,30.808469103063228,11.89371604146367,16.058257650938046,18.591047588977073,1.750295137764572,1.4506541614946633,7.13103666130081,0.5212286789459917,1.5630983221867145,0.36447589982958845,0.5208495496497275,1.0,0.38720192846534474,0.08353739254004972,6.627680618053265,4.960875798879959,0.0,1.0
3674,cebpz,tfap2a,0,1,13.945859227370626,2.209140295554196,21.689002089516585,14.837595500614635,32.497314184174385,2.1248572733763056,2.9356717851338647,8.488086069222488,1.9228508320583102,1.4983314608043685,0.14320765607124722,0.3785392502480543,1.1595023027286961,1.0,0.28044911662854094,0.04839334258219684,5.048765631331582,1.272613091910713,0.0,1.0
3675,cebpz,tfap2c,0,1,2.548317897929674,2.939805308671788,25.33979711710421,21.91226734801924,33.40497447028952,3.7135657975631027,9.303793708895425,2.315461568077048,2.592049394214167,1.318281054734308,0.16947428299330197,0.37454115823516126,1.0261392937317126,1.0,0.23996322897901204,0.05226680279129889,5.049091643491748,2.064485502775631,0.0,1.0
3676,cebpz,usf1,0,1,13.881799958945296,1.2265242804027616,0.0001,16.119137287110743,11.881175937337275,9.32704929445703,1.0760989884515744,9.999927963751147e-05,1.1397958610477446,118811.75937337274,0.57863204018463,0.3539865360329987,0.42736809172313706,1.0,0.37253455333879865,0.08525861082199332,7.763309763106736,7.113656259353065,0.0,1.0
3677,cebpz,usf2,0,1,2.142050091921116,12.878705332267629,56.35826783266439,48.68426985568686,14.577562247051427,24.774714195598175,4.956148214091721,2.0636166960169384,10.184536466500543,0.2586588056668856,0.5088854011580543,0.3625296539554945,0.6819496265097931,1.0,0.33405487711301923,0.0670770494265862,4.6366135361595235,3.338960509429109,0.0,1.0
3678,cebpz,yy1,0,1,0.3630790172968991,6.453455238424025,101.5250056223189,114.40628393755465,9.83258581815303,149.50348111032804,17.890077890349307,0.3617851822693043,6.10886501509331,0.0968489069060585,1.3067768304748906,0.34474549435280505,0.4622301126332886,1.0,0.4415093902955574,0.09655643917665249,7.733007520356368,11.336710340762934,0.0,1.0
3679,nfe2l1,nfic,1,0,3.137348466066018,3.836015356098412,4.806190183507984,2.54448913751079,1.601534883956105,2.0725730461391993,2.74558405314007,1.8982337803138871,1.529769223529807,0.333223368782124,0.8145340514861642,0.8249824617346937,1.2046939948850455,1.0,0.11817510246251714,0.014927518960390178,0.05649013459081209,0.49979506422012243,1.0,0.0
3680,nfe2l1,nrf1,0,1,0.27055288027070956,5.694081375058126,0.11593055930595184,33.56034877557506,1.650309616113572,47.47175832405054,1.6398726990504144,0.08115573274232897,4.868122048139687,14.235328682907904,1.4145192185428088,0.8270045993518211,0.5050845310270046,1.0,0.23604933638704875,0.05057975875915361,0.8246254852280844,3.1516375696446532,0.0,1.0
3681,nfe2l1,pou5f1,1,0,0.033670896226689846,5.794829381108957,0.0058196069858051855,84.68567481669396,1.5264819788801962,2340.051360038271,1.2529543149809919,0.004961987489619162,5.423699181803779,262.2998395945798,27.63219830394479,0.8093282283327533,0.28183030581111196,1.0,0.27520365846413003,0.1744354874278205,3.7735135089306873,86.63163988110905,1.0,0.0
3682,nfe2l1,sp1,0,1,6.064257633091525,4.836839341803467,3.437757964801673,1.9073842611960126,1.702264962301831,2.3730698024185037,3.8536736511684913,2.1940029211688583,1.367942668802751,0.49516719319128566,1.2441487804510278,0.8325672674688838,0.9465558406292526,1.0,0.09841043268247575,0.017315395357451125,0.13032449571115348,0.20048696393975693,0.0,1.0
3683,nfe2l1,sp2,0,1,2.8479478734759107,2.122930150775721,4.723253442231974,5.711605737988334,1.6854276761446656,6.913188554555056,3.6465973424042892,1.7766770471133142,1.547678152564043,0.3568361716681916,1.2103756582102474,0.8312845709148574,0.5768624390808694,1.0,0.0968027365716356,0.024597711608914018,0.4849103708260908,0.6086300440067955,0.0,1.0
3684,nfe2l1,sp5,0,1,0.6149092912291956,3.3860951180978924,0.6048747349849812,10.478700212252097,1.8134567733942162,89.3907080176398,2.342539773217455,0.3049253692282361,2.559134468797276,2.998069961442915,8.530705737064675,0.8485691552329758,0.8863356031386492,1.0,0.1508148985326367,0.0603325673827658,2.5145791654180156,7.02978733475144,0.0,1.0
3685,nfe2l2,nfib,0,1,4.262646944253163,2.20888761821701,9.879986884063385,15.922478209824737,15.475006650367545,2.0848359906684495,3.6485870017108244,2.9778679425533294,1.9397857449115619,1.5662982989713314,0.13093665214639963,0.32315078141760256,0.7810165366536425,1.0,0.215005249380434,0.040800464501277146,3.3571182555228094,1.6325551352185765,0.0,1.0
3686,nfe2l2,nfic,0,1,10.837908824309975,0.48274492902791466,9.067976625130784,6.412757766715642,17.1620397929806,1.5308046065355416,1.9749548114416624,4.937127973219727,0.44894860165557987,1.8925985919965997,0.23871237028177325,0.3254828276963275,1.1837500774021013,1.0,0.15790935495978714,0.03247598017777195,2.0322872800317286,0.8040987612352423,0.0,1.0
3687,nfe2l2,nr1h2,1,0,0.27613150688944704,8.656596770386576,33.81590131290308,51.585421556238714,11.631331341051075,57.266498046141464,6.999735507549316,0.27389495474542913,7.412669861451199,0.34396041180227027,1.1101294962513626,0.3114065212505425,0.45324359861591684,1.0,0.2689720169221456,0.07008086530860166,5.152824111849512,4.379430217336845,1.0,0.0
3688,nfe2l2,nrf1,0,1,0.8097300569460361,12.434036366894814,24.29597529428268,16.895181604624714,13.851775344550289,27.826225148033956,2.4373979433461193,0.7836139707437522,7.162662935683863,0.5701263347847527,1.6469917754785832,0.31863835743043634,0.4914489205045763,1.0,0.31125784850802096,0.07542488546487827,4.492294767332925,6.600360514192092,0.0,1.0
3689,nfe2l2,patz1,0,1,11.416119999225057,0.38668636281373336,6.369621060484714,16.1064554247262,15.290013230522426,7.0043262885350925,1.5953532358110412,4.0884637942250155,0.3776203919324864,2.400458847603548,0.43487695485018,0.319646722012972,0.4270976632212968,1.0,0.2340427554902447,0.053470796602785066,3.5624037014579533,4.441956074167052,0.0,1.0
3690,nfe2l2,plagl1,0,1,0.47131204750007044,15.475742973579443,19.907451642255335,5.138629700378153,16.388607356545965,6.537774185523511,1.3525618556699257,0.46041172746591746,3.8577022806965005,0.8232398426004306,1.272279686750418,0.3204059770167005,0.9992872297475917,1.0,0.19685169070509256,0.04794725511736662,1.998736608821834,2.07951334936285,0.0,1.0
3691,nfe2l2,pura,1,0,1.0923981492014785,12.916770679780685,31.271873115743958,23.449425675432355,13.337119993361346,23.08929980940576,2.913774024567191,1.0555262015339484,8.328912132123548,0.42648932297716174,0.9846424440832299,0.31591647931896966,0.6632876671486712,1.0,0.33744826664143,0.07308661363105246,3.707459995018937,3.9268451453079463,1.0,0.0
3692,nfe2l2,rad21,1,0,9.312154417079485,1.4196397946549402,2.4323552979716183,14.460138379550944,11.737928291613251,11.491511710850311,1.3850221908581248,1.9286005700932347,1.2927251032493907,4.825745770530196,0.7947027482877502,0.3127167790147867,0.3665741161832387,1.0,0.32764972791296126,0.07806267706610691,6.5822362267904975,6.969192486515311,1.0,0.0
3693,nfe2l2,rarg,1,0,2.525017390747454,3.3473778943389796,10.525934213263637,14.135497645929906,15.086282912289102,1.8387933767947913,4.942180973717379,2.0364926442747473,2.7064685232403547,1.433248831564899,0.1300833846004879,0.32037953205307934,0.8007961466731619,1.0,0.19984500714503337,0.0346565528491944,1.2153853351831543,0.7923322823660149,1.0,0.0
3694,nfe2l2,rest,0,1,0.7636728845063503,10.296556208627736,40.203451074640846,47.40036840991494,12.564899434383477,191.64774709257998,5.687944713321454,0.7494371701537436,8.459039383279338,0.3125328572180473,4.043169990478222,0.315496339232603,0.29053581245086507,1.0,0.41805192500449145,0.1358544300241632,11.853942897687917,36.407821640527715,0.0,1.0
3695,nfe2l2,sin3a,0,1,6.396182156870946,2.4005687274083587,5.7729637532952145,11.899333442624124,12.754655402533169,4.83655635565734,2.2863868136643672,3.03430725735997,1.9975778435205216,2.2093773575579436,0.40645607411357226,0.31538194245808515,0.6075004211582669,1.0,0.286687660826308,0.055336462086304425,3.738719302922777,3.1127596332970486,0.0,1.0
3696,nfe2l2,smad1,0,1,4.6413574243775395,2.469227321309715,10.254940785695851,17.518984467783,15.450522338546321,1.8015284956415198,3.5869417482747625,3.195212990570694,2.164193352856897,1.506641789692004,0.1028329295544778,0.31979782893192205,0.9368218736437475,1.0,0.2212456241565052,0.02863810305651148,1.768428714903789,1.0303262574763163,0.0,1.0
3697,nfe2l2,smarcc1,1,0,0.6380893231681837,16.150612416869166,22.232047800563453,6.57648664289586,14.088830996532172,43.36078148439739,1.4455351732543367,0.6202862823670537,4.673464332373365,0.633717196135891,6.593304881298155,0.31482353567642846,0.21489151700815812,1.0,0.3660719323361923,0.10627713581262399,8.055971597633594,18.328498385538083,1.0,0.0
3698,nfe2l2,sp1,0,1,8.467769082687786,0.0001,5.434718755651704,10.771710037397456,13.76531693923921,2.4439231188384514,1.6346209471822695,3.3101948361572924,9.999907165091426e-05,2.5328480751509543,0.22688348557040489,0.32026114360804114,0.9509597194175788,1.0,0.11062574165330535,0.025554925705392743,1.3349909806860563,1.0594551716686254,0.0,1.0
3699,nfe2l2,sp2,0,1,0.33958875160942964,14.808143466367405,16.708752489064242,0.7001033493186442,14.330133355067915,7.601816380867319,1.0505735944452912,0.3328244266471559,0.6684979263748063,0.8576423263464393,10.858134571510867,0.32274846899689774,0.580077178726551,1.0,0.23360771837113165,0.04401437367433918,3.113728222620825,5.267264833882998,0.0,1.0
3700,nfe2l2,sp5,0,1,0.0001,7.822805642635897,15.362659531340936,10.810282460761325,14.897921508563934,92.46039758068126,2.375282796438923,9.999934907527651e-05,4.538525131382446,0.9697488561906288,8.553004781909246,0.3208856474868005,0.8849012732067575,1.0,0.1825905403848418,0.11273059782411045,6.650098611300363,13.981844558133655,0.0,1.0
3701,nfe2l2,taf1,0,1,0.7882775503874508,18.409308528327035,21.165577765067702,1.677593880183248,15.146630238213145,11.88696821555727,1.12519578225697,0.7599735697190806,1.5374866018387314,0.715625644919157,7.085724593999368,0.3161195127074144,0.4703138620103616,1.0,0.29496118215038475,0.06357939185913702,3.5948404596288137,4.865640484331031,0.0,1.0
3702,nfe2l2,tbp,0,1,0.6615262921014545,1.9303046834012678,11.043646890685817,10.580093442541239,15.386986305125216,1.0869969768447532,6.86927024263627,0.6241396572941178,1.6324663465833376,1.3932885085363025,0.1027398276535133,0.32318567847156465,1.1041882126020721,1.0,0.21191070614567628,0.03148299087291407,1.8091330351924857,0.8991153641566484,0.0,1.0
3703,nfe2l2,tead2,0,1,0.5196957899500825,9.377727331714272,29.39738236358035,36.5307054674865,13.07564321699761,37.473549067149534,4.975319286532349,0.5106680462410943,7.4621365666661585,0.44478937121955064,1.0258096192667892,0.31811415349763067,0.527166224321575,1.0,0.2556424299840364,0.05975961090553153,3.3739613279835043,4.9845427586428075,0.0,1.0
3704,nfe2l2,tfap2a,0,1,9.548259775193715,1.1526801928842063,7.399746454553599,5.5521223919624605,15.696792511817387,1.9174980609396357,2.143489461715382,4.168909337231218,0.9545130417632377,2.121260857817367,0.3453630747973973,0.3242557246275989,1.1407076698319942,1.0,0.18860977074468777,0.038934831882611036,2.4394067777336277,1.315189349130733,0.0,1.0
3705,nfe2l2,tfap4,0,1,4.093712308349462,2.4331511107891703,10.209506577589854,13.754625375118543,15.664787823831618,3.532391905410128,4.038861908151796,2.922054334212872,2.0674292135855343,1.5343334866169003,0.256814839304897,0.32420617684074526,0.5949976443739438,1.0,0.25380508529473234,0.05410763587760167,3.3060466553829895,2.7324487920914735,0.0,1.0
3706,nfe2l2,tfeb,1,0,7.53427532337973,2.409851741864781,9.264581909895032,16.364484176603202,15.861700321656317,5.359239007484845,2.5579998602113045,4.155158288201323,2.1005259983077957,1.7120794522540985,0.327492082833085,0.3194296359218579,0.8707223144118476,1.0,0.21051993051909126,0.04837967522676092,2.237431866269785,2.888567847430937,1.0,0.0
3707,nfe2l2,thap1,0,1,1.6915775743507786,14.135607118562119,54.25115390989492,51.617266911454706,15.816821923523715,19.885227634676298,4.788682341041955,1.6404282183195615,11.096722635442394,0.291548119875822,0.3852437144490392,0.3256464506525423,1.0187660521763062,1.0,0.25627298929908826,0.050654196369754434,1.7749860740011898,1.7712172504331447,0.0,1.0
3708,nfe2l2,trim28,1,0,0.7982968789996286,14.145565091804412,22.975193091286453,11.626810191605406,13.345510470888923,139.59100143704998,1.8852455159495434,0.7714906377697097,6.381553836882095,0.5808660853409902,12.005958567882628,0.31417666387299314,0.2320626120663999,1.0,0.4440061828671689,0.18647478816587537,14.782264087086386,40.98369740974352,1.0,0.0
3709,nfe2l2,ubp1,1,0,8.05309240055828,1.2901791764478496,6.779081591515525,19.34452227926032,14.33838683566961,3.0661917329884196,1.9646371282192163,3.6806856821240124,1.2095110693316604,2.1150928252014345,0.1585043915132373,0.32070177771537034,0.6033287576088567,1.0,0.2803568797326245,0.04464496500121057,3.8215351875119605,3.0489950539832202,1.0,0.0
3710,nfe2l2,usf2,0,1,1.2626351495327455,21.40717337716297,23.401486975761326,0.012957817130509142,14.805233692157236,6.785147450289044,1.0529511144320143,1.1979968253817064,0.012949978475214985,0.632662091408641,523.6335242232609,0.32048922969580484,0.6675120335386366,1.0,0.30272231801318195,0.056301885217095234,3.4185030548337063,1.8405493453164103,0.0,1.0
3711,nfe2l2,yy1,0,1,1.0285001880597329,11.242194637866437,62.64430574588106,73.72266025192518,13.782295762647728,102.73185322483664,7.614060588990052,1.011886931877237,9.754674410360487,0.2200087557607569,1.393490859849349,0.3160604497490206,0.46290977294121166,1.0,0.3727663089084747,0.08134005915688175,5.797786872585204,8.91233631436559,0.0,1.0
3712,nfe2l2,zbtb7a,0,1,3.8773082732351654,2.687159786096328,9.845727766736447,9.525581655161398,14.821514685382626,2.971486180376401,4.537045926982203,2.78181312173158,2.0959061555544185,1.5053752283763882,0.3119480035916036,0.31776572640616546,0.7179558492320687,1.0,0.2026612370651531,0.03712313454415339,2.110846936726659,1.6251176104966871,0.0,1.0
3713,nfe2l2,zfp110,1,0,4.769868660444715,1.58467257327593,13.643740717150397,38.79549134578663,17.916426707333514,1.7642395129425967,3.521066993088013,3.5342799949451695,1.5224839410176176,1.3131608903130418,0.0454753748887421,0.32518090160091445,0.6536389160156251,1.0,0.18558422611547848,0.03274292680111936,2.1354200349670345,2.1557495263468547,1.0,0.0
3714,nfe2l2,zfp263,1,0,4.99691458044977,1.3838986005708187,10.579849077140814,29.53028152354708,16.004045479180483,1.4435751114769098,3.039576728723439,3.393940055498049,1.3219472459182742,1.5126912834474524,0.04888456990583787,0.32516719321335663,0.7939842339366718,1.0,0.15172166443278265,0.029325980587362258,0.4077500915557387,1.3370441892847902,1.0,0.0
3715,nfe2l2,zic3,0,1,0.316086396506704,13.159867125206127,18.118929087146743,6.8477030846712035,14.665357639083362,7.995172826270645,1.5399109581277042,0.3106667856501151,4.5040383095919,0.8093942842067148,1.1675700198170227,0.31763914135914106,0.999467758117354,1.0,0.21202222687017486,0.03976124760915178,1.0567450819505186,2.0823305275345,0.0,1.0
3716,chd2,clock,1,0,2.1343333565560014,1.5303633581122087,5.529073233516334,9.446262354088061,7.1105707370452595,1.6573660129101933,3.706633667720996,1.539900734018534,1.3169997918161125,1.2860330179644117,0.1754520413243588,0.6575565404340671,0.8965919241775046,1.0,0.15397952532290515,0.023123688929652688,1.6151601082050848,0.45933862266827624,1.0,0.0
3717,chd2,creb3,1,0,5.135469649132011,0.9433176993486212,13.387208821849446,1.2317801133950963,13.686903913847813,1.4004557737086356,2.75052483332491,3.7116448735482104,0.5342104506121145,1.0223866749213046,1.1369365022858071,0.6785497666406264,1.077490283953643,1.0,0.09334804987986856,0.02327364514005866,0.27132316524333666,0.2628234834612332,1.0,0.0
3718,chd2,cux1,1,0,2.2575886622365733,3.1130988368171515,3.7733654971637045,4.018822669406174,5.824093503286508,1.4513967475788718,3.6615415993332587,1.4124974157851262,1.7542246036479296,1.5434745209983656,0.3611497363712572,0.6449264511976545,0.8918137297082933,1.0,0.1187537719392237,0.025488698177905052,0.8504431329875209,0.47428859410488916,1.0,0.0
3719,chd2,cxxc1,1,0,6.886871670356083,0.8195334504340963,1.0462381422967908,12.671294655776805,5.601627048829042,2.474012962983025,1.2264197087786852,0.9082576685296445,0.7697488804215847,5.354065028189352,0.19524547650347077,0.6441698408405598,0.67055634532329,1.0,0.25181521335344637,0.042258982960082535,1.0816884572058307,2.1239541684602576,1.0,0.0
3720,chd2,e2f4,0,1,0.00010000006460808564,4.267789913619112,387.72963520304864,999.9937865533732,5.243797850570051,7666.742143952155,185.5911237331187,0.00010000003881689138,4.249653173975179,0.01352436691568326,7.666789781141259,0.6389269006778473,0.3717729728008401,1.0,0.3491909364972809,0.11869329951233644,5.816897032088874,23.87728316878583,0.0,1.0
3721,chd2,e2f6,1,0,2.01546230950564,1.6226112600383427,4.329265282575046,3.643549121990775,6.4060069047320045,1.87954994436374,4.549957657961927,1.375231777605737,1.1226516860405713,1.4796983983669656,0.5158568970621659,0.6506872123210131,1.2745432238667547,1.0,0.12996452908870162,0.02378822994835371,1.1074174470486338,0.4949992054749327,1.0,0.0
3722,chd2,eno1,1,0,1.3707793755490065,8.428605049915701,23.68473425831116,16.52895403450658,6.322708771593432,659.2627204234634,3.132428955095114,1.2957844613002247,5.582117424777462,0.26695291163652146,39.88532601924824,0.6510187788035134,0.2820759004083007,1.0,0.36359092590617603,0.23944986816781894,14.824475002851617,160.99397919330096,1.0,0.0
3723,chd2,esrrb,1,0,15.766493501798035,0.00010000000000000002,0.6155593792709405,12.808182624381395,5.414725834947324,3.5355590978718463,1.03905036976684,0.5924295949783812,9.99992192552044e-05,8.796431371674405,0.27603909169296414,0.6410140334993208,0.7394329853420072,1.0,0.23202979519372724,0.03285025623304213,1.1093493856087875,1.2928650041478122,1.0,0.0
3724,chd2,etv5,1,0,2.7276330274540106,12.727968059358044,29.626975916781007,11.606054730135314,5.95415301333004,13.018313723687772,2.087871224247905,2.4976818033399697,6.070574322142288,0.200970663696984,1.1216829513896314,0.6452131947828357,0.39287330124880293,1.0,0.30799750251111174,0.05258891616639203,1.7811165706151537,3.636901066737598,1.0,0.0
3725,chd2,etv6,1,0,5.29448801472968,0.5035639855520938,3.006947499440804,8.1002821682255,6.351394441825006,2.7564928269132256,1.665411719569506,1.9177704229027597,0.47409150510405906,2.1122398854672926,0.340295902002767,0.6507515789191389,1.1180487759951372,1.0,0.14306949711769518,0.029816892174672316,1.1740891053394384,1.199907686468536,1.0,0.0
3726,chd2,ewsr1,1,0,1.512010450691007,9.629696449274766,17.114719233719043,6.5693691892304455,5.891690214455564,43.70962297926368,1.83081402615869,1.3892741656998593,3.905227163543055,0.3442469685887622,6.653549484008212,0.6461926017764106,0.2424778005273136,1.0,0.31979217536431687,0.08038194935780879,3.954782190256681,15.165396498521424,1.0,0.0
3727,chd2,ezh2,1,0,1.1624349213104836,6.202607515766022,18.66464128517628,13.110374971609467,4.84540019412856,74.67594424547336,3.3076086602665735,1.0942829188563838,4.210562008564545,0.25960317801429406,5.695942671905587,0.6334546391944114,0.3286884717358293,1.0,0.342564911400319,0.09187303453652282,5.629210173491375,19.766285840483857,1.0,0.0
3728,chd2,foxj3,1,0,13.687914116430903,0.6728612744579655,12.408316286813578,22.2530061607467,13.76266232662079,3.3220663367212766,1.964163314233015,6.5083717088234625,0.6531131756806878,1.1091482525511125,0.14928618240268374,0.6761870339690234,0.8356797687019369,1.0,0.17415827915518287,0.03061086671265646,1.0804255312750848,0.7627438796400093,1.0,0.0
3729,chd2,foxm1,1,0,4.958012587663612,0.8522736993972716,4.5957574389313445,9.341706706765246,7.431472034304788,2.8164251210809503,2.102735875460032,2.385008553549132,0.781018857839483,1.6170287777487304,0.3014893540857262,0.6599482070156347,0.9754898719205393,1.0,0.16280091189234233,0.030189984600222756,1.35113273203052,0.44704947174786464,1.0,0.0
3730,chd2,fubp1,1,0,1.2033157491233522,6.980905650779792,19.377288290056786,15.89497215432313,5.229407703535392,115.1734515769583,3.4804161824683795,1.1329597581460351,4.8505811176500355,0.26987304029629355,7.245904582829565,0.6383756985620496,0.23360245959719395,1.0,0.3253004438225089,0.11117434706937229,6.072316561456983,24.9332385147434,1.0,0.0
3731,chd2,gabpa,1,0,1.7164943630815348,11.140061956555497,18.814035862584127,6.3641775289121085,6.776340910204125,8.474997800555908,1.7146435106872033,1.5729835591176224,4.050294903326685,0.36017476312354535,1.331672122918391,0.6526202680847564,0.5535185052006842,1.0,0.20469092671548433,0.03906601605921068,1.4233773515226376,1.557352387937812,1.0,0.0
3732,nfib,nr0b1,0,1,0.5874579994709498,7.364551456922757,2.9469973334275164,8.350688639827224,2.2465735100631337,39.34786458262525,2.5592781084468204,0.489817240531325,3.9133399050941846,0.762326278541368,4.711930510133277,0.7954624515095294,0.659996331168569,1.0,0.24842864041908153,0.05828133054221473,2.9144692010622006,5.201143999781732,0.0,1.0
3733,nfib,nr2c2,1,0,2.998763066552227,3.648246006985488,1.1526697301818385,1.343481555467119,2.833300520297708,1.8668405979703249,4.476180628894125,0.8326242008593548,0.9818947766819565,2.458033247607485,1.3895543190551938,0.8223392349980159,0.9210053802365338,1.0,0.056424566723447915,0.012761626617502504,0.5413708636775691,0.2941068345948658,1.0,0.0
3734,nfib,nr5a2,1,0,1.035778654210263,4.863240568192817,9.197913417273018,3.690076780928402,2.332756406750823,6.247037559294537,1.95682442454246,0.9309447963001602,2.0981018671780176,0.253618000183615,1.6929288820171429,0.7963950434755639,0.5251084412203426,1.0,0.15686807948407733,0.027389664468177265,1.2659475934331,0.40322207229938767,1.0,0.0
3735,nfib,nrf1,0,1,0.014959217806946631,10.201971102776232,4.547276228449913,40.07836878885753,2.511286023307668,54.78260720397804,4.9447059882105275,0.014910167686664201,8.131972876706177,0.5522615951051915,1.3668871478424176,0.8066677858921625,0.5068594181175049,1.0,0.2603404732291855,0.053708767006226385,1.6957882291114768,3.2778020820576335,0.0,1.0
3736,chd2,hbp1,1,0,6.112057193093014,1.2543775570339617,3.3930393996977033,10.989080406511189,6.896802675299187,2.6695586768425,1.732654091763587,2.1818243157149753,1.125862960890007,2.032632652575047,0.24292830501638227,0.6562175791018248,1.0065532356715374,1.0,0.19809932199094418,0.03442479921405529,1.2112597943928887,1.0381467906860848,1.0,0.0
3737,chd2,hdac2,0,1,1.632233765802576,11.033732054298145,35.919970621867485,34.25596228266048,7.873555673991111,96.78345123322742,4.291177044324179,1.561287542813312,8.34563170766591,0.21919716351877583,2.825302364435893,0.6621424544802953,0.23043056914539412,1.0,0.2873413255828864,0.08645016831030533,4.989430910325673,10.232460976227996,0.0,1.0
3738,chd2,herpud1,1,0,1.7263516570009059,2.352604961587928,10.515190446733632,12.709773668860397,10.734431774158798,3.4439638568355284,7.0685278399627425,1.4828945812195324,1.9851497115851333,1.0208499625884826,0.27096972350289905,0.6710406369939121,1.4421318122567857,1.0,0.21065477425501958,0.03652149103161098,3.0095692179963014,1.4939486801978552,1.0,0.0
3739,chd2,hes1,1,0,0.4656600314378507,8.81547768094205,11.706221845334598,3.0799127211777764,7.677645169668798,14.096358985056767,1.327473319473384,0.44784526235990774,2.282472532213297,0.6558602144319219,4.576869626249096,0.6577224368469654,0.6605649225976086,1.0,0.20521728002141593,0.054775786403479174,5.019751840331172,10.716100108976311,1.0,0.0
3740,nfib,patz1,0,1,1.4028488214945556,13.016360507439463,10.98217181945885,2.271310046760899,2.5536356438793786,8.999144035705616,1.3245253438239895,1.2439484148645374,1.9338584179972496,0.23252555922997842,3.9620940560445455,0.8049495257670497,0.4389901408299714,1.0,0.23548540852312955,0.03566437365843589,1.1800633592745895,2.146468498258495,0.0,1.0
3741,chd2,hic2,1,0,12.960841015151738,0.0001,1.6856568701828936,14.159404067662994,7.7755356466826955,6.450629425677072,1.120868304357801,1.491655607475589,9.999929376057578e-05,4.612763003089146,0.45557209857503184,0.6611361173431912,0.4452831805314026,1.0,0.21846270738273363,0.04081214661917927,2.6322898566206656,2.38806335874685,1.0,0.0
3742,chd2,hif1a,1,0,10.11088760175014,0.0001,0.0001,10.511120942497659,5.820712795708805,5.111862958806584,1.0000175718516093,9.999901097692986e-05,9.99990486357337e-05,58207.12795708804,0.48632900208946694,0.6457523965998564,0.4610947589994446,1.0,0.249461732459109,0.039928750841759855,1.8173839670627443,1.6055064233350274,1.0,0.0
3743,nfib,plagl1,0,1,0.6846952718822653,11.144762667073513,13.876905405788955,23.028024935921373,2.7364063842372555,14.674801128659386,3.2175557721829713,0.6525004860400193,7.510124008139227,0.1971913985300875,0.6372583480126509,0.8150500395873798,1.0229954502753782,1.0,0.1873545942903058,0.03070140311412531,1.0254930094250292,0.5193636565931735,0.0,1.0
3744,nfib,polr2a,0,1,0.8884713236830786,14.230506537354596,10.50288922502879,20.01910994631217,2.6290700516710896,9.596779316107915,2.6103707659632067,0.8191748345032654,8.317817955680544,0.25031874518926794,0.4793809186244961,0.8143586384638933,0.7890826343165103,1.0,0.2028827185632675,0.03393550790429914,0.6737870813013811,0.9428303790641596,0.0,1.0
3745,chd2,hltf,1,0,1.391363823571541,2.063250127794575,6.3344613150876405,9.22665407811337,7.268146969987196,2.2295362064834245,4.797819940267331,1.1407895153521355,1.6861874873855744,1.1473977988744948,0.2416408144933197,0.6508048072170044,0.7579823288370541,1.0,0.18822512691700313,0.03352876226380588,1.0975599655675232,1.0203820828962573,1.0,0.0
3746,nfib,pura,0,1,0.5513657674672782,8.82013983414063,2.2740734911857903,20.92816080818455,2.26205625438044,23.443151224189144,3.7874653936485316,0.44377038788028106,6.205036953839978,0.9947155459786465,1.1201725483216391,0.7902181952662722,0.7001694511742548,1.0,0.27060988191085267,0.03965245115123151,0.7759749829215704,4.091602656143549,0.0,1.0
3747,nfib,rad21,0,1,1.1412290701697032,3.6465065985238887,8.42141919863152,3.478480736876751,2.1493174565107775,14.245167169788552,2.21869770188776,1.00503209272261,1.7802562113811913,0.2552203382608054,4.095226694450223,0.785038020643266,0.3863460883573263,1.0,0.21828960978999065,0.04042165677890621,1.890199346786806,5.391649927054736,0.0,1.0
3748,nfib,rest,0,1,0.7610834995440736,8.044346072381272,1.618760952677668,57.59615056610581,2.1781843887477157,235.2722567285588,2.751734757627389,0.51768604021118,7.058498812744702,1.345587429165918,4.084860783508887,0.7893792719107017,0.300397819247437,1.0,0.32831811756758306,0.07834177297776258,3.032718631262367,22.846993082823854,0.0,1.0
3749,nfib,setdb1,0,1,0.6940863394407699,9.111029534878567,1.9358487402597664,16.724307129718746,2.1884351648217923,19.92373247962426,3.742094306773005,0.5109046897047073,5.897955121988061,1.1304783887857541,1.1913039102361498,0.7872759756757198,0.4595673537429328,1.0,0.252666039343229,0.04656658501280201,1.334014926520831,2.482566093175101,0.0,1.0
3750,nfib,sin3a,0,1,4.148920113625287,3.0827357414204286,0.8747190105318033,1.1250528246419402,2.203065171294459,5.567312838623752,4.308770427891034,0.722412419935665,0.8242430671261803,2.5185975664974523,4.948490165691204,0.7873841866536906,0.6318798009671522,1.0,0.24519332496751667,0.04128040425316597,1.0045959635882773,1.7957164579258842,0.0,1.0
3751,nfib,smad1,0,1,1.0478823280525393,4.152865824498374,10.558735524990896,4.738152093683548,2.270274556748298,3.8667127843930578,2.3534079740140053,0.953276182890546,2.2131222861327284,0.21501386708426484,0.8160803427031795,0.7933805931321541,0.9943629640467431,1.0,0.15021357533147364,0.029134609894556077,0.7224820772517306,1.9008460856214193,0.0,1.0
3752,nfib,smad4,0,1,1.065320303354259,15.583649558011349,6.939847831313479,7.516002696025358,2.480102866190365,4.7189501038745165,1.7098456454190656,0.9235484717516346,5.0704984994507685,0.35737136122781027,0.6278537002614449,0.8023208930856913,0.9560592098813843,1.0,0.22216832947272822,0.03232429344800299,0.8798184584259975,1.071151817446346,0.0,1.0
3753,nfib,smarca5,0,1,0.29524286091288565,11.11126117697869,3.029639788910251,48.20680720789253,2.3725954429245184,257.7301489854698,4.065549907803685,0.26902589144340305,9.029937082910216,0.7831278991018042,5.346343471244733,0.8039659414469608,0.1757680433460105,1.0,0.3356739767803125,0.10239558133673715,5.358615338218556,29.351516021306665,0.0,1.0
3754,nfib,smc3,0,1,0.6076447754242823,13.598336101402873,9.048960770735091,29.859206887320276,2.6399772762936125,116.18691562619863,3.4103990478374766,0.569408547244984,9.343269385488897,0.2917436977770381,3.891158799517125,0.8143385599999999,0.25633531453497876,1.0,0.3443772437558165,0.0771268751018674,3.6516231175807103,15.46069150028552,0.0,1.0
3755,nfib,sp1,0,1,0.5738166352790562,7.815553245197802,7.693048435430367,10.066729305396867,2.5696332908946538,4.2874794276931985,2.4587003839432438,0.5339870834348381,4.399721269850192,0.33402016280830843,0.4259059022670492,0.8112940753842813,0.9676374330619171,1.0,0.09336045058333034,0.025320613251629858,1.0038061906784563,0.4663280111535425,0.0,1.0
3756,chd2,hsf1,1,0,7.189244081878954,1.5702971390465625,8.78578819506895,17.99077261500442,10.328281555473009,3.6078401840339906,2.416024327202628,3.953868429873934,1.444238946120424,1.1755668730176978,0.20053836826468635,0.6668645399336205,0.8034295374954716,1.0,0.2422572096232591,0.038450545001758624,2.123727317078061,1.1804810181816778,1.0,0.0
3757,nfib,sp2,0,1,0.35929942239761337,3.647825333727337,5.330023383747976,5.600441121091347,2.4650518661439693,7.350853980529268,2.7061836023820263,0.3366084837158058,2.2090011248454964,0.46248424981779146,1.3125491048992266,0.8048320797592826,0.5793520513434335,1.0,0.09377754974592868,0.019811367742941698,0.6873638379578401,0.37456421927282313,0.0,1.0
3758,nfib,sp3,0,1,0.3867858458842601,9.496831502043676,2.7743169627967688,33.1205301682526,2.354328904357372,15.271507467622492,4.057960487356965,0.33945954881933654,7.380562332779962,0.8486156902504716,0.4610888590865875,0.800112849078528,0.5751056929301814,1.0,0.14045936712862842,0.029135990451139064,1.3830527444018754,0.9128881195134184,0.0,1.0
3759,nfib,sp5,0,1,0.2797391519481133,3.1289056652989062,13.257624671188484,11.501931345059141,2.7321251011935823,97.49944175958018,4.703355568668388,0.27395855875766456,2.459767552735105,0.2060795330200474,8.47678870918168,0.8155159441913619,0.908530001377658,1.0,0.20624415072725774,0.06489661103927806,2.732776959433444,10.527351081088849,0.0,1.0
3760,chd2,id3,1,0,1.1565538685883523,9.28635229653827,14.709307212532439,5.828364803396219,6.341519761526614,35.52263947304725,1.7556029264638353,1.0722460050499307,3.580897248636952,0.4311229393675042,6.094786560434243,0.6511957908030906,0.8526576440900491,1.0,0.29723973793667835,0.072864205729491,3.0127286626760292,10.83569516780581,1.0,0.0
3761,chd2,irf3,0,1,2.419384925041915,2.3376157313888717,7.676878705269363,18.58890887681462,8.097254483916805,1.706725780243416,3.798969982677294,1.839623576700459,2.076490321893279,1.0547586844584242,0.09181419907718,0.6548481682079784,0.913961604263501,1.0,0.25231864963001893,0.03769388425216102,2.1081741090346866,0.8023763642018048,0.0,1.0
3762,nfib,stat6,1,0,1.594813607494232,1.916183389222263,1.1659727640340294,2.6760900416178997,2.553601190124711,3.231185694026458,2.9614104291518673,0.6735433241869349,1.1166319608441044,2.1901036361173385,1.2074278681867374,0.8105449932403889,1.0218737225129713,1.0,0.03759499198366443,0.014927915669127326,0.2134221049275973,0.1822223609202322,1.0,0.0
3763,nfib,taf1,0,1,0.7378091083732325,8.400976066207427,1.8070324040470611,38.741938591311474,2.205041501225469,39.99356377275921,3.020915128940686,0.5239009817800035,6.903902765209613,1.2202556502512185,1.032306725655913,0.7864365466726299,0.4988760597312139,1.0,0.2570780713729753,0.04405896502811803,1.4178826524480856,3.470196475326857,0.0,1.0
3764,chd2,irx2,1,0,1.0804156790506816,1.5603818341071016,5.871078266586465,4.393496709055854,6.361180646108306,4.28817919544651,4.239083426158594,0.9124952221435504,1.151439755332687,1.083477405217218,0.9760287714812068,0.6489121752633751,1.4165139346829008,1.0,0.18998512610250906,0.03283716977840589,0.13082185133741175,1.2001082164576622,1.0,0.0
3765,nfib,tbp,0,1,4.4514908630135634,5.896607887447463,0.56208972789447,0.00010000000003129728,2.594589985503706,1.7174520047275927,5.8310523009492865,0.49907191926934585,9.999830416977638e-05,4.615971181723551,17174.52004190077,0.8066677858921625,1.1254406249999998,1.0,0.15514966194919907,0.026792855473638588,0.3928995001491829,0.7354529623071024,0.0,1.0
3766,chd2,junb,1,0,0.32473921774607056,4.710843110252403,10.707056139829868,8.421574876347753,6.022610153339862,10.343608895892382,2.872249624145925,0.3151799795510011,3.020975880009161,0.5624898267728294,1.228227385942114,0.644400144818061,1.5682168666906775,1.0,0.13917485262759957,0.038796064250260234,1.036755123927994,1.5932143203770666,1.0,0.0
3767,chd2,jund,1,0,0.2815876555241759,6.164304548554159,280.0993810357924,311.4501753011421,7.589398989993623,1356.8783975674498,48.12818773755177,0.2813048559885523,6.044666896689837,0.02709537936831004,4.3566467614137,0.6515517295973463,0.8874163386988582,1.0,0.23366185306668097,0.08552883042182892,4.221795478612314,19.34293677281129,1.0,0.0
3768,chd2,klf10,1,0,5.085130706078177,0.9743849275791023,12.17452564451962,9.966998100352107,12.388951577789618,3.4420603292167797,3.7259572730328543,3.5869227596028397,0.8876110723297583,1.0176126725205528,0.34534573946544456,0.6720453559027778,0.7467465637943259,1.0,0.17229934061337196,0.03563524574148473,3.9880928189023934,0.9741763802479524,1.0,0.0
3769,nfib,tead2,0,1,0.15418027111023236,9.012462453416862,3.3851537666227363,27.112361151924965,2.3957439462467196,32.84871816913959,4.190881862971576,0.14746387877591316,6.764022976961179,0.7077208633381755,1.2115771837454792,0.7995099852071006,0.5511233243307996,1.0,0.23337294405517983,0.044166676633027875,1.5774433147953335,3.31877464335735,0.0,1.0
3770,chd2,klf13,1,0,0.0001,5.336460482676553,339.4959212660234,406.8970124723718,5.577481594088197,593.1759018386757,73.57326753304174,9.99999705445738e-05,5.2673787308260085,0.016428714587465615,1.4578035317449085,0.6399189493023103,0.6164628273040343,1.0,0.28981369206163665,0.06140572972046854,3.388343838019411,7.744236181492295,1.0,0.0
3771,nfib,tead4,0,1,2.681031605167168,2.3465568821535516,1.9380821680991691,2.2105778924462016,2.5574053466949938,4.664494679368634,3.5489105803321594,1.1249039969869512,1.1382693344880757,1.319554655003737,2.110079312431264,0.8109253604310794,0.7285547931089447,1.0,0.16503229232693994,0.03702026450796711,0.7614280641595034,2.016784004142242,0.0,1.0
3772,chd2,klf16,1,0,7.660872290589332,0.7582423339779827,3.8503937014491973,4.689808540408539,7.842196842118755,1.7637821875003874,1.7455446551591594,2.5624787434929353,0.6527125857630086,2.036725968870959,0.37608831411841404,0.6615759943315729,0.9793508517007756,1.0,0.13781844710820962,0.03229496949614656,1.5604219667690238,1.1431739834754246,1.0,0.0
3773,chd2,klf2,1,0,5.623156341659119,9.535664197439491,235.93333328573644,203.99907537822938,9.560848633929513,4218.739609009971,20.30587069182279,5.49225575069791,9.10983703757304,0.040523517812340946,20.680189854724173,0.6693086986173972,0.34220477212875333,1.0,0.39508919202162757,0.21895869054549483,16.235549933762734,145.03146347066757,1.0,0.0
3774,chd2,klf3,1,0,13.270188992025725,2.0292489278914516,0.8985089414246568,16.773274156566956,7.295560271034803,16.74330020565568,1.1968814015996871,0.8415299359005085,1.810243680943913,8.119630127961907,0.9982129934423363,0.6567617064062051,0.4075303627601171,1.0,0.32782137330802946,0.07697962705007153,4.8516446708350855,4.9786968933182125,1.0,0.0
3775,chd2,klf4,1,0,0.831927274953935,7.1536690623464185,14.633447467969814,10.077686682359293,6.201366350139211,71.06980871676522,2.545683632224272,0.7871754986590247,4.183793574209296,0.42378027212746494,7.052194710634429,0.6461063615552477,0.31361168889234475,1.0,0.2537063680938206,0.09042894487681678,7.0573194695230415,16.803494964488067,1.0,0.0
3776,chd2,klf5,1,0,1.5781349981869721,8.426905539662155,35.74896235114863,33.67346857058617,6.132648298142706,76.24433243021886,5.216492751182283,1.511413762158505,6.740157179934339,0.17154758893150535,2.264225684692857,0.6459308971672435,0.2970623795052772,1.0,0.32628955027631595,0.07858308876523155,3.323615985093663,9.02024891954944,1.0,0.0
3777,chd2,klf6,1,0,1.2178177352036397,9.648892244768177,15.665002718222436,6.267423581876031,6.979971123863072,22.32773679783641,1.7768836641980101,1.129972221459782,3.799478186566689,0.44557739627734416,3.5625064280645025,0.6537409551137797,0.6568941993290527,1.0,0.2602162820980898,0.05338934986911052,3.4297170241223314,3.9553030487942853,1.0,0.0
3778,nfib,tfap2a,0,1,3.0690097723042298,1.5432129390255798,0.0001000000000009188,0.3836836249632181,2.6504900695332614,2.076431619665004,4.806697385836696,9.999674172710584e-05,0.30728454531559296,26504.900695089087,5.411832782449503,0.812456945127855,1.1558188583322588,1.0,0.1618015907621452,0.028206321379625355,0.5574762790820246,0.8216061615245602,0.0,1.0
3779,chd2,klf9,1,0,1.5799098574144599,7.188240069693794,60.35198788048882,66.813477131793,5.525776127574014,161.0736713489814,10.144008458172959,1.5396056644423832,6.4900022820642755,0.09155914033049507,2.4107961187419624,0.6396025886407137,0.2612217880928626,1.0,0.3735239281414655,0.08826287479425987,4.969162111401718,13.412954449611966,1.0,0.0
3780,nfib,tfap2c,0,1,1.8530486867307927,1.6030243958816366,1.8783619140117318,1.582390997480534,2.862371809709077,4.106175749419985,3.7840590285628606,0.932809720075283,0.7963204353412155,1.5238659751121846,2.5949185479175467,0.8204998235983297,1.048728818437832,1.0,0.1079538405961389,0.029326385116877796,0.6154455359850022,0.8212861282311097,0.0,1.0
3781,nfib,tgif1,1,0,0.00010000000551735333,9.560715243097398,4.078802526519046,76.60234924416547,2.4714391682904493,163.0311770561449,4.4674230252430505,9.999755387722746e-05,8.499851443700996,0.6059227315423967,2.128279075834772,0.8073908116616232,0.3346543032497569,1.0,0.25250816318549946,0.06151495380145754,2.5423199106132155,9.44524654670876,1.0,0.0
3782,nfib,thap1,0,1,0.00010000000816190457,10.801985430760407,3.805068788822014,136.3346477307279,2.4681303174546003,53.58884792963683,4.208220642740628,9.999738015715964e-05,10.008961377272001,0.6486427590232061,0.39306844460755996,0.8074979435815552,1.040790034109029,1.0,0.21135182809105382,0.03419899170194809,0.5016971845873284,1.2365721758280728,0.0,1.0
3783,nfib,ubp1,0,1,6.258817072838883,3.9926477946750976,4.524348719023067,2.5677450203575862,2.354643354830721,3.9418079955624874,3.9154668984376286,2.6260442946605886,1.5627267729040102,0.5204380787295181,1.5351243851360086,0.7968435199999999,0.6258225833464007,1.0,0.23122183699985108,0.03880975874294169,1.5322537497427442,0.8489556426231064,0.0,1.0
3784,nfib,usf1,0,1,0.7998534567062311,11.991783210151674,5.490921283330252,3.1965817641490615,2.352056213770288,13.056970245814904,1.4510633341464125,0.6981544484532036,2.523821069223717,0.4283536573199174,4.084666437209281,0.8009844175149713,0.43947171009948083,1.0,0.2740162562479074,0.04411111288873743,1.4670537495218197,2.492579045165596,0.0,1.0
3785,nfib,usf2,0,1,0.00010000000474308379,14.236753726308017,7.350755008778918,94.5273775576213,2.6461111216925435,52.518702880872794,6.361191900317721,9.999864435698766e-05,12.373224323085601,0.35997814082122515,0.5555925091527989,0.8113158748833622,0.7108497563043017,1.0,0.2477080146962881,0.045333412093962265,1.5657542381570253,2.9199759842412725,0.0,1.0
3786,nfib,vezf1,0,1,1.7100041942176682,2.1259435291720816,1.116708380128241,2.787474509448632,2.572221429628075,2.4346444941109215,2.308371504915859,0.6755465805288601,1.2060877681309572,2.3033958331473126,0.8734230522497223,0.8078429342856648,1.1730365802492024,1.0,0.02345663247607139,0.02000896214668287,0.5736392241007464,1.3085947428053881,0.0,1.0
3787,nfib,yy1,0,1,9.999999999998899e-05,10.359824254428215,3.885986754937032,167.5588950878364,2.482593861556864,239.96535808510404,4.20199510885692,9.999742671724194e-05,9.756593976133694,0.6388580348100265,1.4321254503338143,0.8056499994533796,0.4841396396856307,1.0,0.28542673865292445,0.053759952690519724,2.5061651821890143,7.909978719330197,0.0,1.0
3788,nfib,zbtb7a,0,1,2.856859729718203,1.897541567394902,0.00010000000000161356,0.3771765202280801,2.376954349633187,3.6433463785167364,5.655845233255175,9.999649977726796e-05,0.3146359670995721,23769.543495948335,9.659525933145549,0.798175770400147,0.7501242880790057,1.0,0.16946389826066324,0.03211153041691743,1.284375999482409,1.5069849471511882,0.0,1.0
3789,chd2,mafg,1,0,1.4138811277365446,8.304832205840752,16.569806028904164,7.367813129941007,5.299550991983075,20.127857407227133,2.0482023052956793,1.3027215070226474,3.90415596456157,0.3198318062829827,2.731863180057105,0.640232919680035,0.37124326591766826,1.0,0.291347814398967,0.055584586987811956,3.4756907377037134,5.663642184829504,1.0,0.0
3790,nfib,zfp148,0,1,3.184116685280386,3.19677911651635,2.5262318376133948,2.4327006870610717,2.840109106769402,3.0780982404808404,3.9805605021172465,1.4086385292915624,1.381443228233949,1.1242472145599023,1.265300847265131,0.817776860684751,0.827228962474286,1.0,0.1513844141580658,0.03209594976931109,1.2932111685967453,0.5207249870135671,0.0,1.0
3791,nfib,zfp281,0,1,2.9293640408111155,3.2983444861130975,0.89222268562655,0.6260588805241106,2.9243425785802923,3.3259102405484824,4.7491815398566075,0.6839161947023703,0.5261838969240019,3.27759271949773,5.312455975010159,0.8148353071143675,0.5494903946310141,1.0,0.14564586095579338,0.029304138062783487,1.039455764311962,0.3764869830320575,0.0,1.0
3792,nfib,zfp57,1,0,0.7944779635400463,5.784261770156515,11.074611368735777,5.057928050995424,2.7016683151720753,24.36915841804693,2.0088992476676832,0.7412982109170444,2.698382923023452,0.2439515234637515,4.818012073787994,0.813769980687048,0.3288020073173916,1.0,0.23611039120254781,0.049009905211551484,3.461525107072629,6.033194085715543,1.0,0.0
3793,chd2,meis2,1,0,1.7915146621077458,1.4066808403093987,2.8026289622865583,2.428578816938909,4.903058581085423,3.613340588858508,4.046735939927798,1.09290246210928,0.8907441989000252,1.749449765581957,1.4878415984097757,0.6332668405708146,1.7958244777159311,1.0,0.15863303381745955,0.03233779799109017,0.21164976851423906,1.4011262152422055,1.0,0.0
3794,chd2,mitf,1,0,2.092417708226904,9.835337406716109,55.53789542535236,52.99820369691312,7.1122125646429675,32.94633666022797,6.6282093822554415,2.016447066603746,8.295811538765912,0.12806053434636147,0.6216500628708465,0.6550547960069445,0.5392039820653696,1.0,0.256112746542026,0.04694594704018969,2.760713690762983,3.7387987989195954,1.0,0.0
3795,nfib,zic3,0,1,0.43969025900440445,4.567119772094758,6.572817063908208,1.8090111677941705,2.51366154351362,3.9912886689043496,1.4894863325075185,0.4121213004335259,1.295765527757011,0.3824329080017012,2.2063372188968593,0.8062340985678856,0.9717956542512448,1.0,0.16363659548174694,0.027034194900922515,0.7132451213124862,0.6898038029975894,0.0,1.0
3796,chd2,mtf1,1,0,2.194485437364096,10.011094811299222,41.522402527923575,35.157883266393455,6.043217255127323,9.553966251439487,4.750348350237198,2.084327405561216,7.792270662822012,0.14554112689079815,0.2717446377260114,0.6423828254847646,0.8970353505341275,1.0,0.19700449086510458,0.040284172246303575,0.8050826990074754,2.122334471424983,1.0,0.0
3797,chd2,mybl2,1,0,0.00010000000000020759,5.265401731394852,430.42299199011404,596.4481938033581,5.144318995429209,3348.7204882136903,109.38948413106442,9.999997676725335e-05,5.219325897977233,0.011951775558372967,5.614436464062332,0.636874154013393,0.2641028186627829,1.0,0.3948438304353896,0.11758852203178544,6.280239832767333,24.263841424959303,1.0,0.0
3798,chd2,mycn,1,0,0.900520774747393,6.962044457257599,15.076585680030448,9.22282723592588,5.96552984273652,38.05644486250735,2.4635853804979386,0.8497645462621569,3.967268598438452,0.39568175244333387,4.126331751533331,0.6459160693546571,0.5628433623731152,1.0,0.26367896165432725,0.06955094073305028,4.369638110423374,8.956869973763204,1.0,0.0
3799,chd2,myef2,1,0,0.3835312872037942,8.830213751203479,13.106836958201857,4.474124538360455,9.062288762706013,5.552084640313679,1.4394732381011153,0.3726274893542214,2.9695183002237315,0.6914169140583617,1.2409320734617377,0.6612390600653922,1.415207211246937,1.0,0.1298277690603989,0.029998604955451917,1.5461537121638151,1.2160072755894586,1.0,0.0
3800,nfic,nr2c2,1,0,3.707949480693704,4.872428944863397,9.053892245110658,8.427615714348544,3.571171309583257,3.0853337081180077,3.822507730286044,2.630605814569359,3.0874301398932698,0.39443492510216077,0.36609805343461893,1.2206190231834493,0.9370539068369644,1.0,0.010075014031748219,0.01932400903573689,0.26205242431718234,0.20197827516067957,-1.0,0.0
3801,nfic,nrf1,0,1,36.50274417600376,2.90142124733539,56.58303486746384,99.74013653899259,15.966773754569262,34.69138299856044,2.6004662391428255,22.18852404409111,2.8194052936023635,0.28218305702351815,0.34781768104957556,1.2472876864048097,0.4994876700680273,1.0,0.13896443077311896,0.03642280538818385,1.085511150611006,3.018844057711038,0.0,1.0
3802,nfic,patz1,0,1,6.520118972743779,0.0001,40.78460929742188,17.83459888256084,11.486458273775902,8.87284972651721,7.255194702099026,5.621436050902645,9.999943929527121e-05,0.28163708005661825,0.49750766949927455,1.2490690594456018,0.43881531215025144,1.0,0.0658457121979747,0.019303979618539913,0.9697823767492382,0.9905142750331257,0.0,1.0
3803,chd2,nfe2l1,1,0,1.1861279893489698,5.932717389744834,5.1631669486384615,6.427067669614972,5.904354641412091,1.7112385295111319,2.561926287236457,0.9645443929248001,3.0850031732320877,1.143552920164451,0.26625494198564237,0.6433838289898801,0.8384647683356325,1.0,0.1824166105394144,0.022594284852184135,1.201070413033498,0.937142672206986,1.0,0.0
3804,chd2,nfib,1,0,4.368514890561793,0.5723536121146474,6.117929533916475,9.206314456389176,8.386927219928047,2.6409500224069307,2.549696337831918,2.548649016432622,0.5388532769968396,1.3708767277283502,0.28686289556122135,0.6654217933322578,0.8143385599999999,1.0,0.15221159705412066,0.026124370406955318,1.0820533384367164,0.8613450808565879,1.0,0.0
3805,chd2,nfic,1,0,0.8597951704674214,7.625209622861634,29.11640178063118,36.54702205836327,6.922902248566678,9.585211737373443,5.963982824980765,0.8351340122703003,6.308911587204647,0.23776640742648128,0.2622706638605594,0.6520717831759014,1.2328063299129493,1.0,0.1170139345946827,0.02415080937246023,0.3564191061576423,0.8390483853896766,1.0,0.0
3806,nfic,plagl1,0,1,1.113287492820333,11.977182593685168,37.64964856781521,35.14618851506975,4.3688713276219815,20.57071986547631,4.0507684526872865,1.0813134173857113,8.932983940082831,0.1160401622276153,0.5852902045596248,1.2310999999999999,1.026392738558994,1.0,0.09208506760548998,0.01843796803612647,0.5434765176411693,0.04494108005902015,0.0,1.0
3807,chd2,nfyb,1,0,1.282321039217935,7.968977063758098,23.885341429615263,18.590794293672115,5.920655590651032,35.67392337998084,3.511827820356332,1.2169853232110444,5.577970206504527,0.24787820630899812,1.9189025932110624,0.6429863851407198,0.41061560817943665,1.0,0.28135056132378417,0.061317429328390904,3.6505410167905783,3.6531591438379665,1.0,0.0
3808,chd2,nfyc,1,0,16.74538953701941,2.65913399785377,1.1143430262984255,20.725234432482768,8.152170285764557,18.121692669655886,1.1983741935166172,1.0448145282731869,2.356752787961072,7.3156739831217585,0.8743781754889904,0.6641274238227147,0.429058369251727,1.0,0.3260352660675008,0.06646613360053227,4.329587673011174,7.034772469340062,1.0,0.0
3809,nfic,pura,0,1,9.999999999998899e-05,10.07007305272754,7.7038732039240045,68.12073360681133,1.6412561201563385,59.93395312976685,6.246933367726712,9.999870196847521e-05,8.773163919550074,0.21304298197955243,0.8798195491508052,1.1872450938548975,0.684348884572862,1.0,0.1453935235409675,0.027883031471886546,0.7877719829966511,2.1091073418374635,0.0,1.0
3810,chd2,nkx6-2,1,0,1.3055161694675468,6.786855677907232,40.20857808796966,34.83668540270463,6.2321618163223365,232.7112235877566,6.297105823816887,1.2644608965722246,5.680236471637996,0.15499582707668513,6.680062149933744,0.6507483491535654,0.5074621891175356,1.0,0.3292412246423941,0.11254173926116319,6.903846663312649,32.5929574562672,1.0,0.0
3811,nfic,rarg,0,1,3.646918766916908,1.0286704510272229,6.173257662800463,9.345554282422572,2.9819887987071283,2.205810593401183,2.9891168797195404,2.292562601558938,0.9266712246749446,0.4830494629563811,0.23602779746835822,1.2210410918208694,0.8277275182144219,1.0,0.10440576879403217,0.02238533545053926,0.5405411357217639,0.8863482772767822,0.0,-1.0
3812,nfic,rbpj,0,1,1.1289277176173222,12.745696338597796,36.50629194155986,38.559024081610836,3.958323029253863,20.43608749409769,4.1497362174933885,1.0950637518122526,9.579266937459183,0.10842851516090543,0.5299949358377007,1.2304255773750559,0.5814674219442133,1.0,0.09879055668066375,0.023329805469835044,0.6274683879027652,1.1868398395892972,0.0,1.0
3813,nfic,rest,0,1,1.0524455144034486,10.029578931013893,31.49641672688454,29.03084233049123,2.7430766513891913,132.83837179253132,4.024657134826579,1.0184153983097775,7.454275073946336,0.08709170554781778,4.575767050789655,1.2133064087575725,0.2952599453513681,1.0,0.21812580312538657,0.05128761439714383,2.8423025147713856,10.399278438409258,0.0,1.0
3814,chd2,nr0b1,1,0,1.4588597526650047,11.339629972897345,16.589541330124263,5.340478831554946,7.1774085582218,31.895736457759096,1.5961583504438668,1.3409395131832207,3.6306150360218092,0.4326465943448744,5.972448812885241,0.6571288789836517,0.6456845905891243,1.0,0.2985735843683986,0.06503442896681125,3.829247787108131,8.184444192129316,1.0,0.0
3815,nfic,sall4,1,0,0.6364525421216313,17.525398414576433,85.47006123178576,207.07828528972738,1.8918701383108467,234.10944866560038,12.899996848690527,0.6317482309073056,16.157924896225797,0.022134886895427572,1.130535962947796,1.20404996712689,0.5528238690670387,1.0,0.14672067994823543,0.03082659774777023,0.7293754681888401,3.7589875786465408,1.0,0.0
3816,chd2,nr2f6,1,0,1.2847221429139237,9.274749022220833,24.018375094719424,16.544324901962604,7.37164392585972,12.075753394979436,2.9327062213745236,1.2194925400320071,5.943066031661875,0.30691684582278084,0.7299030614145474,0.6581490711074195,1.0296552599334223,1.0,0.18521725244467818,0.04032362601711977,1.82296709233808,2.8173919575441504,1.0,0.0
3817,nfic,setdb1,0,1,15.091387057856387,1.5761785854632453,44.47990884252173,45.537468065640674,12.078959391345059,17.073518776595236,4.083999976977621,11.26823767210348,1.5234478140230618,0.27155989537006114,0.3749334229998109,1.2440031709691637,0.45297051462086957,1.0,0.11924872934230264,0.03772087946700961,1.102369398568294,1.3673386025856722,0.0,1.0
3818,nfic,sin3a,0,1,11.351402570618868,0.5167377622346296,43.0642111194067,11.222721412549841,11.557095398706327,5.047284162750204,5.014457416713338,8.983436253924149,0.4939924286597416,0.2683689100134978,0.449737989317463,1.2422410645462292,0.6104274303819472,1.0,0.15726314569786087,0.024021454633819612,0.7219138041059583,1.1194677295266022,0.0,1.0
3819,nfic,smad1,0,1,6.004241541572891,0.7126862380478655,6.77139511267996,11.164791021948735,3.499248631716368,2.8294395386740283,2.2635919511565508,3.1823926220085808,0.6699228074990653,0.5167692290121654,0.2534252126270582,1.227449863533879,0.9780789977093786,1.0,0.10113304745548754,0.02384921417024713,0.3336874730180762,0.17942909104355054,0.0,1.0
3820,nfic,smarcb1,0,1,20.1950290637251,1.703908428885544,16.89086274922804,37.68497499369188,6.188713069104971,46.357768906874085,1.9112780652101655,9.197876805888502,1.6301997151126866,0.3663941363437941,1.230139303917117,1.2414547815352133,0.3002147145529871,1.0,0.22017538909116022,0.05134453172706114,2.5104692653959937,4.928214876836481,0.0,1.0
3821,nfic,smarcc1,0,1,17.673082412001293,1.0083459436623325,16.58920023964007,31.44589709028076,5.795384952045856,55.255412908081055,1.9940974068627018,8.55699855042511,0.9770168647176511,0.3493468562877264,1.7571581039473445,1.2301117685733072,0.22301908200742546,1.0,0.15591766565052906,0.04978113625441162,2.0167402213217684,4.442859540123521,0.0,1.0
3822,chd2,nr5a2,1,0,13.015547086876325,0.8082234144972255,3.137560008566102,16.348610211031126,8.503926678900134,7.3365841817792,1.2941046497266129,2.5281241428105368,0.7701496590479919,2.7103630386934077,0.448758890638232,0.6645075846951278,0.5296200639856948,1.0,0.22162225396556207,0.04664312421942757,1.8265725337255696,3.3179391587184632,1.0,0.0
3823,chd2,nrf1,1,0,1.5868761316636342,9.059630381339732,35.19284041412639,28.785793942015232,6.8469600361334235,40.58753450855804,4.365730955345968,1.5184097025080787,6.890889929515995,0.19455548218225255,1.4099848901272514,0.6554846126655732,0.4992717886245651,1.0,0.27970041247823657,0.058153204333810216,3.0624851159851487,5.767139953717054,1.0,0.0
3824,nfic,sp1,0,1,17.138572331072286,1.5536705613858088,23.019532747648277,35.73140834208501,7.790532962349074,4.6399123649124405,2.4450261175400105,9.824216711662299,1.4889290539434794,0.33843141160825563,0.12985528923156045,1.2397723632389246,0.9656260532481538,1.0,0.10815343411925672,0.030417649697693835,0.4580308622430188,0.1270823345218293,0.0,1.0
3825,nfic,sp2,0,1,1.7545991005426944,13.407332329816017,40.37789657745962,28.656078386004495,3.261718697285306,22.26643090723964,3.2736753260171962,1.6815291825593501,9.133866218934966,0.08077980711620608,0.777022962015433,1.2268771419000746,0.6022865776882396,1.0,0.17812603299800686,0.03426236791673814,1.0759367028583418,1.601100693465714,0.0,1.0
3826,nfic,sp3,0,1,1.8943732222107312,22.56638634875913,44.88375467466421,22.341185576779456,5.013986054203602,11.902487830541313,2.0605402307274616,1.81765681506976,11.226610649332802,0.11171048613350244,0.5327599016460562,1.2395358017903693,0.564086850794872,1.0,0.11397136592876082,0.020355845935369443,0.5356663882242453,0.7906401022858143,0.0,1.0
3827,nfic,sp5,0,1,42.21372382835927,5.096181718766341,71.6696818798864,155.16312444695666,21.55404496725888,169.8160184425027,-0.31976886086194156,26.566154558941445,4.934125182194095,0.30074146280406294,1.0944354146500523,1.2674858987195354,0.9339136203725166,1.0,0.06482807870588879,0.04553306469252477,2.2612266225695876,2.085609255265908,0.0,1.0
3828,nfic,srebf1,0,1,4.522692647627305,1.1154274833246136,14.751152559069059,1.5397612603780053,5.392003734763415,3.2381409257267486,2.716797581438003,3.4614229027714405,0.6468436685179517,0.36553101279183725,2.1030149342319455,1.2419912568444695,0.5296947833063002,1.0,0.05180791465064591,0.0198404743948891,0.5984301924838537,0.11726128195745983,0.0,1.0
3829,nfic,srebf2,0,1,2.6283805887404084,3.0527007443539356,2.172606970746221,2.3285801483339292,1.883645235905594,2.504837174756527,3.890676340446348,1.1894298658591163,1.3209602869394577,0.8669976950587719,1.075692918085172,1.193733699348708,0.6624494392144498,1.0,0.09144884831159768,0.02009921167087126,0.22736000951555146,0.11369932198809984,0.0,1.0
3830,nfic,stat3,1,0,7.627243928889971,9.999999999976694e-05,51.80303609625301,21.647872566711044,13.387262861697364,5.065113860179736,4.958186889666422,6.64836834684363,9.999953806274401e-05,0.2584262211354381,0.23397744256720177,1.2414134385156508,0.5111877561485311,1.0,0.03989820781878263,0.020612442569390856,1.1144067527209935,0.3418895844381459,1.0,0.0
3831,nfic,stat6,1,0,2.7780470219357163,2.09758306247597,0.7785565398746849,0.8195696813248164,1.7432739441571141,2.3863680517779167,4.554521979241248,0.6081270064034042,0.5893128104858545,2.239110269933265,2.911732957129899,1.1941072290032446,0.9970967934288396,1.0,0.11088275723025728,0.02361402194640479,0.07657680585616078,0.20976498245973835,1.0,0.0
3832,nfic,taf1,0,1,0.8208044355783245,6.365678974325031,2.332558200776565,11.11833323315979,1.368097925506706,15.794348897479276,3.7131098400536917,0.6071531689279926,4.04802623402229,0.5865225249476018,1.4205680443516064,1.1710171047942768,0.4820017616342264,1.0,0.10638004620318031,0.02613608502497433,0.671430277939738,1.793375848713738,0.0,1.0
3833,chd2,pknox1,1,0,0.839289309009202,0.0001,6.752873524010811,0.07475193104827568,7.922962931908666,1.3642087662674303,9.050457609536933,0.7465085613211357,9.986640291225686e-05,1.1732728154521825,18.249813043443762,0.6624547863423261,0.974381456286218,1.0,0.13147728488046506,0.025802636458662133,0.3956180683818803,0.38067028783486806,1.0,0.0
3834,nfic,tbp,0,1,0.4240492726948288,6.345765406023351,22.459698220928427,37.66195141210262,1.9281638913088626,8.50150652619482,7.018650049769369,0.4161913907756579,5.430727283170843,0.08584994652831791,0.22573197105933476,1.1949419489835622,1.152937273210944,1.0,0.07470671957321237,0.01999046501388283,0.08985903703125228,0.33669282697780295,0.0,1.0
3835,chd2,plagl1,1,0,0.9846762904740224,7.572889766531975,31.294262679664417,32.09344241403749,7.401711600365627,19.595719369738482,5.402750840177735,0.9546385188509012,6.127113052038142,0.2365197632592058,0.6105832810620349,0.6554244502563006,1.0352300155022534,1.0,0.16181845112032306,0.03168022202967513,1.3081472163370944,1.4029205494382802,1.0,0.0
3836,chd2,polr3g,1,0,0.8496359296250005,7.1224983730674145,12.014314808859893,5.141796725412832,5.629044725843161,10.283025726712367,1.8436802178830458,0.7935193269121109,2.9861022192734414,0.4685281529074011,1.9998895864337671,0.645322550835959,0.6567585298337503,1.0,0.2167431752389336,0.045981519422368604,2.117604681071458,1.8304611961410464,1.0,0.0
3837,chd2,pou5f1,0,1,1.5718004124406297,6.417453677154812,59.94107536723264,57.07732624206257,5.655744358059296,1590.6345408014677,9.693783699380312,1.5316371701074705,5.768837968102435,0.09435506993174604,27.868063301627913,0.6428156878124425,0.27104388902299964,1.0,0.43585562873146805,0.24428275846381844,13.086515758336194,127.88441137545439,0.0,1.0
3838,nfic,tead2,0,1,2.321503808363742,23.96293027995899,58.6973145955643,38.10358816344373,5.541351606529801,41.20449028064976,2.689854162507217,2.2331805652525576,14.711210641039699,0.09440553873223624,1.08138084276748,1.2284982154596769,0.5395353443184189,1.0,0.13495177697972177,0.03230518800041284,1.1650296445520993,1.3065625530128868,0.0,1.0
3839,nfic,tgif1,1,0,5.4054988132897055,153.62237708433796,245.01436645509906,68.37691014764624,15.724674319467347,160.3525548060882,1.470895208322915,5.2888171059932,47.316473874922536,0.06417858081945993,2.3451272433901877,1.2474404641161916,0.3326373424452013,1.0,0.17873777895541593,0.04235139081716683,1.5046884606147999,3.8362858927616035,1.0,0.0
3840,nfic,thap1,0,1,7.4164615862621535,89.86494838148137,299.541433464596,125.10976681754185,10.960966569670541,49.116220147293305,2.448461318408164,7.237271204299869,52.29909353138966,0.03659248886837573,0.39258501871339624,1.2382320716101956,1.0362841812474504,1.0,0.1536419626810283,0.029403917312440745,0.929643774496736,0.19637646755321247,0.0,1.0
3841,nfic,trim28,0,1,1.0758026304507584,9.90011593481567,29.06496108237953,24.90885682505985,2.6906543983018003,218.9972430674754,3.646157607789037,1.0374044229364574,7.084396660394265,0.09257381734231857,8.791942745728525,1.2214764658287758,0.24278276606095855,1.0,0.2405280522458652,0.08900971377829497,4.014150223100512,15.748712190200315,0.0,1.0
3842,nfic,vezf1,0,1,4.728404132437988,0.15962941042304327,42.23337241032314,0.06865911123217677,11.539329646957164,1.1968526251202967,1.57364388740109,4.252318956671719,0.048009481014184466,0.27322775777519,17.431810631411103,1.2472311249949286,1.1129936223668107,1.0,0.051155714666719365,0.019819519634569974,0.5997282675519675,0.07895665131887858,0.0,1.0
3843,nfic,yy1,0,1,0.00010000000000007776,5.679188320771899,119.65156911848041,208.29929637176863,2.066263699931305,301.947870704378,37.479629711124666,9.999991642414378e-05,5.52845737214809,0.017269006291804383,1.4495866090947669,1.210916862901485,0.4904160793785819,1.0,0.1629606097321346,0.034409309494399444,0.800287506113795,6.44356474174374,0.0,1.0
3844,chd2,pten,1,0,1.9566590054696156,11.970555903824499,23.398886139477284,8.570618773706219,6.6348938268226565,11.230329895369271,1.859468082097988,1.805665822645135,4.994605847602439,0.28355596874453937,1.3103289496229578,0.6518758306504459,0.6447985474189798,1.0,0.2821555237429428,0.049007352652523546,2.0713598749440933,2.6621573317715224,1.0,0.0
3845,chd2,rad21,0,1,8.770248933926425,0.7643580921059367,1.3933645208875234,11.201514268226378,6.560761576816998,13.26357390566155,1.2295539770527526,1.2023434143982215,0.7155322919156695,4.708575163545881,1.1840875785235843,0.6514428896226251,0.37975150510413314,1.0,0.28404594955837476,0.06015970042279055,3.591770243735605,6.878126027761532,0.0,1.0
3846,chd2,rara,1,0,2.139052161146374,13.740980086389348,24.212226588787008,7.425797694432165,7.313046827793525,5.006772677655948,1.6765017288773374,1.9654156484167387,4.820655241025925,0.30203941801784934,0.674240382472311,0.6564210623571315,1.0454240382292141,1.0,0.20276385005556474,0.03281518723701294,1.203825727770189,1.103557600430995,1.0,0.0
3847,nfic,zbtb7a,0,1,2.289882837148289,1.6067557451136967,4.199988126568206,2.450503576575821,2.4248641231414894,3.739022510855365,3.901853203012009,1.481921717862257,0.9704483711544651,0.5773502329214527,1.525818018221397,1.215848710542504,0.7609023140703366,1.0,0.0912755644564723,0.021351356579436025,1.3011685564070006,0.41470105738606183,0.0,1.0
3848,chd2,rarg,1,0,0.00010000000009346977,2.704593292529381,10.438321165778968,16.762526653585255,9.855309693482297,1.8647460135223877,7.043379238169045,9.999904209418426e-05,2.3288404899452035,0.9441470076425683,0.11124492459038365,0.6670545454545456,0.8045408002492339,1.0,0.21902615385813068,0.03701502744536986,2.724410382821387,1.0017484187394408,1.0,0.0
3849,chd2,rbpj,1,0,2.5818975284028562,9.371412782422585,46.64512643894299,35.848555581116436,5.721280689537456,18.55067450290631,5.092399805783852,2.44648014360229,7.429275697484559,0.12265548678545085,0.5174734156563355,0.6443080395451423,0.5766084366246137,1.0,0.2894643275950166,0.04912178317499053,1.811360609460436,2.3750039871593502,1.0,0.0
3850,nfic,zfp219,1,0,1.0913231684641365,10.793051791690457,26.716767776246574,21.297041848423508,2.867485080663379,16.652702111947185,3.0946674443883744,1.0484944010958703,7.1629605777310426,0.10732904162204873,0.7819255946656218,1.2216429772175743,0.5474045067869889,1.0,0.14258795662916118,0.031214057867721336,0.8497178146297608,0.32866669376481006,1.0,0.0
3851,nfic,zfp263,0,1,3.19540618403436,1.5017454158832213,11.19971182260522,0.3576354415250174,4.415660455413519,1.5648945481015188,-5.5741720076571575,2.486094827485876,0.28884743151340725,0.39426554230628147,4.37566965239392,1.2368900253158135,0.828282383594259,1.0,-0.016004869216548458,0.0151881857985506,0.8202171384110425,0.7503271130923879,0.0,1.0
3852,chd2,rela,1,0,8.954151080062339,0.5991727980089565,21.364216985887076,3.992469544854964,18.6506815092477,1.5969174263670438,3.8941066662742125,6.309654470278509,0.5209855144475893,0.8729868977443965,0.3999823689137385,0.6759707985703737,1.056566214944809,1.0,0.156665373654606,0.03241900969275085,2.308907677266304,0.5532669241671584,1.0,0.0
3853,chd2,relb,1,0,0.18733572641604107,5.959741732921981,67.50940086224952,107.8602546362241,5.937767474146567,72.7149434883535,18.85187876498043,0.18681731628048215,5.647683020427063,0.08795467591635668,0.6741588338873873,0.6470398054987972,0.6632246940385523,1.0,0.1874531139536418,0.045714364747802654,0.7817888464694214,3.7712745126627327,1.0,0.0
3854,chd2,rest,1,0,2.09726225968185,15.02953622963006,36.25924641404623,18.42162052403362,8.38881701965588,95.86657336660936,2.3544303992553184,1.9825878761684586,8.276796378473113,0.23135662897853804,5.204024979319153,0.6584041659170612,0.282215773004713,1.0,0.3851031489314172,0.10507652187373895,7.13648464640778,21.11985332539072,1.0,0.0
3855,nfic,zfp410,0,1,0.0001000000000000031,12.358571674709214,12.32569836293656,10.161180263565692,3.8642141340941163,1.5327400490951184,1.8222117629716788,9.999918869352984e-05,5.576334718566929,0.31350873762364884,0.15084271800501053,1.2320499111030947,0.8369656921959827,1.0,0.11462217448977381,0.021191649212567172,0.22457401917195927,0.6442142756153866,0.0,1.0
3856,nfic,zfx,0,1,2.745950460545577,2.1077172469530514,2.152572641824149,2.0700167648394387,2.002605903674938,2.6379149026088653,3.578818096040239,1.20666121474764,1.0443484492834094,0.9303313926622587,1.2743447045529004,1.2060295262328216,0.7870550345840097,1.0,0.04196638243917788,0.0165658050501583,0.1390271206898598,0.07310736671510765,0.0,0.0
3857,chd2,rfx7,1,0,0.29964859720453985,3.2835834402697115,5.776807323459026,8.21001852481211,6.243188754888456,1.7253948642035166,3.6818880051857503,0.2848720098353611,2.3455032594900462,1.0807334233799875,0.21015724373691386,0.6502051188122306,0.8769463273180913,1.0,0.1981379711243318,0.032708165052755624,1.3743542145318417,1.6015226573484758,1.0,0.0
3858,chd2,rxrb,1,0,8.141953219992219,1.9399063592544967,0.19993770416415058,12.94692975876291,5.562299036390194,2.027259615517035,1.1780712867548722,0.19514561494722354,1.6871168039156412,27.820160582735806,0.15658226724717642,0.6404353756290423,1.1270019199963064,1.0,0.27776453082313957,0.03888393776431432,1.1939851148367002,0.7100725946765822,1.0,0.0
3859,chd2,sall4,1,0,0.3703491554671311,7.2581894736364365,105.07045521161709,164.4096974969472,7.793096832016039,177.94371909755048,23.338457952488515,0.36904834504768746,6.951310211796194,0.07417020147405241,1.0823188766030944,0.6603679098735178,0.5379368405863245,1.0,0.19491480678488726,0.046264210433691146,1.8162780185726284,3.535259078580415,1.0,0.0
3860,chd2,setdb1,1,0,21.57753889091645,1.7241460434270024,12.903077698520214,35.085847474832875,14.913424111131365,14.339225895295932,1.67471045879946,8.0745847490915,1.643388637762414,1.1558036353483097,0.4086897403741346,0.6766272396254689,0.4489193812372965,1.0,0.2871149547171305,0.0554375253249406,3.605151146222572,3.463442544292527,1.0,0.0
3861,chd2,sin3a,1,0,4.686918194572862,1.8350243687772363,3.4320271571423997,10.680250090859976,6.347192261251854,5.283496083651269,2.029883907378768,1.9812463109732021,1.5659679893213834,1.8494003603796365,0.49469778691538496,0.651901645398446,0.6231860821890247,1.0,0.3054680170680799,0.04851218700253846,2.65764577538836,2.4525842458226332,1.0,0.0
3862,chd2,smad1,1,0,11.994130836982798,1.6397621627315997,2.9282373274241738,13.447906656538972,8.404696597372265,2.1440782862947705,1.3958425736292417,2.353625191384503,1.4615490814044203,2.8702238437638736,0.15943583942503228,0.6638551845694322,0.9549175228579506,1.0,0.2772392778574717,0.04893382494123313,1.9971987077248983,1.2151278880452414,1.0,0.0
3863,chd2,smad2,1,0,4.365835842732664,1.1647249374444217,3.325057464114855,10.16589979985995,6.115332674735464,2.3312248432633846,1.9634390128705144,1.8875122143553387,1.044997719276251,1.8391660116356494,0.2293181016101989,0.647643213296399,0.7729663532658294,1.0,0.20606221136187183,0.0406575765583205,1.4846126396969535,1.641042089996609,1.0,0.0
3864,chd2,smad4,1,0,3.2815908382292043,22.810027117786994,43.87597978215447,10.881054611892711,9.124477346820562,5.907457921296734,1.5875000576461327,3.0532322038067803,7.366850158116119,0.20796065163954996,0.5429122573137383,0.6691640463672086,0.96193082472277,1.0,0.2501882585653776,0.04347998441160003,1.9112058828362235,1.2851129119714915,1.0,0.0
3865,chd2,smarca5,1,0,1.5217305745919791,8.33135954698039,35.44027136814289,44.286490337527624,5.470761646729107,230.07404632008664,6.5442755313629615,1.4590807228540865,7.01219595414233,0.1543656816253036,5.195129362624741,0.6429428622222223,0.1684975186351694,1.0,0.34025778919753535,0.12231409748189111,6.534133097428441,35.95410171315646,1.0,0.0
3866,chd2,smarcc1,1,0,2.089110928705299,12.709106861151096,22.51421007180809,7.5893025791047055,7.0942581951190045,43.47072195313423,1.7453559049337535,1.9117208734219147,4.751764307609504,0.3151013592079037,5.72789416419109,0.6584604409595326,0.2191099628918267,1.0,0.3261021205492499,0.08271412308278864,5.403141830443677,11.029425089905256,1.0,0.0
3867,chd2,sox2,1,0,0.13962212105233507,4.601619851341276,198.4083603148376,209.41552430045232,5.001847231158992,1051.2137267343785,41.09175542253839,0.13952393654072237,4.502679622322803,0.02520986123378057,5.019750709723806,0.6296735369322363,0.3702201157611908,1.0,0.4128581091121136,0.12540237531326195,6.580624251607983,28.04088202926023,1.0,0.0
3868,chd2,sp1,1,0,8.058657626206651,0.21241696715149647,6.29654166295637,12.47603007550801,9.25498531709361,2.3057395874477833,1.8116678584039156,3.534724420664574,0.20886090014170877,1.4698521525780206,0.18481356437046711,0.6648481858141659,0.9451256277169445,1.0,0.14543570899097275,0.03164198282343506,1.0701505163579415,0.3911156138773998,1.0,0.0
3869,chd2,sp5,1,0,1.0387359275469594,9.268590965527093,28.20505652727953,24.70604327671908,10.16159225415037,197.86448445579285,3.7949210949263446,1.001840154577583,6.740034576259813,0.360275550035584,8.00874839567062,0.6686907725919021,0.9506186954275395,1.0,0.14883713677470578,0.07761160795164875,4.631071063498522,13.364218228828548,1.0,0.0
3870,chd2,spic,1,0,0.0001000000000000018,1.440477884910856,11.235657487975345,7.7484495539227645,11.010549792540349,3.9295268269324426,6.37913398471309,9.999910998435214e-05,1.214665182532978,0.9799648845048978,0.5071371762294126,0.6720094499181186,1.8584391236153317,1.0,0.15711483347164878,0.03811371090654196,1.850056362084564,1.0873785067392714,1.0,0.0
3871,chd2,srebf1,1,0,5.34688970436945,0.7268047904541308,3.2053722216564413,11.070983347110207,6.497749938548409,3.368389078869938,1.7044892760181871,2.00400454042347,0.682029854909634,2.0271436479818763,0.3042538294260165,0.6496446664645813,0.5347630011688728,1.0,0.22519101059166383,0.034830288858629446,1.5736397176557357,1.5401783379388703,1.0,0.0
3872,chd2,tbx3,1,0,21.32709869476884,2.050145748921464,3.9128383681606786,26.08816093144003,10.309689579150021,23.20059564898364,1.266777631618936,3.3062479453249214,1.9007729512060205,2.634836558300345,0.8893151077208952,0.6689113801712798,0.34702678221937544,1.0,0.28957730412346117,0.06155161453505688,4.908607795495069,6.781289400218472,1.0,0.0
3873,chd2,tcf3,1,0,1.2007474926293062,7.256433312920165,16.881348717181588,9.70767588093427,5.126216936022475,24.715005057775027,2.504087992031195,1.1210114640004305,4.152478733098604,0.3036615747890503,2.5459240049737266,0.6364053951997642,0.41760852662975173,1.0,0.2911215985529038,0.06264696729476359,3.399856423183267,6.817461956506557,1.0,0.0
3874,chd2,tcf4,1,0,1.2937858616740756,7.665221039682333,27.602822591049055,23.715698640037424,5.9257240632983414,25.010458670123192,4.285824394600747,1.235859276323884,5.792885423426953,0.21467819255629003,1.0545950616820507,0.6432700352086866,0.5463088155759871,1.0,0.2503470637409021,0.056649951203172184,2.394675656116954,3.3894434409688525,1.0,0.0
3875,chd2,tcf7,1,0,11.244377450471804,0.9108972590096079,3.231104208375138,15.524539592255943,8.209029525035636,5.261250445518072,1.3628878837606313,2.5098823069955096,0.8604128195645241,2.5406266699036006,0.3388989679373503,0.6621741138550131,0.5915348595213321,1.0,0.2529117096447877,0.04172189549484193,2.6661921609212618,1.1684486677076822,1.0,0.0
3876,chd2,tead1,1,0,19.632524701025375,1.4076169419406717,0.0001,18.6137660784839,7.00035001465051,3.210286129061789,1.075627852195078,9.999949064375486e-05,1.3086534760693518,70003.5001465051,0.17246838256835278,0.6556879698865632,1.0475415558428918,1.0,0.20391004633124524,0.0334284958921567,1.103579400054219,1.1798358059351433,1.0,0.0
3877,chd2,tead2,1,0,1.3023786947025209,8.231397290180054,22.46178137322709,16.695164862761924,6.321407798101559,21.07613979225345,3.2038128427767254,1.2310027125694896,5.513176424701154,0.28142949541999573,1.2624098034074023,0.6509203972979563,0.5250094523624595,1.0,0.23865161858030004,0.05375209493093781,1.9013344917115014,3.043068910439486,1.0,0.0
3878,chd2,tfap2a,1,0,8.380797809555052,0.11118159485560321,22.827575169198198,2.8704277100379056,20.252368085032906,1.8986738645260364,3.8680305831053436,6.130191154332723,0.10703573073640166,0.88718875898654,0.6614602617882905,0.6783714091236511,1.1389560924861144,1.0,0.1984396842982974,0.03685711999916708,2.9076538603843476,0.9099766565845978,1.0,0.0
3879,chd2,tfap2c,1,0,2.7587187003068725,1.1536377740491859,8.165191687955824,8.45364392515918,9.130100209853572,4.083989172900815,4.499973671689691,2.0620333013127494,1.0151095039951472,1.1181734071621428,0.48310399740711985,0.6623086734693877,1.049308970764801,1.0,0.15892583480755382,0.03861976163779957,1.3355978485429016,0.9051628537924891,1.0,0.0
3880,chd2,tfap4,1,0,5.056060724193464,1.1695237962919112,4.416854702780382,8.338568213960011,7.332572050154339,4.026428659934921,2.1363542482435527,2.3574458950206294,1.025668866341901,1.6601343135735327,0.482868108363505,0.656878460397533,0.6220835813475839,1.0,0.21850684559577463,0.04149486438317744,1.7472275364297039,2.141345628999226,1.0,0.0
3881,chd2,tfcp2l1,1,0,2.021284295709927,14.284604863544937,30.693437474571866,15.80791271446443,8.570367480388375,37.338051323344665,2.245370399287491,1.8963989235288026,7.503851622190191,0.27922475244060035,2.3619849120991097,0.6665309494096162,0.2907264146343191,1.0,0.2870481442878219,0.07464074707240252,4.3671816746631205,7.305616809194843,1.0,0.0
3882,chd2,tfeb,1,0,0.0001,5.21100240796856,6.552201640421055,1.9943880016251687,5.274479769511668,5.8092624620725815,1.3621595959577615,9.999847381873594e-05,1.4423591350518294,0.8049935058428271,2.9128045582598685,0.6383285232618824,0.8823913686982616,1.0,0.1896125095803279,0.03374415226708583,1.5200727246520793,2.188743505273684,1.0,0.0
3883,chd2,tgif1,1,0,1.0759701154356909,7.48524149045959,62.838393226582795,77.13138129873627,6.50856246291038,158.33683729282282,11.267504890235575,1.0578566331325732,6.823092159469608,0.10357620761310356,2.05281993692776,0.6488694674123663,0.3285112513671946,1.0,0.3024182052687815,0.07860189250740626,4.494009238102953,9.290732330690028,1.0,0.0
3884,chd2,tgif2,1,0,5.852341627767789,0.5966394505276547,12.210729473322221,1.9321200126550182,12.53741602576605,2.656671549740901,3.812576089163146,3.9562132043992437,0.4558674083034764,1.026754057008434,1.3750033809184772,0.6707219938894966,0.703890711514722,1.0,0.14321736489505196,0.0305114016143845,2.1083267430242216,0.7412916336095028,1.0,0.0
3885,chd2,thap1,1,0,2.9687094449086215,11.337656897175158,73.66311940889395,56.86336341699852,7.706891748009854,22.468291897927696,6.257871573669502,2.8537019356254563,9.452898233361598,0.10462347793378049,0.3951277333554826,0.6578841095261635,1.0288525796597972,1.0,0.23975702860698836,0.03585163878490608,2.671926990606063,1.1495851371741368,1.0,0.0
3886,chd2,thap11,1,0,1.0671964939160912,5.593189783578142,59.960194098135446,64.63905885333897,5.1290393908531176,59.66016953031605,11.936470665738359,1.0485342449557835,5.147756630542532,0.08554074028610613,0.9229739818099821,0.6343049163561982,0.4946429267701454,1.0,0.2967336320287411,0.049958082649563536,2.801702256917852,7.857117191274333,1.0,0.0
3887,chd2,thra,1,0,5.823188600436227,1.551749122612767,15.117495317592478,22.090672513371796,14.485772254462121,2.0390534283371324,3.8486907739201834,4.203875419979102,1.4499014618018902,0.9582124518738755,0.09230381859596463,0.678692046277795,1.2343394095514852,1.0,0.19383253838077338,0.0349064319457712,2.349065054845412,1.1531558298122762,1.0,0.0
3888,chd2,topors,1,0,1.92217940150251,9.71129116450206,24.222813181776072,14.603826168397578,5.431967047401102,26.537038897721448,2.70248589917912,1.7808608052247819,5.832668051541364,0.22425004918453562,1.8171291955766449,0.6382978723404255,0.2846115125893646,1.0,0.3112198895334886,0.06953121476668292,3.097187260258101,5.979167000954625,1.0,0.0
3889,chd2,trp53,1,0,1.5897014570157293,7.3384993194875205,44.512439949227456,41.299742217107806,5.892068111513734,357.294095323483,6.787829575361904,1.5348851156191514,6.231272360601693,0.13236902129459643,8.651242747357372,0.647607850862117,0.27265421741656776,1.0,0.40127520067449074,0.14853109288635466,8.308256592971464,40.301627287120986,1.0,0.0
3890,chd2,usf1,1,0,0.6926213105262369,8.119085859898185,10.835323686168703,1.89915434520965,5.700655303640514,10.257163653731078,1.303137183307559,0.6510072778488935,1.5391323100931669,0.5261176748155114,5.400911031587998,0.6418811689350082,0.4324780989616858,1.0,0.21819250313488703,0.04353798000522714,2.390802787319676,3.021962990673123,1.0,0.0
3891,chd2,usf2,1,0,2.078704469142471,9.505644716636363,35.6176719376898,24.200527941885454,5.967503823236292,14.895493842225466,3.75285650331906,1.9640777415387614,6.824910763412752,0.16754334291348272,0.6155028467971911,0.6479179112821166,0.6814668405853234,1.0,0.27184544703312624,0.04526124885648431,1.9657785543465782,1.753452446554001,1.0,0.0
3892,chd2,vezf1,1,0,0.41302659476054576,4.277671629389287,6.149445951888399,7.1461112956970005,6.654020732124597,1.2650999753767933,2.8499287954772052,0.38703167184591925,2.6758839651034845,1.0820520717124527,0.1770333434547217,0.6517728308571087,1.122742419119807,1.0,0.1535896143560975,0.03235725937352556,0.9282158882720386,0.3543016131599894,1.0,0.0
3893,chd2,xbp1,1,0,1.8879384022362944,15.139344956495515,44.9102450738887,29.693318308207907,9.720407268068545,23.290161029820354,3.085823093000976,1.811774945753909,10.027006116429009,0.21644075315278324,0.7843569650274629,0.6636273911946728,0.6973137112506586,1.0,0.22223665190887856,0.039863487687482976,3.1050398126273246,2.648219233189111,1.0,0.0
3894,chd2,ybx1,1,0,0.029632045761948618,4.977866837913461,139.91870312438976,179.64716949412437,5.422410789885559,10000.0,35.57887386958002,0.029625771602738573,4.843653414055634,0.03875400978427421,55.66466773820817,0.6416352450213606,0.28240495070432,1.0,0.4159233500280566,0.26903059660128514,13.49106140919924,203.05538785278532,1.0,0.0
3895,chd2,zfp219,1,0,2.160790207505378,12.943508047422206,49.228232495088655,37.73132311170842,8.148635040574929,25.172168388100133,4.086922776072914,2.0699339491976008,9.637440780072328,0.16552767847978073,0.6671424777120776,0.6599482070156347,0.5479354553927747,1.0,0.25381302089258945,0.043495464617375065,2.079804319820692,3.9482302330027723,1.0,0.0
3896,chd2,zfp42,1,0,0.4415359513396386,6.33583781213062,106.84933252404295,140.41141695279302,5.803239290176076,1541.054971637301,22.228389045191342,0.4397188908656605,6.062286931428085,0.0543123588429553,10.975282531016768,0.6424391989924132,0.24832665838956944,1.0,0.37860526725039073,0.16790907242764025,10.17586598370964,67.90106666451693,1.0,0.0
3897,chd2,zfx,1,0,8.132326498935248,0.5170719559683614,1.9895783161647467,8.908993038046948,6.886119099281912,2.3761701170771548,1.3168892480408447,1.5985035186377314,0.48870769072950526,3.461094767335466,0.2667159023392912,0.6548899497798994,0.7775974025974027,1.0,0.18423569715222549,0.0311407356063935,1.1263466849278991,0.7005058526660446,1.0,0.0
3898,chd2,zic3,1,0,6.2647175699359465,0.6816730688047253,11.746790620892385,14.65168887726795,11.850608124844852,6.556428860569629,3.00883435272616,4.085739229241023,0.6513680271336344,1.008837946235955,0.447486219199065,0.6681362159656689,0.9938051852493077,1.0,0.0886405949726536,0.028446671374505208,1.8507476665964224,0.7889896176425034,1.0,0.0
3899,clock,creb3,1,0,2.096524598829609,1.9463513608731993,0.17437649453132098,0.00010000000000065512,2.0333207343200774,1.4765864813659764,7.249327654701694,0.16098658427326157,9.99948624461284e-05,11.660520758747438,14765.86481356303,0.9238046759331479,1.078038182521944,1.0,0.07921405608756436,0.017461769589213076,0.5123750607472265,0.43940440815778153,1.0,0.0
3900,clock,cxxc1,1,0,1.7523220056534772,4.344515197344662,0.00010000000000010001,0.00010000000000021103,1.513706727985255,2.5387892645119043,12.224004032009965,9.99942936120452e-05,9.99976983003951e-05,15137.06727983741,25387.892645065465,0.8847132580193539,0.6728690903714905,1.0,0.15361173520745225,0.021271289851297594,0.3849065232918151,0.3948654399518317,1.0,0.0
3901,clock,e2f4,0,1,0.5945095048430817,5.4131772342236175,0.30472048224508674,330.957617589996,1.5123249316860778,1851.9111966592368,1.517664479735572,0.20146038901759752,5.3260635839900115,4.962990740050466,5.595614357344876,0.8853053622193904,0.3808093056734663,1.0,0.23300104261307888,0.07063942071070457,2.129856304148255,11.838180412450074,0.0,1.0
3902,clock,e2f5,0,1,2.4272922551342915,2.202052916770977,9.999999999998899e-05,0.29303770563619674,1.6939137335399164,3.120295064132621,6.441497851897091,9.999588035266835e-05,0.2586216823649935,16939.13733540103,10.648100923935143,0.9023796646836127,0.7841573482984237,1.0,0.1305492858311788,0.014710731904192814,0.2822282286271844,0.3566662514316568,0.0,1.0
3903,clock,elf2,1,0,5.008330108259728,3.3514850361385844,1.911596467590456,1.0641258332144914,1.579751103372863,2.707292560364672,4.493910478459036,1.3835271282918156,0.8076802762081656,0.8264040712337788,2.544147013315646,0.8911046284633857,0.8345786452171288,1.0,0.10341539594239088,0.021684655656628204,0.3739793038985485,0.19306299472036098,1.0,0.0
3904,clock,eno1,1,0,0.6796779160435089,5.9805188142563175,0.46309057591283087,19.748154317237276,1.553767444587736,759.0383047771155,2.070892893999364,0.2754297478371906,4.590373076663146,3.3552128361174143,38.43591115320509,0.892296799442908,0.2892039721177678,1.0,0.26969137344043626,0.16698660365892543,4.314502423151202,81.53388666794541,1.0,0.0
3905,clock,ep300,0,1,3.3200627405935585,2.71468927201833,0.4268932904803127,0.3750300043827441,1.6265302127964747,2.5867109016966956,9.293589419467342,0.3782570428313432,0.32950887718469385,3.810156423321641,6.897343869736828,0.8993027959547887,0.7959392333722863,1.0,0.1458259785026933,0.020910517559491255,0.3870510692529898,0.39002970311774104,0.0,1.0
3906,clock,etv4,1,0,0.8152466355131425,3.2232345249528827,0.9942558977631359,12.645891906123328,1.6894926231136536,25.726813430237872,2.4243810144985485,0.44794840603118247,2.5685519343281595,1.6992533078402172,2.0344008648200265,0.9021962484682815,1.3630971557366034,1.0,0.09818159515732348,0.03005753586107185,0.3136603848728319,3.159724564586755,1.0,0.0
3907,clock,etv5,0,1,2.263946593548553,4.107423849356283,14.25218669874036,10.703854380149176,1.7163606124261153,11.184291848073505,4.002342821487668,1.9536164401322522,2.9683641127933504,0.12042787880247253,1.0448845295219378,0.9040514199985784,0.3937071145555338,1.0,0.15520314674748814,0.028681769245077388,0.2941031870590202,0.5735694027166841,0.0,1.0
3908,clock,ewsr1,1,0,2.7154293619733787,1.6077130512858582,14.785201279705188,10.029324680071106,1.6141747921330636,43.89754517014349,5.248149715975501,2.294098452771359,1.3855997166946947,0.10917502992324835,4.376919341076937,0.899520452476447,0.24309495529988964,1.0,0.2508922984775601,0.06022340940595979,1.6782205299770219,4.590467661258661,1.0,0.0
3909,clock,foxm1,1,0,1.8569104392691678,2.0496532074228955,0.49278880010122494,0.7324672586654867,1.701500595715592,2.536822949631231,4.190815772158858,0.3894390617873653,0.5396257582500661,3.4527988366742153,3.4633943287146742,0.9090576171875001,0.9679463047186866,1.0,0.08102300909140948,0.018961008444368578,0.10510365141187644,0.5488025980406583,1.0,0.0
3910,clock,foxp4,1,0,2.0889126834080933,2.195710873479889,0.35604458450038723,0.6531865522305034,1.7761551054954192,4.650700144702831,4.32149669289344,0.3041959293864695,0.5034259226745329,4.988574978574031,7.120018207389001,0.9116320100819155,0.5927322896637345,1.0,0.10345747266967495,0.027678759415237376,0.6462020444403466,1.3690510393780044,1.0,0.0
3911,clock,fubp1,1,0,2.1208824598918246,1.383250869638387,14.03077842986265,13.801301402136682,1.5831624270968596,97.08701632084421,6.953767560666067,1.8423883508723544,1.2572423489978453,0.11283496742613427,7.034627640681295,0.898322790885322,0.22965220906948683,1.0,0.19616304019416209,0.0714489152338644,3.0917355317384,10.208793267709936,1.0,0.0
3912,clock,gabpa,0,1,2.372113413558745,1.8254398400016107,12.400249120806862,12.371960445410245,1.5985915833090945,9.753215013651678,6.242987249146889,1.9912046703773372,1.590732742753036,0.12891608609917,0.7883322175726749,0.8958624545708697,0.556571258076464,1.0,0.12267834446979578,0.023126429563343993,0.5984792708331195,0.3575531657013201,0.0,1.0
3913,clock,gtf2i,0,1,2.0345325820552187,3.5589723196257186,12.033658105355137,6.253681500296514,1.699781538627424,6.0532111798213615,3.184531584828891,1.7402998040513948,2.2681610666957286,0.1412522712333832,0.9679436312089691,0.9081731818091665,0.5703500667785095,1.0,0.1561707489893321,0.027905946805239133,0.5800512197904465,0.9283969973794323,0.0,1.0
3914,clock,hbp1,1,0,2.663797497933225,2.165827661811669,0.1731316834881262,0.29554690348407653,1.6284029718090651,2.27936322466778,4.939231624370169,0.16256582938653916,0.26005942693719397,9.40557464122819,7.712356982249985,0.9023499534362327,0.9942275426524648,1.0,0.09705803635991726,0.017138482927568973,0.1427515573292607,0.15920138523897134,0.0,0.0
3915,clock,hes1,1,0,0.7400347252421697,5.531535099686671,0.6801964999815269,19.681326012069718,1.6216722287750789,40.787215679348755,2.2369176060948632,0.354427519290199,4.317952855948444,2.3841231597326966,2.0723814876261737,0.8990634755463058,0.7059031235616136,1.0,0.216887286696924,0.03753465989382669,0.7173391537179534,9.798556431234125,1.0,0.0
3916,clock,hif1a,1,0,9.280168851926017,5.0650288808269055,3.3108803399694433,9.999999999998899e-05,1.5911758465600632,5.158930093452691,3.776540736735302,2.440267537292754,9.999802571656298e-05,0.48058995891550355,51589.30093453259,0.8972851695703392,0.4609575907206633,1.0,0.17439175692986517,0.03048177651038667,0.8454296566563875,1.0562441289643367,1.0,0.0
3917,clock,hmga2,1,0,1.3837346257305927,1.0425588343358467,7.910467436617143,4.689656680523215,1.609383415044848,14.311094094631393,4.359935254692654,1.177722156709436,0.8529412387946149,0.2034498502067142,3.051629377064492,0.8972670875378078,0.6082536997035243,1.0,0.19218207277000857,0.03960773046181965,1.065220552402934,2.435882632230344,1.0,0.0
3918,clock,irf9,1,0,7.735209143452869,0.15541537970242408,2.2118833498053396,0.013187539417365814,1.847819048618335,1.0854814628224905,4.87871032912762,1.720038325094651,0.012156055521401855,0.8354052887919949,82.31114451821774,0.9134323849381635,1.0247400082507743,1.0,0.10429936117264176,0.014478465102347002,0.449033613426458,0.1333750485566283,1.0,0.0
3919,clock,jund,1,0,1.1445456099836475,39.53377488824509,122.36572825934877,474.6307303429227,2.5460292556418445,2049.1760721682413,13.127350854717609,1.1339393291270548,36.49404861190139,0.02080671844853199,4.31741128663899,0.9450355701940248,0.8615333709299818,1.0,0.13969727196229972,0.05625245410339998,2.1945075357057053,11.475207071333099,1.0,0.0
3920,clock,klf13,0,1,0.7943847238490412,4.631975044919137,0.7148831467261422,365.307136354344,1.6416290408286658,576.6622523560279,1.8340274623631672,0.37627001950287053,4.573978493174172,2.2963599692433956,1.5785682648057326,0.9021326690421382,0.6313901925320545,1.0,0.1481996409711014,0.027795296064044756,0.4690702262956433,2.503802341366975,0.0,1.0
3921,clock,klf15,1,0,0.7717291506102274,4.932452645485114,0.6164967665734321,24.855273322484084,1.6021550146878258,68.94134437818171,2.026657034531439,0.3427169311079237,4.115703856869487,2.598805219357124,2.7737109740739547,0.8919657936359006,0.5878539333241316,1.0,0.1854209704893155,0.04271930762175022,1.387786901705511,3.9994083095108555,1.0,0.0
3922,clock,klf16,1,0,0.8337395278296142,1.0442742092065238,0.03679965303918162,0.04690337253166654,1.5804997388255537,1.5053231848214434,9.264065913773797,0.03524404877280885,0.04488726956945216,42.948767401223904,32.09413531628527,0.8958820987170897,0.9656775623268696,1.0,0.09399752883826158,0.02196440671408271,0.1247541959247748,1.0640828712989152,1.0,0.0
3923,clock,klf3,0,1,1.0949486450431103,2.7276922396504615,8.679277744618192,5.5726946946212665,1.75090363430838,18.02957839485871,3.3380869478186863,0.9722880387213769,1.8313117439980429,0.20173379465751887,3.235342932434601,0.9081208059373768,0.4125221473699762,1.0,0.1770637674704851,0.03727644710568819,1.3819278552184349,1.8785138210696422,0.0,1.0
3924,clock,klf4,1,0,0.8345311192126086,4.550700928671512,1.157119149263084,7.9232153446309805,1.710493736567747,60.72386798457031,3.1443532879496487,0.48485015365469947,2.8905263300545334,1.4782347502044901,7.66404361655003,0.9056165138153971,0.3108796034856222,1.0,0.12452286399324257,0.055541917874978385,2.4440526582889968,6.66939133216666,1.0,0.0
3925,clock,klf5,0,1,0.7951758913747848,6.797580550446275,0.8166486763741208,33.153350560577294,1.6638669292723722,76.57632903087519,2.253694612160359,0.40288462663325764,5.640984194496622,2.0374329591273668,2.3097613887005504,0.9038886377156453,0.29991901285551215,1.0,0.19377241607638038,0.04015690354993306,1.0623082039203555,5.309820576071662,0.0,1.0
3926,clock,mafg,1,0,0.7145666019145958,6.212164131541689,0.5560785203294143,20.346175966783754,1.5934064596443462,36.598516447764766,2.185878518234265,0.31271920988272556,4.759099555429632,2.8654342892087095,1.798790913217002,0.8957264727692021,0.3855723484530007,1.0,0.17711886284649583,0.03460838414655496,0.8440056868239979,4.720360359075024,1.0,0.0
3927,clock,maz,0,1,0.8415220494845506,7.2564818322539875,0.9360415955221277,62.92369094708938,1.6792602960268739,108.19899092704964,2.1600095190215143,0.4431344239511662,6.506176917112328,1.7940017880190204,1.719527085879798,0.9102913258400234,0.36191345441636286,1.0,0.24033337331378263,0.04738838279821559,2.5015446140424684,3.1227764992679643,0.0,1.0
3928,clock,mecp2,0,1,1.144417797164463,0.4987420235614271,0.0001000000000000445,0.0001000000000000445,1.6752560379004935,1.229018640354838,11.073866298097998,9.99912626959809e-05,9.997995357346516e-05,16752.56037899748,12290.186403542912,0.8982160683237616,1.1326224911800686,1.0,0.15695979773542257,0.013115557566913115,0.4739489679811808,0.005965697003786564,0.0,1.0
3929,clock,mlx,1,0,0.7338489752114763,7.2827956020548665,0.5762486368549712,46.29325163938695,1.601678550619202,28.15903296603691,1.9723313265218536,0.322784705298419,6.292817533268127,2.779492129232244,0.6082751150294832,0.8977157269966803,0.5580269208559296,1.0,0.16708608331537825,0.030621471947543555,0.5203591582233362,1.1405649964685907,1.0,0.0
3930,clock,nfe2l2,1,0,2.692809925237557,3.3351302192416137,13.304757648446074,8.738455635045588,1.6151048226011628,13.797972977072956,3.98052908548693,2.239539435204664,2.413855155350887,0.12139302836454136,1.578994453177306,0.891788166539372,0.31965827147972403,1.0,0.17912125637575915,0.02897352720538681,1.0361792164747923,1.0201462081386403,1.0,0.0
3931,clock,nfib,1,0,2.8083138392115066,2.526357403841375,9.999999999998899e-05,9.999999999998899e-05,1.613888855653149,2.351905765736752,11.009155885173087,9.99964392712031e-05,9.999604188853032e-05,16138.888556533268,23519.05765737011,0.899520452476447,0.7989010504588464,1.0,0.1655141691842772,0.018888289310501905,0.4527119429748577,0.34375856292804513,1.0,0.0
3932,clock,nr2c2,0,1,2.886548400649004,4.737553312937221,12.425676059185125,5.942507838056354,1.6508119883812755,2.4664331975566287,2.7779557239531867,2.342397438707085,2.6360286984611685,0.13285490306670167,0.41504921234791964,0.9000984158468512,0.9220437840676127,1.0,0.10551572246574634,0.011969310139693698,0.05072323275765134,0.9193536675013474,0.0,1.0
3933,clock,nrf1,0,1,0.7891230058832941,6.225557475184873,0.7361275943949994,50.746966620135396,1.6416145045225037,67.19820042127907,2.0329972214895093,0.38085231364382444,5.545272258893854,2.2300678809244965,1.324181619056934,0.9021326690421382,0.5085453699759805,1.0,0.20795420074928153,0.03248133186353696,0.6866604368512277,1.560953465036211,0.0,1.0
3934,clock,polr3g,1,0,1.3263319782472096,1.956327279755772,10.862499014093192,6.348750929064607,1.698319852173567,9.77408437543589,4.019839317050799,1.1820066924485444,1.4954988168218606,0.156347066174196,1.5395287174820629,0.9061933586402654,0.6592226632296755,1.0,0.1781610216992154,0.027888198764368575,0.7269131762635297,0.9453954193368932,1.0,0.0
3935,clock,pou2f1,1,0,3.039469105468881,1.975392108036968,2.9527409417116295,2.6921797649396004,1.6068906033456194,3.4292585585939857,3.41803298525041,1.497738697095314,1.1393741340906405,0.5442030422127535,1.2737851324987288,0.8978508266051516,0.8487420174840348,1.0,0.10055880391498018,0.019286320214334386,0.35550525245798936,0.254880793000597,1.0,0.0
3936,clock,rad21,0,1,2.4031987211827492,1.4968299574408783,8.271867329879603,4.851553904263367,1.5650153995132174,14.261970723400395,4.137422398237877,1.8621843550075017,1.143905501343009,0.18919735255666828,2.939670671466208,0.8941774133548269,0.38667883383447355,1.0,0.209155399651897,0.03651446146887889,0.9028875624694273,2.481325197126796,0.0,1.0
3937,clock,rara,1,0,0.7852884514385459,6.967035997468449,1.7309255926597227,65.79923461871553,1.8326786935820376,22.79849567959804,2.72174243039359,0.5402067766862904,6.299974319317454,1.0587853697200018,0.3464857275575874,0.9161834200444239,1.069354283415118,1.0,0.12745763083886089,0.02529320373710781,0.28351896082005884,0.8005912380706446,1.0,0.0
3938,clock,rarg,1,0,0.9631780469256056,0.9442170823650573,0.08828241135424622,0.08535220914242952,1.6683909286667755,1.9284365111813893,7.881068209424422,0.08087006969826929,0.07827643516045071,18.898338899830346,22.593867581837927,0.9022899240894071,0.8048704056704064,1.0,0.10521588323509963,0.01451396473748895,0.08071784575618349,0.16295625304063743,1.0,0.0
3939,clock,rbpj,1,0,3.3846347121572347,0.11290403640252135,21.70334486624515,22.621964373050158,1.5664040974699498,11.591916749880735,7.449309427327317,2.928011567238795,0.11234334164914059,0.07217339571957648,0.5124186635043213,0.8922462254278367,0.5606242496998799,1.0,0.12401854033667946,0.027132994776377428,0.609878701454901,1.6041142848595433,-1.0,0.0
3940,clock,relb,1,0,0.7129025434134297,4.925194228310223,0.47298356506972816,126.18137596814692,1.567206973477315,88.43181011878347,1.6858502817767658,0.28433690564286546,4.740172698494963,3.313449111590747,0.7008309224739084,0.893587768989132,0.6697094114676528,1.0,0.09353490704762497,0.023204100659218487,0.6132383821443178,1.495479016320669,1.0,0.0
3941,clock,rest,0,1,0.7827366471505396,6.425156266100934,0.6860025721540697,34.60171834328224,1.620298177974409,151.31885835073044,2.0906577195521834,0.3655920303665289,5.418922341707034,2.361941840664856,4.373160224284303,0.9006719906129743,0.2955416329990075,1.0,0.2297648920205835,0.05413880752511784,1.9308642884070322,16.041480716362283,0.0,1.0
3942,clock,rfx7,1,0,1.2327987569420824,0.6420346325169769,0.09816748228643646,0.014232979634668103,1.7587564841830143,1.7045976701234742,8.68251379235875,0.09092698715258263,0.013924298076215593,17.915876451341127,119.76393656683705,0.9101906650169198,0.8755852932231316,1.0,0.12103638537445509,0.02103505139990549,0.663092253514402,0.33128639149833966,1.0,0.0
3943,clock,rxrb,1,0,3.1371019990695035,2.045319683705514,3.4348032982820125,2.5573980451879126,1.7163152888232942,2.3827739971073822,3.770323976498487,1.6396049251947518,1.1364365292395178,0.4996837197873149,0.9317180802538311,0.9040514199985784,1.1268197922760235,1.0,0.11831368702580597,0.014818997111762284,0.6442132359244741,0.13944694674550134,0.0,0.0
3944,clock,setdb1,0,1,0.7833975069479217,7.1236479503896355,0.808892377956686,13.037030748702216,1.6374196964505066,16.56106292634734,2.7714803637584033,0.3979704187585209,4.6065521284431075,2.0242738602466916,1.2703094167355498,0.9023499534362325,0.4522877197937999,1.0,0.17353120017935333,0.03708896301928176,0.445904720939773,1.2155523284778715,0.0,1.0
3945,clock,sin3a,0,1,3.2995670400440136,2.272960226678202,0.038242132155939856,0.13531565442281035,1.6381843233403812,5.258089813827694,6.4249434603413125,0.03780398228086223,0.12771256937945463,42.837159723740314,38.85795650367361,0.9007167816162112,0.6190990211454221,1.0,0.19250767963325455,0.024491238960252817,0.4716209805819368,1.9200518821170918,0.0,1.0
3946,clock,smad1,0,1,2.9495063579762912,2.37103244917068,0.23755371151695887,0.30720067228597364,1.5637363820474361,2.1689889726586804,9.031475028667051,0.21984718430222225,0.2719639140303568,6.582664493271037,7.060495527300034,0.8961163208035509,0.9622802734375,1.0,0.13380945281956946,0.01693855872358403,0.04426081025208543,0.2602414581161168,0.0,1.0
3947,clock,smad2,1,0,0.8103211426006176,0.29665988283412403,9.999999999998899e-05,0.00010000000000000286,1.5663049647196974,1.835627692345962,13.232435113254365,9.998766073651925e-05,9.996630272291641e-05,15663.049647198699,18356.276923459096,0.8898375411550826,0.753190477576887,1.0,0.15977524719608283,0.025325849673656288,0.37468548888350606,0.6182341719219775,1.0,0.0
3948,clock,sox2,1,0,0.7658642859015802,5.855343271053563,0.6520083717740408,140.8245598397128,1.6340539008089938,744.5394277504541,1.8420154899293948,0.352182492092896,5.621602696545673,2.50618545949482,5.286999857112229,0.8964805177443685,0.37792469307124615,1.0,0.24784143124965255,0.07087060431596545,2.2632590013903418,16.661988832458164,1.0,0.0
3949,clock,sp2,0,1,0.9884433417370695,3.013774616746335,6.374690546201896,6.221070844934582,1.7419148436889853,7.549369739415777,3.539325474553783,0.8557525262916607,2.030234883652494,0.27325480838075117,1.2135161176572589,0.9089891350670437,0.5782335594392883,1.0,0.09919657532641775,0.018255068727817614,0.5800111260937567,0.37922177836613746,0.0,1.0
3950,clock,sp3,0,1,0.7855729667567816,7.893753372843533,0.8440832052671856,28.963176862953667,1.6809637393336887,13.36412861594105,2.425467759934868,0.4068888635127168,6.203125805310551,1.9914668706168575,0.4614179127923944,0.9037119426901685,0.5687690284879474,1.0,0.10062294951371724,0.02490041797817828,0.08375830192951372,0.3569311905670534,0.0,1.0
3951,clock,sp5,0,1,0.8035191343504382,4.003588972636217,1.3210745901577332,19.09963486012153,1.7495753917615253,156.54358450769266,2.6068572386915427,0.4996290344129834,3.3098016130086214,1.3243577651074419,8.196155877018509,0.9133086799194536,0.9366495395819472,1.0,0.14552899214892792,0.0651615181837747,1.9531392740658637,11.08740533507406,0.0,1.0
3952,clock,srebf1,1,0,1.0878861390467855,1.9713882869803323,9.999999999998899e-05,9.999999999998899e-05,1.6343911709748757,3.3443040678993134,8.619960110340205,9.999080870642273e-05,9.999492768986368e-05,16343.911709750557,33443.04067899682,0.8988422618511485,0.5314310179017019,1.0,0.11600102779207937,0.021764231714691395,0.5170449082444857,0.547248946813283,1.0,0.0
3953,clock,stat6,1,0,1.5169158419446291,1.6098725461251018,5.842968397641938,4.05865047196786,1.6042225203636595,3.565457185284665,3.945237698560968,1.2042704800561872,1.1526653324479086,0.2745560836870314,0.8784834293838395,0.8971299500192236,1.028252361114612,1.0,0.10667393060446499,0.023428255664945243,0.22188380403828603,0.3802005854509215,1.0,0.0
3954,clock,taf1,0,1,0.5259588784362017,6.400150150908914,0.23744035961853216,33.82524862409175,1.4714234015987733,34.321871881656094,1.6920133217792994,0.1635891929348477,5.381840247176239,6.197023134410419,1.014682028300322,0.883657834032534,0.4896961583230837,1.0,0.18168869224799794,0.03416204331159064,0.6134114695634717,1.2784135701990027,0.0,1.0
3955,clock,tcf4,1,0,0.7404026746024056,5.242259629303203,0.5631691124732217,33.0532494238788,1.595854258005044,33.61327514334157,1.9528720805520265,0.3198687799649698,4.524648434140393,2.8337034518755253,1.0169431365818509,0.8951443966590202,0.5568005588378906,1.0,0.11946967164728496,0.023428064010399253,0.5164967692391125,1.1338461784533358,1.0,0.0
3956,clock,tcf7,1,0,1.592185762238728,3.310704335860463,10.418759782739784,5.476705647235998,1.7269698813188472,6.265450379071524,3.052145836765579,1.3811236529333066,2.063378534450322,0.16575580177784963,1.144018098221801,0.9053993149450155,0.6028393007567476,1.0,0.15281489746611435,0.020658620010933895,0.46242571406413435,0.7763130278667459,1.0,0.0
3957,clock,tead4,1,0,5.567255584532043,2.895882273044851,1.8955979424062714,1.0283018704736306,1.6901978920628422,4.152195918275828,4.444222648774735,1.4141076456606159,0.7588433797027356,0.8916436625360046,4.037915360752332,0.905315434903068,0.7217712357572497,1.0,0.21672706113721255,0.03081973556267732,0.32711674198473784,1.0636090483091811,1.0,0.0
3958,clock,tfap2a,0,1,1.5097296247559853,0.9845320405444741,0.6087121676782352,0.4034723791470934,1.901866211338246,1.960874280203068,4.716947977900841,0.43380507114962413,0.2861889192206546,3.124409716652109,4.859996325766317,0.9291397295946947,1.1474150474799125,1.0,0.08441189089516214,0.023999683640091578,0.5469224803121296,0.629676676953504,0.0,1.0
3959,clock,tfdp2,1,0,0.7990980979449781,5.57792889643349,0.9752786243107359,10.514423898431957,1.6769470235070865,11.826785476063582,2.907622035423188,0.439220873379328,3.6445080244032066,1.7194542992185895,1.1248153574850013,0.9053115844726561,0.6321463405383178,1.0,0.12406606174839686,0.019710109328019264,0.459742597775324,0.8531732590926651,1.0,0.0
3960,clock,tfeb,1,0,1.0057779938066624,0.9852925355107582,5.772434107757485,4.6485214305215194,1.61036631390616,7.1346968128205965,4.873236005479624,0.8565366662016559,0.8129756314762211,0.27897526136192935,1.5348314339211624,0.8976535797119141,0.8933872748383659,1.0,0.12459789676191321,0.02180185620753248,0.5429225352491396,0.8315781386065472,1.0,0.0
3961,clock,tgif1,1,0,0.796056025190376,7.237538710701189,0.7340400806285134,81.9622330443066,1.6460206168669613,169.99157760991517,1.9733679912948787,0.38189563825000866,6.6502954301604245,2.24241245172549,2.0740232579805657,0.8998794555664062,0.3321668335228609,1.0,0.2647596019238892,0.04807975879080278,1.4230009558740384,5.329811984996739,1.0,0.0
3962,clock,tgif2,1,0,1.5676759378559972,1.9502933073005218,0.0001000000000000445,0.10212749695970447,1.6430663347577463,2.913148183467166,8.586853407293098,9.999362153756236e-05,0.09704568059261018,16430.663347570153,28.524621382002348,0.9008314098750743,0.7108193324625015,1.0,0.13408575557766644,0.020512557362395607,0.14581894468431378,0.1886863317621737,1.0,0.0
3963,clock,thap11,0,1,0.7477111391496117,6.727014495915192,0.543395395091577,63.267830637202906,1.5780076814073225,59.44887905673683,1.8395261768362872,0.31469346571882184,6.080499399807896,2.90397691195264,0.9396383352802925,0.8974148166664063,0.49476259891711777,1.0,0.1990003491117307,0.02677955434692959,0.7468442535418744,2.8466142955879135,0.0,1.0
3964,clock,trim28,1,0,0.7296989648738992,6.549163000714799,0.5297577268034965,19.55633251163506,1.5792310937933975,182.69169035373866,2.1741940188830355,0.3069289062791195,4.906155075826311,2.9810440016086504,9.341817554239583,0.8887495791128708,0.24165842603498852,1.0,0.2406638378392364,0.0862769017730517,3.0612272937238982,20.45175185504761,1.0,0.0
3965,clock,trp53,1,0,0.7478437641551694,6.319150073490809,0.5797479752906474,46.795349657897475,1.5916897152527982,404.18245012407255,1.9247498719189764,0.32657698539437985,5.567346745713232,2.745485595624254,8.637235389390026,0.8997328500679593,0.27644955970430474,1.0,0.252745361162981,0.08876707334423259,3.0516381009970734,25.476938895350862,1.0,0.0
3966,clock,ybx1,1,0,0.7177721013399828,6.02247732517249,0.5103170340561556,38.062227827961514,1.5718035766328464,1777.98902141527,1.900380477504875,0.29826119238968896,5.19973771500095,3.08005312724851,46.712689269047786,0.8975734016521647,0.28629455564328643,1.0,0.2519954316041909,0.19191736085655528,6.712648717722022,90.63634242102074,1.0,0.0
3967,clock,zbtb7a,0,1,3.620606099341484,2.3335867268431163,0.7422238096230601,0.7523275546853698,1.619309509047263,3.862664171851748,4.169081517445344,0.6159534312066538,0.5689145697794754,2.181699762325912,5.134285123276056,0.8983554206333507,0.7625192106063511,1.0,0.14847291545754296,0.02834563046036029,0.5544876027362984,0.9037744728593521,0.0,1.0
3968,clock,zfp219,1,0,0.7496086973235925,6.573546974375184,0.6253193521461401,34.987855826516025,1.625419763879836,24.170691244189143,2.065574249485678,0.3409231669644686,5.53384386254012,2.599343452751431,0.6908308804071113,0.8945054073274455,0.5541953240607356,1.0,0.13674329283857997,0.027590737019261465,0.7560992597961056,0.5257193854942563,1.0,0.0
3969,clock,zfp281,1,0,0.9307382648425319,1.4877936302957153,0.14692679500755385,0.3293392391011441,1.6177656911466,3.3871923198893055,6.211381828413618,0.12689507653076218,0.2696494188142424,11.010692032473907,10.28481249040919,0.8992604691431976,0.5538228587568286,1.0,0.09106837118476238,0.016650900068701336,0.3260671348258986,0.3898409331645357,1.0,0.0
3970,clock,zfx,1,0,3.268980972126532,2.8082621745375542,0.400919064644677,0.32593958789816857,1.568907083874538,2.492211627428847,9.97191223473081,0.3571205701938639,0.29204367978130663,3.91327632489868,7.646237891812866,0.8940192676357108,0.783333898804941,1.0,0.13057376553965402,0.021219467990479465,0.09101883896047834,0.4547625714235182,1.0,0.0
3971,clock,zic3,0,1,1.281546416017658,1.5455386663232915,8.137908364154757,4.798044978395959,1.654208785686181,5.020643695519778,3.9203118386233218,1.1071879998739964,1.1689865622001188,0.203271984847177,1.0463936286812878,0.8995258497680448,0.9896416220893011,1.0,0.1418143400739961,0.029582275630645513,0.5220216148876626,0.5794187237790804,0.0,1.0
3972,nfyb,nfyc,1,0,28.358401231988076,3.223868346959645,11.700994675672012,48.8821279164735,31.87875505896411,24.35571885378841,1.4984296495364084,8.283237784986488,3.024403259180062,2.7244483005572557,0.4982540632315727,0.4068421563534165,0.44003843130404413,1.0,0.4943491404267353,0.11911822094214541,11.98339562011266,13.701631046497102,1.0,0.0
3973,nfyb,nkx6-2,1,0,3.74522149417335,14.298990536397977,134.3544011666,139.447004509464,26.653326379921335,834.4125916468275,10.974687446418411,3.643652179426755,12.969127405335547,0.19838074635806757,5.983725463175493,0.4015438367346938,0.4955442766821713,1.0,0.29353579123740237,0.1584314790368124,17.299300748498904,24.96547964960829,1.0,0.0
3974,nfyb,nr2c2,0,1,20.11464340621925,1.4805961246786297,22.54239722213047,37.272122955849476,42.84892020725786,4.3286581523526,2.204938267440859,10.629717274459784,1.4240280970298325,1.9008147086145717,0.11613661388378903,0.40907727752308953,0.9381802160008299,1.0,0.17455352594481852,0.04156467387652842,4.23352508260891,1.7620522964034353,0.0,1.0
3975,nfyb,nr5a2,0,1,6.516918103449991,0.3237927090010109,11.320516016527645,13.127977714450616,25.44242504136201,5.144062968677277,2.80460521773706,4.135957855388962,0.3159988116104166,2.2474616001794234,0.3918397090981463,0.40323693164838803,0.5170498355017116,1.0,0.21902205162956456,0.053958556076392696,4.138924739106159,3.0380014858087248,0.0,1.0
3976,nfyb,nrf1,0,1,2.592903783788056,21.239192286256653,27.721393164565995,3.102216402334316,18.490425335741676,16.47967312466467,1.253257059136976,2.3711222909354746,2.706851173886268,0.6670092381712073,5.3122255147204624,0.3877184792495712,0.47824043223637996,1.0,0.44349571616148026,0.10807049889659986,8.874789101304914,9.602256311372955,0.0,1.0
3977,nfyb,patz1,0,1,18.21760192089815,1.137687832897506,9.461065867509243,26.684729120980812,26.53098385621119,10.074765812827156,1.5841125380407095,6.227103596144489,1.0911665832422852,2.804227792908902,0.37754798885726343,0.4001652892561984,0.4378214343505883,1.0,0.3186334937497304,0.06575354192156971,6.3461699040465245,6.246623374273444,0.0,1.0
3978,nfyb,polr3g,0,1,10.229469023918211,2.4077607619385604,5.591143137223966,20.116620730726844,19.146232066234337,6.705890375116233,1.7316818098372415,3.6151840995763505,2.150381357819574,3.424385961211601,0.33335073842066415,0.392283498267952,0.6361186883352756,1.0,0.3756025891977167,0.0761565410215977,5.6531286162511325,5.490505548701031,0.0,1.0
3979,nfyb,pou5f1,0,1,1.5126452015750669,7.738664767657447,89.62764255820825,90.41814358279214,13.245821359369,2291.1829221937437,12.210744565517963,1.4875399976955404,7.128549856704268,0.14778723372944416,25.339858035194037,0.36721677131200225,0.2625169847065226,1.0,0.591259322378085,0.33123881122774923,29.19057335528724,235.726110966722,0.0,1.0
3980,nfyb,rbpj,1,0,2.7859012606863174,20.296050659577677,56.167408752068674,30.226485280403566,20.776577005005098,16.01038702341675,2.6127473100860117,2.654250538570555,12.142665942992995,0.3699044956251411,0.5296807377666435,0.3947876407771588,0.5699138825265767,1.0,0.34661772287060966,0.06065883425774704,4.2024753878559675,3.8834756601859777,1.0,0.0
3981,nfyb,rest,0,1,2.596402142469611,30.252019599691526,48.330317227075845,12.960440463558651,26.53916757448428,87.51836456108806,1.4969275707661716,2.4640295064766446,9.073297339478561,0.5491204920048897,6.752730727567993,0.400710218675226,0.27862303240628944,1.0,0.5049298458380505,0.15470971853620472,17.136047787123715,39.871843496868536,0.0,1.0
3982,nfyb,setdb1,0,1,2.3264467103749125,19.745310552062644,46.40730344811828,21.532720776457737,20.249282639245376,24.35081845338266,2.19532339825843,2.215387038615361,10.300158342780389,0.43633827295919825,1.1308751321387134,0.39346372701449345,0.460205570080756,1.0,0.41616507671937286,0.08780415205486647,6.161953453035146,6.891243962011671,0.0,1.0
3983,nfyb,sin3a,0,1,3.415284945977951,2.484688068262761,14.531719165703658,21.353376773945428,28.04659831003127,5.259553712595906,5.318824469736795,2.765361917619615,2.225704176850733,1.9300261717295026,0.24631016294403665,0.4029912190082645,0.6176639999999999,1.0,0.3743637179497734,0.07515662042801542,7.463457483554377,5.050678951961876,0.0,1.0
3984,nfyb,smad1,0,1,9.507678313986645,0.47083219873729565,11.913091200543327,3.076239840395468,27.26819699236402,1.9130596190348041,2.597828247377121,5.287664328917843,0.40833474818593996,2.288927074705882,0.6218824663518009,0.40382883699606253,0.9437936398269269,1.0,0.25244185302224914,0.04621410713637601,3.0199693317399467,1.058375916498101,0.0,1.0
3985,nfyb,smad2,1,0,1.017177516668912,3.768288845610707,15.070738555099876,10.720995730722745,22.223363317433158,1.7642362364687185,4.104095856195249,0.9528652654238706,2.788254203517466,1.4746034665907506,0.1645589906740672,0.39665894571073734,0.7447057584596432,1.0,0.2373333337905625,0.0479427739371599,3.8214537857065505,2.2940982901302687,1.0,0.0
3986,nfyb,sox2,1,0,1.2673008133026753,7.564146403192309,220.68026623660685,240.45319278164067,16.36985392460035,1143.772542021272,29.353019291632904,1.2600646386838452,7.333451601784543,0.07417905644109146,4.75673676356608,0.3796646824173227,0.3551482323625183,1.0,0.4839667353943291,0.16877843677947144,17.294648139010615,32.040931382457174,1.0,0.0
3987,nfyb,sp3,0,1,8.981069696956977,0.35149956536822835,19.21064990545125,19.31320353762393,37.17128317306864,4.893221053400868,3.196145758726522,6.119959624951695,0.34521663580621254,1.9349310593870563,0.25336143969427005,0.4121813227694103,0.5461640324801998,1.0,0.21416375549350075,0.055176839818875056,5.529205089122633,3.2978844384561965,0.0,1.0
3988,nfyb,sp5,0,1,1.99922557401299,17.933964364366986,45.12990229111193,27.311510720973093,24.439956816724067,211.79800696131798,2.633370435686704,1.9144180870756973,10.825472803260693,0.5415468586453681,7.754898992045642,0.3994650323980976,0.9275298829713999,1.0,0.2941535331466675,0.13113463194383035,10.76381680568709,23.78988519942759,0.0,1.0
3989,nfyb,srebf1,1,0,8.768515929818474,1.0397591459814635,10.73197005989463,1.7164426733858191,25.54418749718712,3.1965342582305207,3.5409846270012935,4.825697702004064,0.6475167949114389,2.380195560985186,1.8623017871753933,0.3999368556717409,0.528848589891495,1.0,0.3224305075859697,0.062320262273975004,6.078761219799029,2.7872979206515023,1.0,0.0
3990,nfyb,srebf2,1,0,8.519355890451223,0.8264007266327613,15.989498984218242,1.7470251848196188,32.294503247009715,2.5843682011351388,3.415671902054548,5.558000692123345,0.561019796900177,2.0197320303084316,1.4792964770006884,0.4068694881370514,0.6634598738496333,1.0,0.30607794295843194,0.05947986816587034,6.027886228652568,1.7048959177709986,1.0,0.0
3991,nfyb,stat3,1,0,8.351624144144585,0.6621014661486978,11.050649489087304,21.268862891023467,25.658383466129738,2.5238714104444435,2.3938196304110466,4.756703921723189,0.6421124522441227,2.3218891786829188,0.1186650844182951,0.4032050675354543,0.4897608666930903,1.0,0.18436552482214202,0.04929409611923848,4.508142277635608,1.4549923053134295,1.0,0.0
3992,nfyb,tbp,0,1,10.00489707560703,54.59259783088533,28.47206224096624,19.532171778875103,34.57119182088244,1.0556589130901288,1.834895888455712,7.403393025613799,14.385366784971286,1.2142145352274707,0.05404718558905314,0.4016423742093493,1.0867022645710134,1.0,0.2684002862354417,0.04289952428726268,4.93967552441833,1.0449531165244474,0.0,1.0
3993,nfyb,tbx3,1,0,12.92125221446097,0.9341386845305587,10.81298536404605,22.009093746493328,26.829306859796677,18.301986547921288,1.9140577374721683,5.88674106838122,0.8961050253868483,2.4812117982704427,0.8315647504040149,0.40223618866070615,0.3397843549184379,1.0,0.3183075835115867,0.09331431520891116,10.849341911780362,9.425555125259812,1.0,0.0
3994,nfyb,tead2,0,1,4.10210849982089,24.50364717313085,95.114339329546,59.72293160766443,27.27729640606408,59.145951350200576,3.5855526879007584,3.9325066393184613,17.374914966781414,0.2867842703670103,0.990339049977416,0.40337328353921287,0.5343128489245696,1.0,0.37262340515386816,0.09003158979009224,7.319383336985068,8.688392711853965,0.0,1.0
3995,nfyb,tfap2a,0,1,12.201915300375603,0.5436295924287858,18.374706275103303,5.46908503212491,37.410188970839165,1.969975653632228,2.7549733902040847,7.332615510992043,0.49447822699437116,2.0359611963717685,0.3602020524568131,0.41808782497425173,1.1463877706198187,1.0,0.307767470034127,0.05763811524017477,7.316206394492952,2.077998893697274,0.0,1.0
3996,nfyb,tfap2c,0,1,4.471297526561113,2.406849968904054,12.924442091779932,17.168329118622484,26.652165781578034,5.003104401674083,4.435842454382999,3.322021783783691,2.110917719859919,2.062152129454707,0.2914147537075822,0.4010017300187045,1.0736638588953589,1.0,0.22679704339618081,0.05231215077309288,3.8433158424340377,4.795734094163355,0.0,1.0
3997,nfyb,tfdp2,1,0,14.934430715641279,1.8565434991934073,11.383756765219326,28.511569054164436,27.442752442184403,8.046883661967208,1.8769987619469322,6.459788570832135,1.74304438862665,2.4106938516140786,0.2822322281415049,0.3992342989476252,0.6175584175854681,1.0,0.3285478267641193,0.06614544541810899,6.3657434545243365,3.5861393212168218,1.0,0.0
3998,nfyb,trim28,0,1,2.04086800138719,17.980189058210247,30.53725638265336,9.051188030035664,17.846651328511516,129.11404117063773,1.6038730089242617,1.9130171113240848,6.020487652189062,0.5844222252608547,14.264872273361554,0.3879594538557801,0.22654218691979722,1.0,0.5566648224847711,0.21294473418665247,21.016911422890466,60.0753030620415,0.0,1.0
3999,nfyb,ubp1,1,0,10.37062372966989,1.1437950302767306,7.903614998845456,21.948141922421183,22.346236063713253,3.933529395873701,1.8539457573376648,4.485298593002494,1.087140316816979,2.827343698671753,0.1792192436962235,0.3992694166532675,0.6227827122769766,1.0,0.3826961367492322,0.0679076400692831,5.12882329585227,2.869253401356696,1.0,0.0
4000,nfyb,vezf1,0,1,0.0001000000000000098,2.485861243935873,13.660127273094446,9.001506556942301,26.047447642631226,1.2655394069157901,4.6209584845363505,9.999926794776793e-05,1.947921984810732,1.9068232031728842,0.14059195523662185,0.4025261202319625,1.11791708927179,1.0,0.12166947031647997,0.02824580291840625,2.2236286383283312,0.6730768028003584,0.0,1.0
4001,nfyb,ybx1,1,0,2.3715419863172347,11.653301597424193,56.47362324232334,42.471539281136224,15.274005122563258,1842.6783942055474,4.839636913386928,2.2759655465024626,9.144297673972083,0.27046263805358917,43.38619285748315,0.37823809667764724,0.2691803857951294,1.0,0.6197203409049894,0.37638151933263025,32.84077357451229,389.3537702673968,1.0,0.0
4002,nfyb,yy1,0,1,1.5526001461333745,12.036106760284117,35.51077308152499,23.90303910627252,15.480691142814996,39.78913190249712,3.116495743429245,1.4875610791556688,8.005185533528847,0.4359435123328548,1.6646055644052329,0.37835478966692954,0.4553632648583417,1.0,0.41446539420420203,0.09002838422584644,8.465190531787151,10.344432639528467,0.0,1.0
4003,nfyb,zic3,1,0,6.39633914681261,2.110472756632418,9.70155424113075,17.677178756221206,22.732728873493404,3.596078524317785,2.8172076796597016,3.854816880819118,1.8853780679780139,2.343204842077327,0.2034305685262249,0.3982632273105874,0.9646714868437178,1.0,0.2619181768011932,0.04769113249778973,1.9394265143484573,3.087638733426694,1.0,0.0
4004,nfyc,nkx6-2,1,0,4.067378486668405,8.788151587472134,343.08457421002515,359.39122356644964,26.03408279522796,2158.0360645892442,36.104629862711306,4.019723367273852,8.578385333476778,0.07588240554147078,6.004698843710729,0.4424529002752951,0.5082811723965603,1.0,0.3801707270061064,0.15566239073358681,20.203904179773573,38.6807335059372,1.0,0.0
4005,nfyc,rbpj,1,0,2.949502414308281,30.92343989906501,73.70666295208295,28.451196475223252,29.279914284932232,16.379838872547797,1.983893179978672,2.836014289114054,14.817924251558889,0.3972492188931039,0.5757170489055599,0.4458455857775812,0.569236850179451,1.0,0.3247974196474213,0.06910679448081393,6.627632999771422,3.381297184465269,1.0,0.0
4006,nfyc,rfx7,0,1,0.00010000000000000006,5.499146299090028,11.878408201354302,12.609930275330248,22.271925705063232,1.622266192320081,3.2930982193081424,9.999915814344447e-05,3.829231773381329,1.8749924508002618,0.12864989392477783,0.43431852076308564,0.8809567030796585,1.0,0.212061052232566,0.04431120169073947,4.158929594062373,1.5842538919225313,0.0,1.0
4007,nfyc,sall4,1,0,4.999831875672779,10.456130787207362,187.27156272085222,166.66309998243773,21.032664735304497,180.2241825505124,16.24430061593631,4.869816077756237,9.838859186805161,0.11231104407803696,1.0813682366972874,0.4346168364317905,0.5362793051104742,1.0,0.37563521458739363,0.09842788592028645,8.243278352078041,8.542774074699269,1.0,0.0
4008,nfyc,smad2,1,0,3.4302314978271866,5.309401763259143,9.051242649848339,9.749690772878798,17.475101784824595,1.757269297002747,3.911207760612588,2.4875152778142593,3.4374598108439383,1.9306853722585158,0.18023846478198371,0.43020171031375504,0.7377298211448142,1.0,0.3327293672396775,0.05280471090319923,4.308630273586163,2.054195311196156,1.0,0.0
4009,nfyc,smc3,0,1,3.2381354657203807,28.98751953781126,55.19448808444434,14.63780771115836,24.997821139893652,80.98241723297308,1.5851818034406584,3.058689110973802,9.726316426152405,0.45290430272038124,5.532414336283459,0.4413017128377823,0.2477104870260709,1.0,0.5811649961211398,0.17409573819998878,19.436318049082608,36.71873654783764,0.0,1.0
4010,nfyc,spic,0,1,0.0001,3.609249039419245,11.045507283900033,14.681868713297895,23.833778129120784,4.083823541707252,4.92724349423939,9.999909466272491e-05,2.8970630043906516,2.1577803098152835,0.2781542064879239,0.4409596463675726,1.87421720014179,1.0,0.25372512285238197,0.05535902654370088,5.244686857407329,1.8929701584746912,0.0,1.0
4011,nfyc,srebf2,1,0,11.191705809808001,0.9883193137034755,3.7128284014378345,3.334068162011213,19.175634168300135,2.655735776525858,1.7265195577892587,2.7879357115259125,0.7623388639341492,5.164697124400943,0.796545135695077,0.43055703554895625,0.6746901751969205,1.0,0.34501057659304385,0.06373476961884747,7.948956823217181,2.4004982412794362,1.0,0.0
4012,nfyc,stat3,1,0,14.649440494515002,2.138448953325545,0.05016673973346474,14.85158627932048,15.884369291177107,2.744373632218802,1.147870792914535,0.0499955309565648,1.869293306302974,316.63148483578084,0.18478656627003537,0.4233148235294118,0.4917255592971616,1.0,0.24670866014443327,0.04226271953731761,3.3990410389654215,1.7509451380545134,1.0,0.0
4013,nfyc,taf1,1,0,2.565317207440674,20.47614157869618,45.49133812204789,18.290146126321336,22.112367630105304,23.274893794745957,1.9960245181816418,2.4283777485942095,9.6607553559771,0.486078637009543,1.2725373342562352,0.43719943182507987,0.48375535111838563,1.0,0.39177107924288357,0.09106918365540538,10.196287531497687,5.925586199783243,1.0,0.0
4014,nfyc,tbp,0,1,8.858126863001315,83.44131873308557,7.686954198915501,25.144593836885235,23.224354501235446,1.033378681116372,2.4074142183458207,4.115544386228919,19.32200981785315,3.0212687496579607,0.04109744972696608,0.4382211183592474,1.1334215368077236,1.0,0.35976492662815485,0.07350396852416057,6.263592946232123,1.7796817329811676,0.0,1.0
4015,nfyc,tbx3,1,0,2.0689457353528136,15.04104502992001,27.55046972384217,10.935423913738092,20.108782503003248,26.791836993341015,1.8549298390299676,1.924427810556774,6.331892293157688,0.7298889167614123,2.4500044264111818,0.43551608986622453,0.34957808922022693,1.0,0.3299003219365355,0.09053320549720342,10.767467843370333,9.363196444465348,1.0,0.0
4016,nfyc,tfap4,0,1,9.626773271280248,0.3734236659158425,8.407424396815784,3.4257261157686596,24.670504032920675,3.7160919339673666,2.0775422258943084,4.487938413071666,0.3367193393482813,2.934371201989559,1.0847603714909226,0.4423241242119101,0.6091560820866863,1.0,0.3445360279086603,0.06828784147572431,7.664353862575101,3.954774438793852,0.0,1.0
4017,nfyc,tfdp2,1,0,2.8606376942151064,19.09726676656912,28.02699341105051,4.792897527384969,19.58346758763655,10.543664470603193,1.3776208521385165,2.5957016105874673,3.8313358392626964,0.6987359400425436,2.1998518454359433,0.4338258337048927,0.6278853678097858,1.0,0.35283268912148585,0.07616209831468576,7.62340083908091,3.528772184258076,1.0,0.0
4018,nfyc,ubp1,1,0,12.261490837104885,1.0369463196819586,6.508625563575789,4.3017040576089025,23.005844319354644,2.9692204135645204,1.8998296826737742,4.251729238452517,0.8355363014354357,3.534670122691066,0.6902428372106467,0.43670089364668185,0.6033385805017006,1.0,0.37070938390719926,0.06926538314025922,8.039282524145339,3.938340459775505,1.0,0.0
4019,nfyc,usf1,0,1,3.051906491153943,17.864769952299152,28.473954657508212,3.9297036306366464,16.513824587591156,14.7460130577578,1.350728691662453,2.7564622783273305,3.2211492089905214,0.579962452923155,3.752449152347099,0.4254608538554833,0.4420196437671382,1.0,0.4688723432595397,0.10008551996803612,10.178621663819486,7.978036270424436,0.0,1.0
4020,nfyc,usf2,0,1,3.582390860502908,16.29552594907991,71.71354609881489,40.78720736226805,18.384432099683576,22.811080047270785,3.677957644678752,3.411949734518265,11.643608450512144,0.25635926683016713,0.5592704556765794,0.42988269895010434,0.6882576311830447,1.0,0.41132293912533024,0.07894340356428925,7.669551327425826,5.161119135482948,0.0,1.0
4021,nfyc,ybx1,1,0,9.688303812221061,11.270905256812316,320.28571646807495,237.35238057564686,22.213830469004513,9999.99275099805,19.70854485874304,9.40384738538429,10.759958324055406,0.06935629447970938,42.131419650164155,0.4342309859015268,0.27220932538013404,1.0,0.6406722279924344,0.3844307113216028,45.995992657323164,380.516317789913,1.0,0.0
4022,nfyc,yy1,0,1,3.47688199316438,5.725991507002959,361.3923738252995,323.525989810817,18.671582247686583,437.39358550117055,39.64770679087887,3.443750376286237,5.626411305216348,0.05166567863635275,1.35195810932203,0.42840144183802087,0.4668226896617654,1.0,0.46763479239308636,0.11579455439365721,12.845423257539462,13.702418877533496,0.0,1.0
4023,nfyc,zfp263,0,1,3.0216916404664604,1.1202056637242186,9.85666321919168,23.941327544295596,23.18055001396662,1.5001105155177743,3.7767357080594177,2.312701985377296,1.0701344761945484,2.3517644357405163,0.06265778339744571,0.4430134313976503,0.8077514739229025,1.0,0.18681871252436244,0.04074738929614898,4.123896660646818,1.1343541285790684,0.0,1.0
4024,nfyc,zic3,1,0,9.23350316375536,2.507750315198024,8.845969652580973,21.37181543009293,24.82741479916917,4.483149401293371,2.187783453453238,4.517791508820222,2.244394954784238,2.8066357645626017,0.20976923630833907,0.44228927715369576,0.9769711065001371,1.0,0.2810161197563907,0.06241726300746535,5.8033543728566075,2.6009043452190816,1.0,0.0
4025,creb3,erf,1,0,1.2630055771305262,4.026240977839599,11.082201764851595,3.792111245621583,1.400460280331709,5.554704776022443,2.163153062538912,1.1337908103247791,1.9528352334692929,0.12637022047129848,1.4648053330281308,1.077490283953643,0.6884035726194153,1.0,0.16049798657494196,0.027789352260721,0.6579462397381284,1.345454017028497,1.0,0.0
4026,creb3,gtf3c2,0,1,2.2605594556008795,5.024748038066483,12.697655152956802,13.254933889185196,1.3198929288690124,10.118217130584483,4.247503333074972,1.9189325177587786,3.6435373065814534,0.10394776932980886,0.7633547790713626,1.0681981031476915,0.4046199916132349,1.0,0.09236010428836677,0.021273118721241633,1.1320997554817605,0.9053074465017725,0.0,1.0
4027,creb3,hes1,0,1,0.03716420674713725,1.0988488633241085,0.36328353442607575,13.29008502097536,1.1283360561356741,28.130411090321513,11.664924219725679,0.03371512183259272,1.0149323734619777,3.1059377847065024,2.1166464357394323,1.0420546570515066,0.6800841350253156,1.0,0.06142183418233275,0.022545783991102037,0.36500011782018793,3.1885346117385147,0.0,1.0
4028,creb3,hic2,1,0,2.594920539520609,4.436500803716384,6.0513496790527475,6.241299360715849,1.272024419822874,6.277718585031952,3.4378176415668613,1.8161324105119623,2.5931867241985183,0.21020507610493785,1.0058351990845582,1.0694952650928318,0.44019626677117063,1.0,0.06792977701055213,0.020927304624256435,1.1375419033331462,0.7044692547734319,-1.0,0.0
4029,creb3,hif1a,0,1,8.492718067822388,3.568255563660272,5.787791280845974,3.922479221527519,1.256789114601786,5.7706052877952025,3.1743960386867505,3.4420396628366086,1.8684960430362498,0.21714485779074033,1.4711627422077136,1.0628328615125229,0.4659135043108658,1.0,0.13484705017445142,0.02133250068663413,0.8113899807980856,1.1442209908046586,0.0,1.0
4030,creb3,klf6,1,0,0.00010000000005372378,0.00010000000012411192,9.4625526206265,14.140916552274764,1.1432315113224778,27.172458503026654,22.320819729145406,9.999894326759713e-05,9.999929296137097e-05,0.12081639671207306,1.9215486070212038,1.0478362030204833,0.6649071770837922,1.0,0.21892138199743574,0.04218820927046842,0.863018893978464,1.7799274686151314,1.0,0.0
4031,creb3,klf9,1,0,0.8499344662303239,7.40131988617882,0.5919879533259402,69.64563739646573,1.2974773851238075,171.6526932163878,1.8170386833502903,0.3489445467390015,6.6903309258154815,2.1917293719141524,2.464658227467074,1.0721366269087242,0.2647088436920611,1.0,0.18792285080537052,0.04737268529152461,2.7234311084616625,6.658087367543434,1.0,0.0
4032,creb3,max,0,1,0.9836678468750839,6.166933356648242,2.407704245286945,128.02053198939075,1.5106379696795242,153.48791238540215,2.6989300601137387,0.6983548801227366,5.8835159232295,0.6274184101459229,1.1989319994242948,1.0807430144454608,0.4608853250326406,1.0,0.10273777425797843,0.033504366354488696,0.9777169521164821,3.127909554810339,0.0,1.0
4033,creb3,mitf,1,0,0.2034027430900959,6.551425773987096,0.05350456705050785,53.33953468512488,1.1513733669131778,32.86490332368312,1.4111589296439604,0.0423614871058557,5.834770383206294,21.51916052000367,0.6161452948116617,1.04928061331653,0.5351891168080112,1.0,0.11116963528303728,0.028297275228356407,0.5056466375424276,2.1796224898199332,1.0,0.0
4034,creb3,mlx,0,1,4.005140107291092,38.46492506486738,95.88960123049672,59.5718573343408,6.406994154008252,38.480987313319794,2.6551879750322978,3.84455960961715,23.373135799272173,0.06681636039561056,0.6459591665465337,1.1028426128792135,0.5730614138048541,1.0,0.1487210410587363,0.02817968780490457,2.144532292316089,0.7833215103463032,0.0,1.0
4035,creb3,mycn,0,1,0.8381016719824468,3.655556048179691,0.6821688115461876,10.619445659125093,1.3079955772127316,41.40893065737278,2.262235866043312,0.3760691454089985,2.719437769850871,1.9174074731561825,3.899349550490976,1.0787186423188722,0.564296556587424,1.0,0.09762454492749581,0.03486387260332591,2.092374745329861,2.112937038524513,0.0,1.0
4036,creb3,nr5a2,1,0,1.6339113322436303,3.578831507076518,0.7493690047584769,6.336734203323989,1.542129442118463,7.488360874694411,1.976319840842852,0.51374674220959,2.2871215502145366,2.0579039596326703,1.1817382005333799,1.0809411764705885,0.5315732193347252,1.0,0.014168917022937693,0.019127120103626747,1.1553288136053428,0.2301796853661063,1.0,0.0
4037,creb3,polr3g,0,1,0.9004523783622429,4.768957855263273,0.7666822616950405,24.794830131383506,1.3263785198488216,27.420538979605663,2.0771871760124228,0.4141002468569195,3.9996735187787302,1.730023747929633,1.1058974324207498,1.0754929207544157,0.6751204706176858,1.0,0.10347703200576965,0.02310469611777774,0.9268433746475944,0.8852293780311303,0.0,1.0
4038,creb3,pura,1,0,0.19337660428157943,9.765422815934816,9.034673028200515,30.759958366592997,1.7300370791101405,30.161931223918366,4.238708385548216,0.18932433835619383,7.4122436479349,0.1914886209727859,0.9805582590344426,1.090674947898983,0.6783457907444086,1.0,0.14680235845167516,0.028310792532143584,1.084792937804246,0.8525293167476238,1.0,0.0
4039,creb3,rad21,0,1,0.6274383480790071,2.807547672228751,1.4569808080550857,5.205042237581412,1.3072820455577254,17.569815252047434,4.0079156571641255,0.43857092211931803,1.8238053341632017,0.8972541287642682,3.3755374980802206,1.0700174329580465,0.39769071573142106,1.0,0.050486717333429805,0.0286163531751772,0.8513691598689439,1.0662014455387538,0.0,1.0
4040,creb3,rara,1,0,217.618300510126,8.160806925219624,5.066296174294147,65.87045214041139,1.0585394008173585,22.47138705138846,1.1482536894568511,4.951032894714723,7.261203561569269,0.20893752840354576,0.34114517695260077,1.1272553633217994,1.0667804596795267,1.0,0.08906376669077487,0.019073768427018592,0.5757536495252311,0.7450251904341718,1.0,0.0
4041,creb3,rela,1,0,1.4289780339971967,4.949010068649668,13.628774812948382,6.457619210418272,1.4015725175822464,2.8006803761444643,2.546490340669606,1.2933682758611609,2.8017762048699604,0.10283921605709156,0.43370169173587103,1.07547052154195,1.0711465657111952,1.0,0.09231882141032689,0.02288960482781943,0.7282345873263141,0.15143985832111462,1.0,0.0
4042,creb3,relb,1,0,1.0196260471883478,6.4446856742736145,1.5254895318305521,124.7095826833503,1.4385341673834104,88.62149594008328,2.288804808162155,0.611142721450466,6.128005371296855,0.9429983866603153,0.7106229852849546,1.079030120617237,0.6678908652651409,1.0,0.13434558896594645,0.03018175535049072,0.7439743239214762,1.049076214106004,1.0,0.0
4043,creb3,smad1,0,1,5.95695826743334,1.0076134738410119,21.210033885604748,18.526719627366933,5.809108330032401,2.538454519403402,4.794222970133224,4.650764648351586,0.9556390907174247,0.2738849151002556,0.1370158652184544,1.1088408384579778,0.9695468357775137,1.0,0.09996615377998111,0.027484095410309495,0.7597459821175547,0.7260393338660527,0.0,1.0
4044,creb3,smad2,1,0,1.231404671230112,1.2353587644222237,0.029079894358970404,0.048638600576033975,1.3634561175410547,2.2413021351861606,8.288212428199213,0.028409009304908934,0.046796140824570086,46.886556763589596,46.08072824139872,1.0733097580616922,0.7645000891096542,1.0,0.0926381096958109,0.016988798774719243,0.3582864394638881,0.09655775247444087,1.0,0.0
4045,creb3,smc3,0,1,0.16640840480038402,9.702826936492986,8.084733587676306,28.49481961219192,1.7284393682489732,109.05491842557021,4.01778477421986,0.1630522927357198,7.238150207272475,0.2137905163484499,3.8271840253696316,1.0756068016988916,0.25286129659316553,1.0,0.17693083705168638,0.05813790921082641,3.0828303176260836,13.175775158719993,0.0,1.0
4046,creb3,sp2,1,0,0.0001,6.497971247506702,9.893504081270805,7.152256445328333,2.511977942775961,9.000988884404192,2.093441801164275,9.999898924598985e-05,3.4047165939167936,0.25390174422946227,1.258482403868978,1.095440090762258,0.5870205741842437,1.0,0.07489598166332605,0.021840229813858046,0.6033166265569317,0.2899725094690455,1.0,0.0
4047,creb3,srebf2,1,0,5.7711355909764315,0.89407001067728,31.143653369501774,1.4537611742116063,7.5963375126021955,2.5923000799385765,2.6610878453253743,4.868895406288039,0.5536020975081728,0.24391285834310963,1.7831677760581375,1.1022834305260603,0.6623454748854914,1.0,0.03334097082369118,0.017317781222062522,1.379971458467236,0.5474957161230871,-1.0,0.0
4048,creb3,stat3,1,0,3.8735429852356313,7.403916968216941,19.301705269443925,16.75519967490625,1.2742916959135853,5.998262017100776,3.9178411331334964,3.2261136635049144,5.134877612100644,0.06601964324524665,0.35799406354340196,1.0689111279545627,0.517613696079756,1.0,0.08749592900699718,0.025266659560082897,0.5792617399860398,0.6229819753696365,1.0,0.0
4049,creb3,tbp,1,0,0.678656194116211,9.361807566078221,20.48574364432064,17.985977303591476,2.2847869029588717,4.656584551354107,3.0179821872747743,0.6568944511266533,6.15703462662596,0.11153058159020232,0.25890083550946497,1.0955498247702176,1.1355377127991961,1.0,0.09032475963077673,0.019083928965488432,0.10894503753841017,0.09633601529475695,0.0,0.0
4050,creb3,tbx3,1,0,0.2302525241767222,6.695766742276778,0.06290183529289756,57.95519086962376,1.155021504817946,78.60461054160305,1.4120519011423625,0.0494050519246637,6.002299948851785,18.36228624235966,1.3562997440286635,1.0516173072883848,0.3547733429311857,1.0,0.17423630373112556,0.03905475181199295,0.6131654323632131,4.237527055489287,1.0,0.0
4051,creb3,tead1,1,0,2.1833330471776593,2.386266842598294,1.1970243493027402,1.3663625513894817,1.6781908526898632,1.80593087737011,4.249572468991836,0.7731439352626335,0.8688589543567778,1.4019688519012998,1.321706947788947,1.0898143736365038,1.0285403019785633,1.0,0.029148713172241658,0.014579503276809513,0.4900257566083279,0.18565477637254407,1.0,0.0
4052,creb3,tfcp2l1,1,0,0.8207293740262416,8.116409357860448,2.306244933520052,22.2469542874474,1.521992278563056,44.08623532994388,3.493860281073065,0.6053145227548632,5.9468176869934855,0.6599439012056795,1.981675098546818,1.082137788377097,0.2915114805009561,1.0,0.16009112644115367,0.04489752393973377,1.499056205308384,3.472037688526524,1.0,0.0
4053,creb3,tfe3,0,1,0.5610694899214113,8.11014696883066,3.264815912662666,19.100417165934743,1.574798516697306,9.947125004125413,3.931715460175017,0.4787881512519228,5.692906240918048,0.4823544600445656,0.5207805105883203,1.0837013839444642,0.9004333333333334,1.0,0.11962749326314817,0.023462551714342934,0.6837118598731564,0.8001670780927947,0.0,1.0
4054,creb3,tfeb,0,1,6.382647958542554,2.242198676987161,21.800070972169262,21.16894713208871,5.618079047110802,5.549232566583536,4.883210095643194,4.937145306266751,2.027452463876397,0.25770920903344946,0.26214022511170587,1.1021634279518695,0.8764042518618491,1.0,0.11143205627616383,0.02359857340572147,0.6576895525566717,0.34866144918520103,0.0,1.0
4055,creb3,tgif1,1,0,0.43364873570012524,6.330298677223147,0.1716804536207485,70.46570355035351,1.2066681935280943,147.05562276805338,1.505889601540261,0.12298929734511371,5.8084918099320335,7.028570626879227,2.0869105871194504,1.0582297745028382,0.3282932039657258,1.0,0.19056750375775647,0.04072606405974344,1.6277025633736262,3.300554238706478,1.0,0.0
4056,creb3,tgif2,1,0,2.635797816254017,2.536200917338664,0.00010000000000032205,0.35224764033629397,1.5334650456949193,3.1311574761590717,6.732349747640306,9.99962062265504e-05,0.3092908773388032,15334.650456899806,8.889080060748533,1.0809533703196246,0.7147054084751848,1.0,0.09833679137906987,0.02568910439857132,0.914508217452501,0.48774770724889766,1.0,0.0
4057,creb3,topors,1,0,15.36155033699195,0.0001,15.721681541283402,33.674293052258314,1.1442997105372683,42.988720823473045,2.0234496705093976,7.769764846987408,9.99997030384487e-05,0.0727848167851806,1.27660351345045,1.0507260256547097,0.2900197554607781,1.0,0.10492709720046985,0.03764817775810398,1.1635808845625744,3.5637114833691856,-1.0,0.0
4058,creb3,usf1,0,1,0.9211055113720261,3.4914676878287256,1.7516663815926239,7.0421570458120275,1.4219391870446534,12.92219664568752,3.539971207796599,0.6036690083493782,2.3341883159691683,0.8117637022592277,1.8349770619461483,1.0815602887255813,0.4381970443564155,1.0,0.03801932889033728,0.021129582134894593,0.6781246643481366,0.7957419123360552,0.0,1.0
4059,creb3,usf2,0,1,0.23711027884774127,9.019009400549681,4.116787858976351,96.40266870479147,1.6451066315122989,53.30537761914092,3.8513655164051954,0.2241974171877873,8.247417333063114,0.39960927982365324,0.5529450412039424,1.085934718761125,0.7131254662868007,1.0,0.13803480716917146,0.02845899039352219,0.49201526565187903,1.5380267392747689,0.0,1.0
4060,creb3,yy1,1,0,1.073397508478461,6.587369914453643,1.5137729074553752,167.01528812389446,1.4280401014969155,241.19435812665395,2.2172149452684096,0.6280529714074893,6.3374115158888955,0.9433648167857787,1.4441453883415292,1.0763693653123005,0.4819867003671399,1.0,0.1737917887691649,0.03851607691045473,1.522350317340773,3.2665472002267237,1.0,0.0
4061,creb3,zfp148,0,1,0.7843668407702726,3.18699062772783,1.5489416261209197,5.202983127845246,1.3900391552253772,4.318282773199084,3.869305653279633,0.5206934561193147,1.9763897894977631,0.8974122276683282,0.8299628630522679,1.0728795834816656,0.838473731253831,1.0,0.0329525575673936,0.017840724520347052,0.2735161360240789,0.4183008555690402,0.0,1.0
4062,creb3,zfp410,1,0,0.00010000000000990617,15.132495135963062,32.09492179984619,23.551029253484177,6.414162854036771,1.5652348668513352,2.5072182135978647,9.999968843510604e-05,9.212858477871633,0.19984977355724576,0.06646142085784942,1.1040842694410438,0.8454310794186943,1.0,0.09488401685510862,0.018065507339423654,0.31959702697392767,0.05737937973749818,-1.0,0.0
4063,creb3,zfp57,1,0,0.915905857141973,6.08089773637807,1.5620210456814754,8.17263910191732,1.424223524949692,31.009077402343163,3.5861688572874684,0.5773633689874134,3.486642170212912,0.9117825453679048,3.794255076682435,1.0802435520207585,0.3357930435516633,1.0,0.1419304166026568,0.04352898545009002,1.3857322053510703,6.320806110171718,-1.0,0.0
4064,nkx6-2,nr2c2,0,1,18.611875794247045,0.00010000041545721317,178.2017520741527,16.678795108634198,1080.2784164041109,2.0613891894386644,6.548646373186216,16.851825312315466,9.999981589213249e-05,6.0621088391689275,0.12359341163508475,0.5107020503874861,0.9268846795176798,1.0,0.24140910108938088,0.07457021130277447,15.627412188876722,2.5536506895497517,0.0,1.0
4065,nkx6-2,rest,1,0,33.9658404101558,7.276100250369973,272.0110338201273,293.3970931954014,1698.9419229797547,137.89679846817234,9.231773539169883,30.195364887551772,7.100023247140277,6.245856644562492,0.47000056124050815,0.521380647162611,0.29951025410156573,1.0,0.38256113848005735,0.23925804838154627,57.93547963370656,48.253068217944076,1.0,0.0
4066,nkx6-2,setdb1,0,1,11.023452385859306,2.263531526389716,92.86136858405047,94.21604619077733,545.1149638106176,11.90105093491098,9.451457128721753,9.853729019454272,2.210426246576199,5.870201700906706,0.12631660333965444,0.4797634889656811,0.4448446440214069,1.0,0.37572257183053437,0.12962541158041896,22.845117178402177,10.255133826847782,0.0,1.0
4067,nkx6-2,sin3a,0,1,2.154216032129703,0.5105591695573505,22.569449319744948,20.454176893987306,152.68073432892942,5.294886071561552,9.901044548603906,1.9665154364842936,0.498125401498979,6.764929536643867,0.2588657612088039,0.4870421986932516,0.6216662224901446,1.0,0.29874160314011966,0.11044229839820698,29.053669918709037,7.216245284062552,0.0,1.0
4068,nkx6-2,smad1,0,1,6.869470044784366,0.6732507393587169,25.29669371241248,1.4605433212899335,172.45010539987157,1.774711620219386,2.970021581072068,5.402412329963414,0.46082791636647796,6.817100580826278,1.2151037181505737,0.49389237909245026,0.9366024187452762,1.0,0.28929423086001466,0.07910426868642217,16.45283231815303,2.823248690905637,0.0,1.0
4069,nkx6-2,smad2,0,1,4.0306690514214925,0.039418444866693485,22.673374199404435,0.0105072519171578,160.44262442259685,1.7756283372588195,1.4770112200946812,3.4222857871536534,0.008295918877008293,7.076257067499518,168.99074574954372,0.5017560742739903,0.7508100244660453,1.0,0.19751866905540316,0.08759937299664067,15.067062890291218,3.362827210649627,0.0,1.0
4070,nkx6-2,sp1,0,1,5.098919366658472,0.00010000000000021103,101.25424508733056,45.64009378112973,656.4197700537967,2.4721063698775683,15.615238283785061,4.854460456186348,9.999978089509399e-05,6.482886416146233,0.05416523422876228,0.5321576089828335,0.9511668639053252,1.0,0.13131743263673798,0.07252091779034293,13.950483030460783,2.0148234550390525,0.0,1.0
4071,nkx6-2,sp2,0,1,15.54476292452222,1.2894102043967761,18.11596077806913,31.790703186012543,139.38929659141027,10.310928077401156,2.244774210080525,8.366080240376657,1.2391510455002848,7.694281208654004,0.3243378423267409,0.4989267519169642,0.5913256414878914,1.0,0.2666902400702659,0.10088414535195578,23.17890745735021,7.404118854498725,0.0,1.0
4072,nkx6-2,sp3,0,1,20.22977890408451,2.6339192683093464,173.41381278945022,131.50864478842973,1083.958558947917,11.718144506798739,9.7186322440613,18.1163913608715,2.5822016739666824,6.250704840127133,0.08910550728927984,0.5210742983250339,0.5608208539672878,1.0,0.16643312710666375,0.09299241353937159,16.802256222951904,4.944613794360454,0.0,1.0
4073,nkx6-2,sp5,0,1,77.55293242014665,9.361821160412443,40.334246405264594,222.264464352981,280.88130387606327,122.34139114865266,0.8988332391077023,26.534175445131282,8.983437095558637,6.963841621183766,0.5504316288471591,0.5012050883039384,0.8864629838695678,1.0,0.3491536284011477,0.2152313596983334,64.09495152741606,44.7707270126004,0.0,1.0
4074,nkx6-2,stat3,0,1,10.571831138377918,0.060739528554866265,33.72718146123095,25.16683037050709,230.17855832388358,4.352656257106584,4.199869256540968,8.048894236182411,0.06059328813837635,6.824719657895857,0.17295210374237055,0.5113464423608011,0.5006290114037438,1.0,0.16876947012708848,0.08336946305431756,14.737740008023703,4.408090101810459,0.0,1.0
4075,nkx6-2,taf1,0,1,8.000274642294775,0.5277331505138138,17.1902196760698,19.702502867505697,127.2818899767163,10.211809764494259,3.233041985171799,5.459459303649999,0.5139665153691141,7.404320152691427,0.5183001283220753,0.4912383427632954,0.4620913374518566,1.0,0.2529599975401472,0.12565486946373688,15.39105021355553,8.017254443808643,0.0,1.0
4076,nkx6-2,tbx3,1,0,9.925013177650449,1.1695011595104607,154.51426797979346,118.49066320492989,963.9732893069348,22.05819970570706,16.3426721940783,9.325972085502766,1.1580710150729963,6.238733172738443,0.1861598130103918,0.5238517113294534,0.3433553406735924,1.0,0.3023011119586826,0.16049990791402205,42.431121104289765,16.65594567752455,1.0,0.0
4077,nkx6-2,tcf4,1,0,6.4887809879205465,2.1701110490844666,255.4308123581071,278.08234173553046,1503.7590805074783,10.470112435653196,32.462917074037016,6.3280282997718045,2.153306978616695,5.887148330402868,0.037651122938294194,0.5002115514137018,0.5276806855338821,1.0,0.40133360452671873,0.11950697692349763,32.079708832027464,9.121437533922926,1.0,0.0
4078,nkx6-2,tead2,0,1,47.51194458906393,4.669302445203112,56.19279186403427,126.57895681699277,366.1636339011917,24.807950719399162,2.2608574076658954,25.744521462202098,4.503186830052552,6.516202910636154,0.19598795363171126,0.5093212997276878,0.5235461840800788,1.0,0.35311225341117214,0.13156073772633756,31.407384494292256,10.142043905149738,0.0,1.0
4079,nkx6-2,tfeb,1,0,2.13518159054682,0.3840543581037103,160.56767596073172,147.5003699488803,993.9931510054771,5.6756231708915355,49.42109350389939,2.1071611827111854,0.3830569728099605,6.190493479201674,0.03847870464907007,0.5077146450504192,0.8787451740285669,1.0,0.2917516974332421,0.10213327251434141,18.655053190242,5.817781045617437,1.0,0.0
4080,nkx6-2,thap1,0,1,5.510589040865678,37.057375045920246,198.08223363610767,94.4167163827832,117.04067609648295,34.268139711493895,3.545932674836905,5.361435494203135,26.612358614384867,0.5908691251507983,0.36294568403082755,0.486454413832615,1.023448594674556,1.0,0.23579433228918384,0.08260624154548274,11.861136294298335,3.287372637579086,0.0,1.0
4081,nkx6-2,ubp1,0,1,9.238675787096145,0.08600168941903716,31.665173413908573,7.077231577396945,219.01909326581242,3.340428220559948,4.48125997100085,7.1519985680489935,0.08496915420659444,6.916718579207614,0.47199645568028464,0.5140042961964681,0.6145238715385141,1.0,0.2578242053365252,0.08672910533330135,17.692276156123864,4.790147686662911,0.0,1.0
4082,nkx6-2,usf1,0,1,6.559177043270816,0.27820327196599154,33.26181703528772,26.470237100396524,221.74794206280077,10.675330885773276,6.131441725744331,5.47877198356548,0.2753097552055694,6.666741682438655,0.4032956276622607,0.5041254292193067,0.427731024539106,1.0,0.255984956493775,0.1271197128264023,21.990686200298846,9.521827952881688,0.0,1.0
4083,nkx6-2,usf2,0,1,46.912871235435425,4.593514852417764,43.48643381008635,103.12015922003918,298.6752012755898,13.114368416235491,2.0127986965739817,22.56735788835501,4.3976216301218765,6.868238554119246,0.1271756028639548,0.5165078160907828,0.6732737182398482,1.0,0.3352160759561208,0.10277895811228847,30.012874727196582,5.081652763610644,0.0,1.0
4084,nkx6-2,yy1,0,1,61.25451440172823,3.6986029850591717,18.89851330727639,78.47846364860996,166.96562255617062,41.02045387429949,1.3511408982716802,14.44261419237397,3.5321372714304515,8.834854882044334,0.5226969536250097,0.5025676673075739,0.4499723730780727,1.0,0.3476084410422499,0.1560029828506018,33.107662039239436,15.358125879542534,0.0,1.0
4085,nkx6-2,zfx,0,1,19.845075843151935,0.08318334156959263,204.79965696326636,27.080886523568825,1239.1568113223607,2.8280110019508773,11.354694100043295,18.091965363771934,0.08292861286549798,6.050580502410805,0.10442830220826135,0.5076840343053333,0.7958834027364666,1.0,0.22593905152412264,0.07921888481918982,11.288176008161694,2.981721429517719,0.0,1.0
4086,gtf2i,gtf3c2,0,1,20.575446210492167,0.00021879058167318245,0.01732206322573762,19.435629538029847,5.713962693346433,6.8208874199566285,1.0008531469872046,0.017307492388519034,0.00021878811873367912,329.8661723423606,0.35094759377925705,0.5668636832515175,0.3967624717636781,1.0,0.284555963914381,0.048953806065784033,2.7841957495808476,2.4798372233342016,0.0,1.0
4087,gtf2i,hdac2,0,1,0.3684291509667387,9.650372318600764,14.841953671237395,24.99853546021544,4.013943887661053,76.9067109684242,3.6795486923527596,0.3595049811500581,6.962562172257453,0.2704457901280058,3.076448661995394,0.5517161743345433,0.22985883989348926,1.0,0.24812709787359494,0.08099666232535499,3.140011362731463,8.018897723093485,0.0,1.0
4088,gtf2i,hmga2,1,0,0.17174301216796042,8.944868074996553,10.120836960563716,1.1163254330456411,4.195343117270347,13.932482392308032,1.1359823665691895,0.16887729120133518,0.9924651304415385,0.4145253138270762,12.48066377408997,0.5547393123150698,0.605177387944314,1.0,0.30193667620819326,0.06379077933236614,2.918835108790652,4.6160224994526535,1.0,0.0
4089,gtf2i,hsf1,1,0,0.2390199019109374,11.559738114346162,11.931801805429382,0.0001,4.6912988585963085,4.657569542174031,1.0200409962166996,0.23432584633414275,9.999913493598257e-05,0.3931760630202226,46575.6954217403,0.5615721965323719,0.8245400935556668,1.0,0.2385742158275794,0.03536174799289391,1.267451746654398,1.14894522644648,1.0,0.0
4090,gtf2i,id3,1,0,0.07872232129827458,9.015353708964888,10.721700122393692,3.627415767507373,5.391934534083953,27.585556627338633,1.39869870311232,0.07814852856906442,2.586651307248255,0.5028992111822064,7.604740783903693,0.5659850184265341,0.8275620184117084,1.0,0.244727354965312,0.0629012714955141,3.004259200668463,7.864532274611711,1.0,0.0
4091,gtf2i,irf3,0,1,10.18813994810357,10.657563171896076,0.5826531730347477,3.088425592763195,3.8770118698334763,1.4952237799210852,4.705346652353394,0.5511341645244829,2.394523334778109,6.6540646292889285,0.48413786734078895,0.5465022101240298,0.8973225159730943,1.0,0.1953947284755568,0.018236595196160787,1.32493155446365,0.4028197224195117,0.0,1.0
4092,gtf2i,irf9,0,1,5.330176310931238,4.479809057335851,2.7524840667045853,5.632520685552784,4.575814852439788,1.1086379488407938,2.7224579763131342,1.8151480679750878,2.495232832030167,1.6624310047026676,0.1968280297104653,0.5593254286172087,1.0388264699458856,1.0,0.15150050046724994,0.025019107368125845,0.16064265142258372,0.7898945788698957,0.0,1.0
4093,gtf2i,irx2,1,0,1.4574736717017138,7.337217346234008,5.818289390456695,0.31546426118338994,4.915029951537679,3.3343530153318963,1.30426372004163,1.165513985060474,0.3024599699833583,0.8447551542553788,10.569669612728413,0.5641002188153015,1.3800125725479873,1.0,0.1732066888803428,0.029497465663414518,0.9962823941853935,0.9643410252025939,1.0,0.0
4094,gtf2i,klf13,0,1,0.00010000068984394872,20.8052928081202,16.22659211581729,187.19733365316213,4.080020636561868,258.29263594505045,7.869542555423038,0.00010000007356689747,18.724260389463744,0.25144038917356915,1.3797880071497877,0.5539299902813628,0.5819323832602703,1.0,0.3372954810588001,0.06037045742920778,2.0874927177520095,8.743572617520604,0.0,1.0
4095,nr0b1,nrf1,0,1,26.364012162455346,3.8409185025198544,2.759845355671918,27.09035707205019,33.172085933913856,20.017839122854646,1.2389173735474301,2.4983159074357757,3.3639690502596906,12.0195451769571,0.7389285814732786,0.651293162528886,0.4842172388139015,1.0,0.34341471805780005,0.10177560814795553,13.959359821197848,8.570710563111115,0.0,1.0
4096,gtf2i,klf16,0,1,4.606693139884071,7.62920693429109,3.0035139493781458,4.743570026833938,4.970433437757454,1.3372982419567367,3.764347493782438,1.8181196574359968,2.9249438065297677,1.6548727662099068,0.2819180984768358,0.5639620395358982,0.9565664036817882,1.0,0.1161048371871759,0.02302995484619338,0.7227205826663468,0.560682534607426,0.0,1.0
4097,gtf2i,klf2,1,0,0.3966906438939035,20.861833202624283,23.48361748613924,121.08201698195197,4.172632896625894,2507.082836873655,6.918383369152824,0.39010096899958957,17.795718791833078,0.1776827143045023,20.705658027214326,0.5510962623162956,0.33431957184592914,1.0,0.38456090766578344,0.19540279207079084,11.77740566131289,104.6194655235675,1.0,0.0
4098,gtf2i,klf3,0,1,0.12515960411469615,8.696973849925786,10.672549498885077,1.8566427619906167,4.434423372855443,16.765279335432766,1.2157723887851297,0.12370884022091838,1.5300132782400038,0.41549803758874027,9.029889690495827,0.5584088764334125,0.4094458176945093,1.0,0.25642555649914417,0.05531479098895791,2.400641389419447,3.785835203594287,0.0,1.0
4099,gtf2i,klf5,0,1,0.4754855967970489,9.519899257547259,17.481403372496505,23.230936365334898,4.050648993616775,57.2416025527938,3.533823358128952,0.46289507774065464,6.752687974225709,0.2317118887600101,2.4640247664837767,0.5524128290297033,0.2920894227878436,1.0,0.2688522824268113,0.06960805183173814,2.931262009728648,7.8691743459264565,0.0,1.0
4100,gtf2i,klf6,0,1,0.2659119370993807,7.0276551605181306,12.729688058684937,8.04230442348381,4.710398571599585,24.238481308695437,2.1891736831113215,0.2604709295033572,3.750410999386692,0.3700325216049482,3.0138726454967593,0.5598877658168782,0.6578421135248392,1.0,0.2355404384034497,0.05324247323324873,2.6787010849787043,5.782065553944051,0.0,1.0
4101,gtf2i,klf9,0,1,0.00010000000000021103,12.03198997297919,6.697764672739436,58.180383339022605,3.6778878473905854,138.0932747318714,4.711062898671301,9.999850698706602e-05,9.970120022129294,0.5491216886672583,2.3735366940982288,0.5428805872385264,0.251630624946326,1.0,0.2962942654885725,0.07221710436020892,2.7924756497286265,9.458149533371184,0.0,1.0
4102,nr0b1,plagl1,0,1,9.636175875424984,1.2671966472232004,10.902781027301378,19.24437781405642,46.67524585925701,6.799900857596692,2.1341754141238383,5.115211839038274,1.188909758726902,4.281040382483947,0.3533448014427325,0.6637362063238099,0.9990301487825898,1.0,0.12404237145156809,0.05649654190691382,1.9388693159670711,2.296375860605253,0.0,1.0
4103,nr0b1,pou2f1,1,0,3.5496745504756912,0.5646627639974968,9.722782762879321,12.560709921172439,40.94420514215235,2.8320270445238616,3.8828493292406625,2.6003259018560994,0.5403705747627068,4.211161160411144,0.22546711629333727,0.6612489927345054,0.8275125791654101,1.0,0.22677655152282147,0.05575968592966659,6.372606911714066,1.7590293821535956,1.0,0.0
4104,nr0b1,pten,1,0,11.641267530691728,1.0783169147387803,3.4927355653578736,14.53778467149102,26.675108873354645,8.167821750604592,1.35524804165407,2.6866565886263225,1.0038573985662496,7.637311320652886,0.5618340025782543,0.629336557418118,0.6297877712031559,1.0,0.2481101099295765,0.06452015024166215,5.855952755460119,3.5133110666385874,1.0,0.0
4105,nr0b1,rad21,0,1,5.212461472540533,0.4553316043081262,5.318268311548294,9.69861247656277,27.35920987738534,11.230931052933144,2.1151481686756517,2.6324166741476467,0.4349132458623281,5.144383147795776,1.1579935872345972,0.6313236827450056,0.3657394567901235,1.0,0.32848343832895915,0.1026816103124883,9.216788489858196,6.834208566575313,0.0,1.0
4106,gtf2i,max,0,1,0.4795507177340302,11.518708409694216,8.66319421175489,17.312616145995094,3.703333393143435,27.085199478074934,2.641553236497184,0.4543975615809493,6.9167469850194605,0.42747897630165865,1.5644775607377237,0.5455724243856332,0.43513257708606307,1.0,0.2702366452216885,0.05265754910364574,2.0976413845801924,3.470575802575625,0.0,1.0
4107,gtf2i,meis2,1,0,2.3304861369031022,3.4607783331028923,3.4181909610760357,1.7412928945793007,4.244272031312585,4.2049981866337625,2.5279834360910063,1.3857182291340626,1.1584287214442999,1.2416720071065022,2.414871271641924,0.5544083494221999,1.833536491589818,1.0,0.11722944219277354,0.022596513162494378,0.6195441189774255,1.275684194687017,1.0,0.0
4108,nr0b1,rara,0,1,6.944362337058515,8.795715460813739,119.48244836939483,92.94285792662895,28.1090123728859,31.150042191217253,12.193102271289554,6.56292292560071,8.035289912354587,0.2352564142808942,0.33515261835188837,0.6336015748780383,1.0778268653964418,1.0,0.20440384956268381,0.049934486168768034,4.776282371982198,2.5915918818435433,0.0,1.0
4109,nr0b1,rela,1,0,0.00010000000000021103,0.9936766673472557,9.093429122028953,12.79709727041681,36.12006365263713,1.2518701911911734,8.754004731749284,9.999890031714346e-05,0.922078559533559,3.9721059204316878,0.09782454292077121,0.6632688741898499,1.0368693727679696,1.0,0.14837854589147867,0.04087497785307317,1.4846604387365863,1.7729941394699869,1.0,0.0
4110,gtf2i,mitf,1,0,0.17964482603771675,6.664073574751976,11.02644302259272,12.150700470773367,4.416333410840883,10.849214014015532,2.8693122329621645,0.17676493932274104,4.3037010025249165,0.4005220361445664,0.8928879483213038,0.5562106324011088,0.5161389126615918,1.0,0.1254265453805311,0.02567583490525606,1.1929208935185862,1.4658314643425676,1.0,0.0
4111,nr0b1,rxrb,1,0,10.792028078873892,1.7582439110564185,4.879910259975317,17.080530252539806,30.366378560311652,2.9989455812928187,1.6016622491024484,3.360409376898144,1.5941450358365652,6.222732989451583,0.17557684316310307,0.6429199061127926,1.1400382048920656,1.0,0.2836665746551278,0.06661967907177298,4.2943688567796,2.750134773467119,1.0,0.0
4112,gtf2i,mycn,1,0,0.2733502208701851,8.64517515452226,13.23816078217251,6.5790503542802945,5.067739009402183,32.481112706882996,1.7960104498288896,0.2678200959838602,3.735956395961746,0.3828129218846455,4.937051847574166,0.5610253508374831,0.557299437968474,1.0,0.25812386098745815,0.06448434742752812,3.547061773364975,7.946308435502611,1.0,0.0
4113,gtf2i,nanog,1,0,8.843501506202534,0.00010000000000021103,0.00010000000000040532,9.592347582451747,4.67328503428078,28.68202234096997,0.9960359087294695,9.999886923936945e-05,9.999895751340941e-05,46732.85034261838,2.9900941447785834,0.5571524630520198,0.22472451375129127,1.0,0.2695051978773394,0.07547644509900141,4.864509812342792,9.930104250465778,1.0,0.0
4114,nr0b1,setdb1,0,1,4.419350885853658,14.941467551672503,39.44260364132626,14.792538959905814,27.129216903835637,19.01528031516619,2.194658134607799,3.9740751916254635,7.433315143393768,0.6878150628831919,1.2854642713266353,0.6326526357086902,0.4530654844728817,1.0,0.3064829508586745,0.07982736237840067,7.209925822541512,6.68397253786406,0.0,1.0
4115,gtf2i,nfe2l1,1,0,4.048075873788252,7.14665043067479,4.691464621692287,6.460886740088333,4.952835426020633,1.5353780192412327,3.4799119929287485,2.1730438525486164,3.3932443780349315,1.0557119845090221,0.23764199575184644,0.5621013016821579,0.8136229470602305,1.0,0.1919500151941449,0.028615734975577827,1.8440341714391066,0.19590514885085153,1.0,0.0
4116,gtf2i,nfib,1,0,6.101600669238025,1.014124004330353,1.8708376350283813,9.967917852131556,5.0019953395102785,2.4886019164147375,1.4395479086383112,1.4318209474027694,0.9204758913836805,2.6736661941453814,0.2496611582611077,0.5635575369775132,0.8082184016138965,1.0,0.17205630619117793,0.02881788571821646,0.9064081614909482,0.5497834949598144,1.0,0.0
4117,gtf2i,nfic,1,0,0.2923721550769232,7.257342085735123,18.414286652029038,20.764362380465446,5.04721488423953,6.662362833236099,3.9224577967871626,0.28780258025622607,5.3777628398362545,0.27409233817283857,0.3208556425264409,0.5655280708613406,1.2432259192354758,1.0,0.12070217447250699,0.023945603712394316,0.17208307826818192,0.9876662209542894,1.0,0.0
4118,gtf2i,nfyb,1,0,0.5685653053791153,8.498410537538355,16.759533980980148,8.989741385109323,4.294754019061392,22.821811162402682,2.1276255736217022,0.5499096812890962,4.368586987057184,0.2562573651472272,2.5386504666535687,0.5562453860579855,0.39877649760513584,1.0,0.291145251349552,0.055972365891878005,2.8300523330013423,4.526675291585879,1.0,0.0
4119,nr0b1,sox2,0,1,8.035598955600346,4.256076769441801,207.35666008940152,167.08469692644104,26.92667845954361,820.0686021432556,27.487238600257893,7.735816359598348,4.150356519225507,0.12985682952230332,4.908101203931862,0.6252373496718442,0.36190065258867676,1.0,0.38250587159949034,0.18049764850191402,18.63401119088046,31.170884462032156,0.0,1.0
4120,nr0b1,sp1,0,1,6.436627225647499,0.00010000000000042028,6.769281854245188,16.294260929356774,32.69182818021041,4.653828881404667,2.013320394659308,3.2993823914370175,9.999938629117182e-05,4.829438171452195,0.2856115353486229,0.6482091084311286,0.9648583923365266,1.0,0.07142009585634881,0.038147969989436946,2.452278753068443,1.652855180528988,0.0,1.0
4121,nr0b1,sp2,0,1,10.453500809545105,0.6699772057643361,4.907901152894924,14.217286930076057,29.92469150001352,7.65361136034306,1.5175077571968423,3.3398480685811776,0.63982596695054,6.097248206061047,0.5383313566072987,0.6389367965710177,0.5789031982421874,1.0,0.23934793947217345,0.0646027127856443,4.9760249810652875,3.9142419841012623,0.0,1.0
4122,nr0b1,sp3,0,1,24.35297865946184,0.951598122726081,4.489689686126224,32.95160723006247,35.541051728034134,11.50688310014928,1.186154822767623,3.7908183737987162,0.9248885836794632,7.916148823795331,0.34920551886316786,0.6449013324338001,0.5604299919376513,1.0,0.149702844021211,0.06291156815879957,6.60578880309855,2.851436236436012,0.0,1.0
4123,nr0b1,sp5,0,1,10.295039386807852,7.944533260413387,236.50153772624313,155.41360605161015,33.15553916281796,1135.8106889899254,19.868488965341314,9.865585148763964,7.558169844475722,0.1401916430716674,7.3083092133692755,0.6435983087004805,0.9653342074541804,1.0,0.25248709389220997,0.15798558476156083,13.551707022584312,35.92895113240468,0.0,1.0
4124,gtf2i,nr2c2,1,0,16.623916782662473,0.00010000000000011848,0.00010000000000010863,15.438130434638456,5.398349343919992,2.597987055635596,1.0000121877780312,9.999939846077367e-05,9.999935225748748e-05,53983.493439141275,0.16828378712272735,0.5662854034699061,0.9316068745304283,1.0,0.14762050932414736,0.02239329963525501,0.42021168272747184,0.5194596147741379,1.0,0.0
4125,nr0b1,stat3,0,1,14.83393439692408,4.828996548752454,5.2077006447828955,16.343121477752387,33.91476354144562,4.411893607939218,1.7502742072275963,3.8545103512147953,3.72758536076123,6.512425704695916,0.26995415863151073,0.6480926296551228,0.5013714938008995,1.0,0.18134626390734937,0.04741407115484329,5.629384076311852,3.607612214315222,0.0,1.0
4126,nr0b1,tcf7,0,1,9.624868404918693,0.4061532094378955,4.066568589154273,12.427479116747437,27.360070470750077,5.818004631680678,1.4572571155363967,2.8587348097303127,0.39329944946223194,6.728048444509372,0.4681564601335968,0.6326522022156529,0.591495110435842,1.0,0.2563991864733768,0.06307469382669931,5.289785741228254,2.7355600173304673,0.0,1.0
4127,nr0b1,tcf7l1,0,1,1.0279425734807828,0.9059770860327623,6.435629445439285,7.161990870429866,27.756713260069777,2.5606893886014204,5.957002296375247,0.8863661363946719,0.8042421157347035,4.312975676332644,0.35753876749185615,0.6292143834904284,0.9903480342260611,1.0,0.2509382111563973,0.05582679860383413,7.840387035528661,2.4989762170284617,0.0,1.0
4128,nr0b1,tead2,0,1,4.617811361089051,23.467762614877834,52.36001960037728,15.468278403844415,37.4469551492265,23.57120396516105,1.5782244577996138,4.243557350243596,9.323132916048454,0.7151822217606021,1.5238414611998947,0.6533825134502086,0.54080325785952,1.0,0.29622298599670815,0.08668902191281326,10.529184317178702,5.450912213884012,0.0,1.0
4129,nr0b1,tfap2c,0,1,1.7200979116724726,0.00010000000000004522,10.56583065614755,5.757337667687361,43.734073428590705,4.729401195693737,6.76281573591532,1.479274695958059,9.999826311628249e-05,4.139198786339129,0.8214562821696488,0.666797773899,1.0654704870381624,1.0,0.13138472393416425,0.0532074410837803,5.325352399121125,2.578907189624644,0.0,1.0
4130,gtf2i,polr2a,1,0,0.5433799879024535,7.854750896033076,24.15185359908792,24.681612167746316,4.48273327710904,10.892242809033794,4.232682757265039,0.5314237611993209,5.95849987628048,0.18560617961340772,0.44131002201175773,0.5559765551482277,0.7943812880516625,1.0,0.17961427872610752,0.03331197229960908,0.8162990743277073,1.311736986459284,1.0,0.0
4131,nr0b1,tfeb,1,0,5.498321004528746,1.6233459947164999,6.5578002732234095,13.36233996085672,31.56217854124378,5.409728424622042,2.459074164977909,2.9907538382436853,1.4474947039331074,4.812921593558958,0.40484888428741933,0.649868314483321,0.8697130666242637,1.0,0.27745489143795227,0.0724485576019414,8.349767303452527,4.267968860759179,1.0,0.0
4132,gtf2i,polr3g,0,1,0.09702842148477027,8.824749088370515,10.204598687637299,0.32552772928092705,3.9301836563651853,7.285337402502974,1.0349907676763355,0.09611453531163461,0.3139468443915894,0.385138482822116,22.380082392968138,0.5508817272488219,0.6384930103806229,1.0,0.2472842923808498,0.042930136378102855,1.7830774523882285,3.8491665060455307,0.0,1.0
4133,gtf2i,pou2f1,1,0,0.00010000000000000032,9.639164759596353,7.89103536244118,0.5600544959332903,4.513252286831374,3.257783823204542,1.058115381855608,9.999873275523252e-05,0.5293010597577676,0.5719467825873675,5.8169050455986095,0.556273526162852,0.8428371010326674,1.0,0.18212477628525345,0.030407334013947216,1.522701726048585,1.1616172068342203,1.0,0.0
4134,gtf2i,pou5f1,0,1,0.6206792337841823,9.496213081580038,86.52218834590181,114.65388894881326,4.48377451366741,2899.493247299946,12.826872896459946,0.6162584163156886,8.76984990171978,0.05182225044681025,25.289096374170196,0.5562482507472458,0.2613695109316666,1.0,0.4065313242546057,0.24151976697626487,12.547215991909727,151.55808669050356,0.0,1.0
4135,nr0b1,tgif1,1,0,5.468152991624058,14.813190174719429,66.16391478170347,34.64295138769377,28.184999798736484,79.69903010560289,3.6145806818359336,5.050732441453359,10.376317498845902,0.42598748716317764,2.300584301079913,0.6334821695571631,0.3224726100119037,1.0,0.40137931078362815,0.1342824153948838,14.674226967653848,14.626774153630052,1.0,0.0
4136,nr0b1,thap1,0,1,14.14361454339908,9.508655945221925,238.23434698349294,133.6784434986328,27.73466918727133,50.54600965711806,15.04259751072287,13.350986569300261,8.877212622214625,0.11641759275455374,0.378116383870336,0.629063871719072,1.0414399594519883,1.0,0.30421315276678823,0.05880955357985504,6.301628425639406,3.2962645725790094,0.0,1.0
4137,nr0b1,thra,0,1,6.886628691428492,0.5468136753057627,6.32417047703903,2.0567852576026646,33.31598506742009,1.417627984801568,2.4283300415394087,3.296713037665089,0.4319706433310248,5.268040320604797,0.6892445283538828,0.650737399770905,1.2137741118909477,1.0,0.22408044880523315,0.048529525881784746,0.8451740180368585,1.097952933479189,0.0,1.0
4138,nr0b1,yy1,1,0,9.208196347656605,4.085503634588943,209.43509248212592,159.19171731877103,26.505005921142455,217.58556063578786,24.345861347686604,8.820391716511454,3.9832766377624402,0.12655475072022376,1.3668145824451845,0.6257105563699124,0.47839188885289424,1.0,0.35350727184961905,0.10989857315307355,11.435438547145456,12.504946709934508,1.0,0.0
4139,gtf2i,pura,1,0,0.7671769510219236,7.205975783779683,32.31829396740596,26.299403824021034,4.331884440472129,25.00171603743622,4.729189354287655,0.7493878593801456,5.656192208597333,0.13403815327755153,0.9506571405470589,0.5565873255985758,0.6685542749310496,1.0,0.2940459683751711,0.05166764764088563,1.519645152616504,3.0989177945706303,1.0,0.0
4140,gtf2i,rara,1,0,12.592646007276898,1.2079284357924354,6.9583390808024586,11.639654511083819,8.188610716764959,2.002581299970826,1.713693096843328,4.481815133528592,1.0943591276954037,1.1768053585311369,0.17204817360033112,0.5777060145205105,1.015619089388997,1.0,0.1942851563468161,0.039917336974751624,1.9560902572611685,0.9633420590420894,1.0,0.0
4141,nr0b1,zfp110,0,1,0.17216151857943293,4.967582554455933,13.049786971569214,19.149737496255273,27.192678595043105,1.716428345395357,4.91899073007679,0.16991982262201333,3.9443811214838136,2.0837641759429606,0.08963195165108682,0.6318645809369199,0.6634416486593375,1.0,0.1890617034873194,0.03965477675134326,4.1089173139993225,2.148358312796034,0.0,1.0
4142,gtf2i,rarg,1,0,5.316743171959179,5.687223759078113,0.00010000000000045941,0.9383900766884317,3.9681477362396658,1.8083632572618653,6.607971724297519,9.999811918515667e-05,0.8054852684918273,39681.477362214355,1.9270911981971928,0.5501468377847151,0.8035722112645189,1.0,0.1669550727231823,0.024675927903960455,0.4488642858760219,0.594793383405138,1.0,0.0
4143,nr0b1,zfp148,1,0,5.2811309449318875,0.22888046365946324,6.107991412614747,9.51073646845821,30.471801792891377,3.0438262776323324,2.208467700118518,2.83227288704681,0.22350178531820114,4.9888416231166275,0.32004107018704603,0.6407808038216503,0.8278109989216743,1.0,0.1864502775103519,0.0530065811808791,2.4733319228893365,2.494618344223395,1.0,0.0
4144,gtf2i,rfx7,1,0,5.051893134243528,8.610517472685483,3.203026179763871,5.625698838621361,5.117140220852642,1.5968253014784601,3.8500430336352824,1.9602064358029498,3.4026020037039597,1.5975955030220454,0.28384478929372975,0.5621020419154842,0.8698302155653338,1.0,0.17505494837981903,0.029831715516148175,0.5534532768748085,0.33247057718144896,1.0,0.0
4145,gtf2i,smad1,0,1,3.9030452663098973,4.362030761307692,1.956235072308936,2.2534947477903713,4.384548738069572,1.961835981589189,4.407055173541992,1.3031078216961711,1.4858703812400655,2.241319972294796,0.8705749074910587,0.5580034642504806,0.949996195928006,1.0,0.16866707060814606,0.021782608503643875,0.38960034915392244,1.04823895298642,0.0,1.0
4146,gtf2i,sp1,0,1,1.1493125288791262,13.85032504886385,23.253960036685477,7.605170773320736,5.392526420250585,3.9752004723107954,1.6256600712071319,1.0951837522779717,4.909422188868642,0.23189712254357228,0.5226970689804848,0.5661552635795545,0.9545387466321484,1.0,0.1774510445196852,0.03420808791842726,1.1149211427560966,1.0922973595216208,0.0,1.0
4147,gtf2i,sp2,0,1,0.7255140302062739,11.930408099963998,16.26916088445823,3.2698819520342126,5.120342770252497,8.237902921984116,1.3308965006673659,0.6945413513719203,2.566465902494191,0.31472691226158506,2.519327316039427,0.5628315035400755,0.5819444126322432,1.0,0.24138061507032743,0.03912434918869297,1.6827847473685225,2.01454121965034,0.0,1.0
4148,gtf2i,sp3,0,1,0.3202225322590609,8.406794435149047,17.349370230559465,25.48271921339384,4.460332234417353,11.746314184126904,4.10561038934897,0.31441920268928264,6.321364900579976,0.2570889994935292,0.4609521490137122,0.555440608363648,0.5632355711751194,1.0,0.12499873131561466,0.02934055477790146,0.8186010470325429,1.3521032351399804,0.0,1.0
4149,gtf2i,sp5,0,1,0.43012526630322995,9.17876565451651,17.332652229826248,11.035478773417516,5.81402244867334,96.2025824983448,2.2569351655315444,0.4197097924420764,5.010925533611108,0.33543755286732724,8.717572157365707,0.5706337692864368,0.895723124489488,1.0,0.2495820227110083,0.08580606546657915,4.974839673763997,15.79347066452711,0.0,1.0
4150,gtf2i,stat3,1,0,12.94287529942744,1.7275087864057679,0.48475235393115834,14.667519152366904,4.8553587872725235,2.5803431497515934,1.1596422236586286,0.4672522525947154,1.545484905857716,10.016163403637753,0.17592226217309573,0.5633501959487507,0.49110909750862725,1.0,0.12591984796959874,0.02575378562211704,1.0581446019394418,0.6075184593808656,1.0,0.0
4151,gtf2i,stat6,1,0,3.6270059107989963,1.8858711331963618,1.3190050922602887,0.6096313196233181,4.241792330823193,2.2718316095549196,4.741636571157869,0.9672520467590839,0.460703256881589,3.215902922371834,3.7265664286386233,0.5552005995511862,0.9958397090789372,1.0,0.1394033005724525,0.02993213720451452,0.59648470436271,0.7089286572780031,1.0,0.0
4152,gtf2i,tbx3,1,0,0.3470003504316027,9.123017055822455,14.215381226725311,8.207653720426626,5.751301779798177,21.56722787249702,1.9460356009673727,0.3387318373067624,4.320580884979623,0.40458301385442763,2.6276970992114395,0.5696498441904027,0.34226201678142665,1.0,0.19338598746345081,0.05909356640293757,2.1988204486619445,3.6959476431540734,1.0,0.0
4153,gtf2i,tcf7l1,1,0,3.32501765013758,1.0253537542596236,2.1044209859473177,0.6021105296766108,4.34174914345366,2.7347177929373743,4.092790119484878,1.2887588184697456,0.3793485965725517,2.0631561709593935,4.541886677195583,0.5544397027589351,0.9994938134332815,1.0,0.12987931843997158,0.031971621128935354,0.99953830434065,0.8540079309725244,1.0,0.0
4154,gtf2i,tfap4,1,0,4.4664557092050705,4.177007459976637,0.3346058290605305,1.013628495071335,4.087217994037629,3.7168258045536704,5.435004946765554,0.31128576537275465,0.8156869066188881,12.215023287290814,3.6668521283945315,0.5526904992481236,0.6105584436342603,1.0,0.24636833370054134,0.044449964195063155,1.5419535356685579,1.4801205133105342,1.0,0.0
4155,gtf2i,tfcp2l1,1,0,0.5724064289311281,8.926084166105701,21.663706006362364,20.3235675501577,4.855439656290381,41.32374785045076,3.363456617383504,0.557671428789573,6.202120841232947,0.22412784104734423,2.0332920265335064,0.5634305651344882,0.2914311527807373,1.0,0.2674480663139209,0.061341281612719074,4.53821196168015,8.354570969091778,1.0,0.0
4156,gtf2i,tfe3,1,0,0.6392537887866253,10.121065599801268,20.370549669126483,13.382182448207805,5.701020089550838,7.9328442767368275,2.395084755694692,0.6198035636906764,5.762690592813338,0.2798657955799435,0.5927915201753378,0.571133789538916,0.8953492658950571,1.0,0.18017724103788774,0.03331409059741594,0.6771985452382286,1.757601482147037,1.0,0.0
4157,gtf2i,tfeb,1,0,0.0001,10.491131629027898,8.140216275607393,0.4463021852064356,4.507589044071941,4.84316354686173,1.0425537130204223,9.999877154650244e-05,0.4280908164426939,0.5537431551516856,10.85175853356295,0.555373049818764,0.861123788558082,1.0,0.26459083150680907,0.04398740994715082,1.6854360938256454,2.3741017533142776,1.0,0.0
4158,gtf2i,tgif1,1,0,0.11979101020781747,14.126043556857153,10.797107006724232,61.43966398030124,3.898310645990666,130.75731075782954,5.408739433264662,0.11847654467884093,11.485360195663164,0.36105140419214815,2.1282230775180166,0.5493197889787391,0.3291970959284638,1.0,0.3325448591346713,0.06476785670411546,2.5375639451662293,9.252102549743086,1.0,0.0
4159,gtf2i,thra,1,0,5.888829007920297,3.7504750249297643,0.0001,2.266012972802249,4.181715989400657,1.176823035041707,2.6477224132272443,9.999830189836106e-05,1.4125558072858022,41817.15989400657,0.5193364067931161,0.5514936185306087,1.182059689428285,1.0,0.15917045821782622,0.02462123298212447,0.677042873030933,0.5372245211990535,1.0,0.0
4160,gtf2i,usf2,1,0,0.46062996833108605,13.642901606376743,14.02050478583493,0.00043549830946177374,4.2704747377425365,4.425036309026479,1.0328869975657462,0.4459778038890933,0.00043548440826032364,0.30458780214939507,10160.857603546887,0.5565755967695458,0.6537398173933794,1.0,0.2541143025443323,0.0394841362281648,1.7920483390847668,1.9985983843656387,1.0,0.0
4161,gtf2i,zbtb7a,0,1,4.013642011104804,2.031158805896842,0.5620568518388542,0.37542183966482,4.110271917897736,3.375473391827503,5.691202851580931,0.4930164901014622,0.3168567722704448,7.312911326408276,8.991148183710239,0.5503918876528113,0.7434641032843338,1.0,0.20381389928829063,0.033447965990974736,0.7339810968228646,1.8549466758868642,0.0,1.0
4162,gtf2i,zfp281,0,1,3.587951933687498,3.1656775912208004,1.3199407650600639,0.8916123700110447,4.154259336842723,3.457430008635064,4.664069853018178,0.9649526407858825,0.695675519070436,3.1473073995511336,3.877727726671441,0.5535708007408239,0.5572576734272182,1.0,0.134430891361009,0.02290884622102742,0.6292166316682812,1.4252107144651325,0.0,1.0
4163,gtf2i,zfp57,0,1,0.36446568565311094,8.886962620398956,12.504529058559196,3.154063318880778,4.284224033315693,23.65954722686094,1.3944001534022576,0.35414357124877227,2.327878285339998,0.34261378523353464,7.50129113934737,0.5528007346189165,0.32726943135769004,1.0,0.2873476382719228,0.06939363342395324,3.4259159055844037,7.619365093991531,0.0,1.0
4164,gtf3c2,hsf1,0,1,13.223664315859933,3.7360912201678107,5.964776902619848,28.660307023738802,8.723580136924387,3.9611932355737918,1.6402267612802823,4.1106104753978885,3.3052291996331546,1.4625157452398292,0.13821182139789392,0.4003648051822278,0.8076722959380352,1.0,0.27524102499545267,0.04436971960127767,2.10988275622318,1.4116886690457093,0.0,1.0
4165,gtf3c2,klf4,1,0,0.0001,10.80889428108691,14.89166525340043,7.113898412549096,7.320649060088745,63.96639205439366,1.6548004988755896,9.999932848793748e-05,4.290256389281249,0.49159371604979607,8.99174943819205,0.39859872544758573,0.3094631199914975,1.0,0.26441871104969195,0.09378085147855267,7.075924569051811,17.225930258586843,1.0,0.0
4166,gtf3c2,max,0,1,0.7755017850729651,11.903373499993924,36.32734732728131,32.88786708625883,6.736883500861698,44.99389966669039,3.8354476462574976,0.7592927059041338,8.740025067893454,0.1854493651894697,1.3681002647170661,0.39562153520422466,0.4486835586287618,1.0,0.3682129133669312,0.07237774050577775,3.85757149948718,4.7397864296634955,0.0,1.0
4167,gtf3c2,myef2,1,0,0.06498613402221817,7.653553286260158,26.749122447683426,40.676624458058996,10.00917651948785,28.47922382876509,6.328084204749481,0.0648286349354115,6.441538751252392,0.3741870986259096,0.7001373444379475,0.4047301239802382,1.4660473585144633,1.0,0.0914550661443383,0.023272308681690546,0.21725663003407455,1.2858585361943904,1.0,0.0
4168,gtf3c2,nfe2l1,1,0,5.587092499910491,19.319877495908166,9.054442787946153,10.156570034022767,8.146765480865099,1.6217104459038727,2.467150613268271,3.455102787844873,6.6569653156705035,0.8997533776137598,0.15967107404088396,0.4003177335236657,0.8251376942809716,1.0,0.2253116116246244,0.03524238682405645,1.1190189100984211,0.8611191014378388,1.0,0.0
4169,gtf3c2,nfe2l2,0,1,0.37072836081541777,19.90055171916222,21.857368003031514,0.0001,8.363637225650718,13.665604558437435,1.0169663637806243,0.3645452169571598,9.999949750389378e-05,0.3826461275891371,136656.04558437434,0.40163249309129884,0.31602631267280673,1.0,0.2727365504124415,0.05083890794790942,3.2134402962158854,4.101722314125038,0.0,1.0
4170,gtf3c2,nfib,0,1,9.42051035251067,2.1645956520448477,2.6771105700498707,17.67926170224314,6.965795287735048,2.746865941365225,1.441410617454164,2.084686567830778,1.9284785376553417,2.601982662077826,0.15537220884154362,0.39763799245189185,0.8161892977402733,1.0,0.2124177075751024,0.03251310860674221,1.4124363529310702,1.2483014847097982,0.0,1.0
4171,gtf3c2,nfic,0,1,7.428760838120833,0.4821148172207109,11.563178263452032,10.353382535756229,10.077663378233638,1.9615037813623502,2.6755902549952024,4.522976057806993,0.4606635917335946,0.8715305730506905,0.1894553566999134,0.40854107317825517,1.2009282323826527,1.0,0.07947301229434317,0.021322665838613326,0.15235201922662084,0.9649281870668288,0.0,1.0
4172,gtf3c2,nfyb,1,0,0.97644135891944,17.68835451282841,27.023874989595136,12.16225223229077,8.309711809714228,29.67552654552933,1.7485620323674578,0.9423903962252622,7.206896362144244,0.30749519870535497,2.439969668343239,0.39988999939273207,0.40431533729227637,1.0,0.3634396085151353,0.08032525180507072,5.678082578975308,6.659353043731842,1.0,0.0
4173,gtf3c2,nfyc,1,0,0.0002118414002252967,27.25236974299291,22.45389486409845,0.00010000000000008693,9.398626178358182,16.502504874283247,1.0000132791986367,0.0002118394016252438,9.999963306086658e-05,0.4185744270757076,165025.04874268902,0.40545407236328546,0.42552534909528983,1.0,0.37797214508695504,0.07735427714313277,3.888162684220463,8.671931902189652,1.0,0.0
4174,gtf3c2,nkx6-2,0,1,9.999999999976694e-05,8.642765689272705,171.55103260200863,450.8548766979146,9.66371883065312,2669.1869080893302,31.284152733047563,9.999994170810866e-05,8.480202507508375,0.056331452420181886,5.920279553453206,0.4042566037735849,0.500240956151177,1.0,0.26189367839035277,0.10402931569802176,6.376898640937725,21.705301049883825,0.0,1.0
4175,gtf3c2,nr1h2,1,0,0.791962027787485,12.267433708795405,50.651657257982556,57.03740430047235,7.574119793666375,63.1671625384162,5.712584847727175,0.779769964667409,10.096013442585914,0.14953350400934246,1.1074690952914399,0.3982868131227784,0.4547292223971052,1.0,0.33377439894614536,0.06288709961876182,3.6672899048273417,4.0491705992824345,1.0,0.0
4176,gtf3c2,nr2c2,0,1,14.931687703578326,0.18571569426902296,5.6765974587533305,19.120213227158114,9.184915762954775,2.9041570591006716,1.3898867080434876,4.112966207783251,0.18392917991697097,1.6180318984555804,0.1518893656988952,0.40356474831625644,0.9281790007513149,1.0,0.11203219195862166,0.02004465037570347,0.7772182715537095,0.7536029172151631,0.0,1.0
4177,gtf3c2,nr5a2,1,0,9.27022557727391,0.905102339339413,11.243363730916714,17.345806716977254,10.001181527830965,4.670109009575365,2.328313061279898,5.08094982633399,0.8602163425844105,0.8895186322514829,0.26923561906201127,0.4045408557530545,0.5101512948278261,1.0,0.19165974395105023,0.03321241956853289,1.285060036984508,2.0942204590262485,1.0,0.0
4178,gtf3c2,patz1,1,0,0.7188183150038314,14.855927651503862,22.980453362898725,9.988576000660915,6.862768658163304,12.24254199708772,1.7246737620172425,0.6970159669398307,5.972732016903735,0.29863504212858766,1.2256543871997037,0.39639974655359594,0.44252174587672627,1.0,0.28557770992689196,0.055296335159322155,2.6374148406022684,4.09912641661081,1.0,0.0
4179,nr1h2,nr2f6,1,0,13.26584300229645,5.9823329312664715,58.40587689938308,103.84308050106452,65.79459312638404,4.932525498798049,5.713974055495963,10.810445101939187,5.656467485537316,1.1265063829061182,0.04749979945700363,0.4590190720985421,0.9897327976050746,1.0,0.3864806700416859,0.06915009019551534,3.792828202504742,5.0236218200124805,1.0,0.0
4180,nr1h2,nr5a2,1,0,10.123533815822418,0.3448708709198851,24.265675237961293,10.280055994094264,34.20440067008602,4.406816126745548,3.5109166603055577,7.143356610821424,0.33367682515184566,1.4095795948252268,0.428676276595886,0.47049235022004204,0.506869074460487,1.0,0.2412465393527898,0.049759242864596404,3.67126452166682,2.1883515899933648,1.0,0.0
4181,nr1h2,nrf1,1,0,8.530287858537799,2.4482440146794775,66.6877447353723,78.41519047677812,72.64436092335426,10.866636425919346,8.830748097139228,7.5628893712313285,2.374120292466725,1.0893210021064403,0.13857820608288124,0.4588651434367822,0.46164369086588397,1.0,0.43547147365814004,0.09250118624678294,7.910650001543379,6.059013221609011,1.0,0.0
4182,nr1h2,patz1,0,1,8.038964151397181,0.3917441009687221,59.94911721776016,45.88296179167614,65.31639408593787,6.479669278538715,8.451541661568061,7.0884307148592,0.3884277440587544,1.0895305405195796,0.1412216872127515,0.4565057206884346,0.42320900204558193,1.0,0.30157642020227043,0.06581756953593637,4.326385375133011,5.0126624943854745,0.0,1.0
4183,gtf3c2,polr3g,0,1,0.00021043415137983766,23.1694402242897,20.440643001579758,0.0001000000000001984,8.756217525758649,9.713225927949862,1.0000151623722608,0.0002104319850059039,9.999956839905728e-05,0.4283729002596407,97132.25927930592,0.40326571160051594,0.6548269235471841,1.0,0.32210222090716795,0.057854349945084316,3.0384762802194767,3.2475779750942575,0.0,1.0
4184,gtf3c2,pou2f1,1,0,10.49379544448551,2.455914590499031,7.050119253455615,20.817584135246694,8.7461665086886,3.4853728272335296,1.869068681057516,4.216989798387151,2.1967564575985485,1.2405700094224175,0.1674244621561236,0.40386585973656103,0.8449896037676241,1.0,0.20590858675066084,0.03668695457503415,1.6124630516872047,1.6372995232767684,1.0,0.0
4185,nr1h2,plagl1,0,1,3.5443679980498337,1.0844317994711488,60.644752646517105,51.258250303045735,64.87268123340773,2.8663031613792604,15.112410803000456,3.3486565693925985,1.0619646220078127,1.0697163134877332,0.05591886465950919,0.45408206239752036,0.9668927318984522,1.0,0.23439291314433655,0.05289361170841103,3.764212594874649,1.6187211754056454,0.0,1.0
4186,gtf3c2,pou5f1,1,0,0.32098083346710293,9.768286367399021,86.97251332393088,112.43887303270023,6.485909803959605,2925.4859511259806,12.41275154746545,0.3198005771782727,8.987485806908815,0.0745742483007557,26.01845671536721,0.39430701568904397,0.27125288882735527,1.0,0.4662099077115109,0.25638288226933464,14.893380667220871,164.65087606905692,1.0,0.0
4187,nr1h2,polr3g,0,1,5.800202617297716,2.954524520397783,19.326017064562265,32.36206369175686,24.76013338489201,5.206656194833295,4.640723952332177,4.461268594286066,2.707354123042483,1.2811813889109194,0.1608876443859022,0.44169093407607113,0.61897079049145,1.0,0.40385702290186726,0.07984551694720741,5.783511164991049,4.796959712819604,0.0,1.0
4188,nr1h2,pou5f1,0,1,4.292437774589718,15.717927641111359,119.3002874204886,101.1422482598721,14.233386812200058,2391.5814822422462,7.618260777509672,4.143359242502633,13.60383490227668,0.11930722984792759,23.64572197463302,0.41701763808016284,0.24536110129336466,1.0,0.5841232901603655,0.2938909477497462,25.36580606228734,206.04199032489436,0.0,1.0
4189,gtf3c2,rad21,1,0,0.00010000000000000002,17.366566053710613,13.697705892152225,0.30789334380848143,6.870215375886081,13.919784771672832,1.0177365163405683,9.999926995607337e-05,0.302529767529884,0.5015595625996181,45.20976192434787,0.39611201501484433,0.3838251904631239,1.0,0.3186146952084945,0.0646757988615675,3.7950378651202437,7.8821859161278205,1.0,0.0
4190,gtf3c2,rbpj,1,0,0.8253952536735858,12.962710351027644,38.818713140962274,40.97679755211533,7.398531068076492,21.439043195530083,4.241575638946261,0.8082104221216908,9.847519534931076,0.190591868442682,0.5231995782067489,0.3964015151515152,0.579442875309835,1.0,0.26090275037874794,0.04797221260878798,2.654432238470422,1.8835856320275246,1.0,0.0
4191,nr1h2,rara,0,1,9.938715569155955,0.6528357296649984,52.47001760362054,2.1669706971056204,58.83079947157989,1.7183140482931507,3.2132769363615665,8.355955238304194,0.5016925568992955,1.121226981778646,0.7929567532169534,0.4555757478437961,1.0037233873277536,1.0,0.2929621793849545,0.055417170872582876,4.029807159751499,1.7549757156799748,0.0,1.0
4192,gtf3c2,relb,1,0,0.2087174847842888,15.939819825618299,17.679586432253622,2.082864189088074,7.012557101939072,8.491583584607836,1.1412067174166296,0.20628220703762734,1.842149585944309,0.3966471234386889,4.076878189703597,0.3978635298929209,0.6303256399633091,1.0,0.27930683100422476,0.04225982813224305,2.593628188186739,2.8775731607248014,1.0,0.0
4193,nr1h2,rarg,0,1,6.394105303959934,0.626622883231433,50.14341788878629,0.3846311291930811,57.06568998241459,1.7895200564606624,1.7687697972849037,5.670964629778896,0.23833642605548755,1.138049466611576,4.652561689988281,0.45639488421531177,0.7926825006697805,1.0,0.20865726013376049,0.038428462801674654,2.6025611619692315,0.8337550915194551,0.0,1.0
4194,nr1h2,rela,0,1,7.444615533830984,0.5056396267088321,29.571805845114422,0.1766112508868633,38.96057323046888,1.1931041179468402,1.6533151369937116,5.947380026400726,0.13089268171514756,1.3174904987043794,6.7555385738768114,0.4709999764641354,1.0391772660214966,1.0,0.2407518221672547,0.041358749133991075,1.606654611318788,0.696624551645851,0.0,1.0
4195,nr1h2,relb,1,0,10.960278511357764,1.5714801162289416,29.254703923820642,38.33978380219366,36.57665105626234,6.909056248013078,3.819549291726212,7.973140440611076,1.5096041064701273,1.2502827289419192,0.1802059261382107,0.4528442684914174,0.6206448679280878,1.0,0.30548644921727497,0.05553122489643145,4.054787564319133,2.5052655942690247,1.0,0.0
4196,nr1h2,rest,0,1,41.539233185626074,5.495091004797917,70.58477199728554,138.742330953619,79.52392053737357,94.08284490537862,2.8061384358297943,26.149951552001408,5.285741553448763,1.1266441512403242,0.6781120387607597,0.46180511082216924,0.2762335526685712,1.0,0.49829005342928107,0.14950959314767504,15.103895078621186,32.693695749530484,0.0,1.0
4197,gtf3c2,smad1,0,1,14.856401422245153,0.8666248057240229,7.612242558313808,5.450821919049712,9.91383878654967,2.034970824739557,1.7528422458966852,5.033260185512759,0.7477415627595799,1.3023545572286244,0.3733328395168578,0.407541250634144,0.9512837269394869,1.0,0.22038900196026148,0.03450257508113797,1.4500688549188638,0.767167089324696,0.0,1.0
4198,nr1h2,smad2,0,1,6.469242001754242,0.09717243329997953,41.57630060456821,0.0281400212264597,48.394974774799756,1.7992935162783206,1.4766923998379156,5.598170726314968,0.0218209302979636,1.1640038692976533,63.94073059854227,0.45408031984339475,0.7506512290512254,1.0,0.26227485547677953,0.05166415199110379,2.3468131636164067,2.49074086182005,0.0,1.0
4199,gtf3c2,smarca5,1,0,0.7503387929304635,12.944265756082324,40.58227531647524,49.71224737641646,7.42494785902496,267.50842982085584,4.918447553350214,0.7367173872606918,10.270098178168091,0.1829603638810918,5.381137324074432,0.39583485597519125,0.17806799311566826,1.0,0.41411836885525727,0.13523304573835623,9.027110051157987,40.00627425690151,1.0,0.0
4200,nr1h2,smad4,0,1,8.610037061806434,1.3146163563115698,46.617500088396014,56.07674262206084,53.0864888116833,2.389779058108493,6.4045972275464464,7.267722303064588,1.284503527567905,1.138767388019967,0.0426162245944782,0.45547748484191536,0.9227290698575163,1.0,0.30689242602059197,0.05253126774699405,2.841953397013585,0.9901327393460644,0.0,1.0
4201,gtf3c2,smc3,1,0,0.6455662037328387,11.690543583420398,26.62638940278756,22.98868695897871,6.622856155115264,93.90125999910435,3.037496691941435,0.630284728160827,7.749602358996187,0.24873279117678293,4.084672611648629,0.395581089173768,0.25065056610664715,1.0,0.39507396413265494,0.10993538750323821,6.615750714747742,22.88261466984036,1.0,0.0
4202,nr1h2,sp1,0,1,17.358819729415202,2.4090665187344373,79.80622728301742,75.77645735007358,89.27353994644466,4.932128580228946,5.770066996633963,14.25761583291754,2.3348379249422484,1.1186287459730835,0.06508787495096796,0.46209063191883404,0.9641319629536109,1.0,0.17704997804468453,0.04082965105731031,1.9057163451252785,1.286545515509283,0.0,1.0
4203,nr1h2,sp5,0,1,2.9193319158073994,36.489759793770844,46.94275281221256,14.873056663106162,28.742224220881244,130.12498666205164,1.4664001019189818,2.74841048560369,10.566287101711735,0.6122824610618853,8.749041277092513,0.44529107764081316,0.8888166701388671,1.0,0.22154967175815288,0.10860478631706938,8.621733385163466,16.611456754816636,0.0,1.0
4204,nr1h2,srebf1,1,0,7.469835487772169,0.8871110630483025,19.792052959711235,0.47920399120296286,27.461790535718784,2.793674355899899,2.020955191363477,5.423079177332812,0.3111340687715738,1.387516019263898,5.82982280445294,0.4584559680094814,0.5051494045300974,1.0,0.2836368525182918,0.05010229449600397,3.9413356872852967,1.2438963287031917,1.0,0.0
4205,nr1h2,stat3,0,1,1.7467780905563601,25.19049730343132,109.56269305621338,239.1013275688138,67.42652738298644,2.2230445284362848,10.646661532813713,1.7193659245815127,22.78951061116069,0.6154150240574305,0.009297499729676275,0.46039609995204855,0.4831036973133105,1.0,0.20211069499348586,0.03988297458583509,2.4206469896250282,1.626089978135279,0.0,1.0
4206,nr1h2,taf1,0,1,10.744177323740743,1.237291581651601,24.59965825975554,31.769644246293982,31.74843982574629,9.50171424218028,3.417695531566247,7.478053416750638,1.1909107098855591,1.2906049137148374,0.299081543643306,0.4482794595816452,0.46213771585432034,1.0,0.32747649468535933,0.06448548652205424,4.223990428537695,5.662868984730482,0.0,1.0
4207,gtf3c2,srebf1,1,0,7.375983277721298,1.57955582044599,3.8740780615552515,16.909053289225078,6.813908518122849,3.2357085990093326,1.6677081467950599,2.5399981508417304,1.444608049355967,1.7588464687227807,0.19135953643668607,0.39695737201406145,0.527646967609333,1.0,0.2188584640128222,0.0369401704024801,1.764513243734728,1.5788498072744221,1.0,0.0
4208,gtf3c2,stat3,0,1,22.396010739095786,0.00010000000000002475,0.00010000000000000444,22.774798665593835,8.44136476069943,4.656304335028439,1.0000087972358696,9.999955349390718e-05,9.99995609201348e-05,84413.64760699056,0.2044498572039091,0.4028275177741385,0.5063472655802083,1.0,0.15586264370758135,0.032580140673035135,1.5720072667068115,1.9803911312994429,0.0,1.0
4209,gtf3c2,stat6,1,0,7.198542662578214,2.68473577354353,9.242968683723236,17.735569849372386,9.002642553363081,2.36340314909284,2.629748671082828,4.046824102555724,2.331763281023355,0.9739990322824131,0.133257807285875,0.4058637839146703,0.9963675347497248,1.0,0.1893196908726707,0.03374412580374195,1.5074353775994973,0.9998088801707976,1.0,0.0
4210,nr1h2,tead2,0,1,17.88612211378564,2.99365685779891,36.475295319767014,60.8589936557964,43.719971077729966,12.181807817178406,3.188810740636161,12.001187920149317,2.8533027564395894,1.1986187005328193,0.2001644635479143,0.4513175582442418,0.5059757067999939,1.0,0.40432067993520854,0.07917921178118838,4.953043386406207,5.985760932105501,0.0,1.0
4211,gtf3c2,tbp,0,1,21.10814163672275,2.3931884324765544,2.8122599634702095,38.70281142618193,9.345574580991514,2.1093147281213627,1.2033043999041366,2.4816298079098753,2.2538232657197494,3.3231545811502685,0.05450029727541807,0.40439871954733697,1.13275105127117,1.0,0.29751079792209967,0.047771207303435446,1.4596831517529034,1.0146390680036745,0.0,1.0
4212,nr1h2,thap1,0,1,15.023490840073686,2.656234210709871,29.187115971028405,51.87665838291123,36.33245429461468,3.649141839167568,3.09344331391776,9.918261726477821,2.526852110355803,1.2448113863212402,0.07034265415155648,0.449751942903349,0.9725416950833903,1.0,0.3343793216444489,0.05233037812883175,3.4399308711215424,1.717950958046146,0.0,1.0
4213,ctcf,cux1,1,0,2.6703035215189206,0.053614754195422304,999.9997780253616,0.011344902278297422,6916.488349178564,1.4367229517892908,1.2147182593885684,2.66319198899365,0.009363567790234234,6.916489884463905,126.64039905726767,0.4933161288095416,0.8897927073092179,1.0,0.2898058347154359,0.07088382912351097,6.151312243184993,2.3047762299983914,1.0,0.0
4214,nr1h2,vezf1,0,1,5.2034103923176085,0.02055975629367584,55.473200470198805,0.004482595856024449,61.31740037282041,1.1347396352023256,1.3321348132252957,4.757184419475657,0.003680208544787471,1.1053517708206004,253.14341770902143,0.4561436192469709,1.0935527585950846,1.0,0.11214878652419864,0.0219119699175739,1.2468759039833879,0.7236066200170387,0.0,1.0
4215,ctcf,cxxc1,1,0,7.8328704959339905,0.9161168259554325,233.0858487004072,0.6160754760025909,712.8073459057092,2.237950402532899,1.6791832076412447,7.578204273189913,0.3683591863131148,3.058132228447312,3.6325912809479974,0.5107178825833842,0.6580022740453589,1.0,0.4517039793963916,0.10372513159465466,17.81459355136126,3.6193222727708982,1.0,0.0
4216,nr1h2,yy1,0,1,25.319908923306535,2.760313973508524,8.827125186209884,41.0693429940923,19.2274847868391,18.21286664043974,1.4392663296289807,6.545283114564022,2.586474300567924,2.1782272689274995,0.4434662283996022,0.4307078203182099,0.4256701556453653,1.0,0.44788708911640907,0.09276059658399831,8.293731163605969,9.544365816124134,0.0,1.0
4217,nr1h2,zbtb7a,0,1,7.055426797064192,0.3516943245469369,94.05784411276855,1.2880832610822968,103.73178983707123,2.935743040491739,3.071592931215079,6.5631170652079085,0.2762640350963936,1.1028510255104755,2.2791562697779453,0.46999974500420755,0.7135407855586183,1.0,0.2549438918146825,0.049985173763560514,4.457957464538223,1.597880136938455,0.0,1.0
4218,gtf3c2,tcf3,1,0,0.0002123081673241631,20.461258584288725,18.393473086407035,0.00010000000000042886,7.7254493609954595,16.376089305295427,1.0000172795708693,0.00021230571676806486,9.999951127432797e-05,0.4200103658892265,163760.89305225195,0.40025719720018155,0.4030810159888838,1.0,0.3656803833875876,0.0737011071469544,4.172996387811913,6.738688650123089,1.0,0.0
4219,gtf3c2,tead2,1,0,0.6015340291092355,11.32676015193794,42.55651836048928,51.62033973362989,7.885358027676701,51.97519526351132,5.618899200161144,0.5931498883025572,9.288612313947645,0.18529142729396067,1.0068743354211256,0.3998448847617642,0.5348778555373689,1.0,0.2712626656679458,0.05415435715954007,1.9930540576946028,4.5885849563171615,1.0,0.0
4220,gtf3c2,tfap2a,1,0,12.676507158612727,0.45117246046713166,24.11653180547,5.664429918374982,15.79468387289695,1.999570912764498,3.133639892383216,8.309000742542322,0.4178876625888063,0.6549318119330273,0.3530047933469953,0.4165530337478807,1.1473465140478671,1.0,0.17602799736450409,0.043292816152035625,2.562449145770194,1.0135050870310385,1.0,0.0
4221,gtf3c2,tfap4,0,1,5.9221174588110514,3.0509692944854003,8.607020052365854,16.57321010595247,8.112276012482615,3.6962083412824525,2.904983087615117,3.508245667111438,2.5766353900733234,0.9425185445283997,0.2230230786704933,0.4013239507142351,0.6072152927097552,1.0,0.24354840588398335,0.040163399229902204,2.2698275345766934,2.133839817012711,0.0,1.0
4222,ctcf,e2f4,0,1,53.27615022701838,4.895750287008731,36.16906924445255,121.85322419665651,113.46030811199995,112.60353288291789,1.7421596442599707,21.543339912688076,4.706649184057913,3.136942986980567,0.9240915340999863,0.4460784209891131,0.3254800467212045,1.0,0.6779072119279862,0.23975577276487195,36.04441300501332,43.785083152581194,0.0,1.0
4223,ctcf,e2f5,0,1,6.329996922041673,0.5354201848829785,37.53586666606904,0.5024528226253053,114.8799419262547,2.174926248414538,2.099893039502234,5.416556315712946,0.2592064551624522,3.060537883626427,4.328617833313373,0.4593731797943836,0.7445468093754233,1.0,0.35663659845102014,0.08403546478425723,8.64154388981452,3.587770749128027,0.0,1.0
4224,gtf3c2,tfeb,1,0,0.00010000000000000056,21.328562647778863,15.535687644395965,0.4378716180007577,8.869785002511913,6.149975541891676,1.0205363925514637,9.999935632487904e-05,0.42906302990086687,0.5709296688718779,14.045156820100257,0.405052438670344,0.8864655903086434,1.0,0.280832619694026,0.053252884942318016,2.35105233384289,2.1703468358906486,1.0,0.0
4225,gtf3c2,tgif1,1,0,0.441316495693662,9.521014996535424,37.71997804373457,44.29236406264363,6.005199832859066,97.28611969558281,5.691402468865876,0.4362128887085764,7.836494749914893,0.1592047541993878,2.196453536731275,0.3908337278106509,0.3255621296686475,1.0,0.36832656895244487,0.08122055541948536,4.544523997037839,12.926012468320689,1.0,0.0
4226,ctcf,elf2,1,0,6.9890300462614725,1.1681730287560106,413.6939138983439,1.4667597705251696,1176.7781623853396,1.9139555402690096,2.083177682286532,6.872917563712198,0.6502743462980493,2.8445624236920892,1.3048868524555475,0.48889284793672927,0.8108785344175125,1.0,0.2679406135022312,0.06252368896349117,9.983919103131251,1.8930593269000338,1.0,0.0
4227,ctcf,elf3,1,0,2.667966661023194,7.701719977112049,469.9211343067948,523.6906316446826,1353.1390606844325,21.207714026219506,69.38830811557713,2.652904853440763,7.590095317056602,2.8795024566846066,0.040496645814753984,0.4855129509204627,0.6989745097853205,1.0,0.2904493341870668,0.09979373089407644,13.259278126223032,8.541627041337904,1.0,0.0
4228,gtf3c2,thap11,1,0,1.0145072251641682,14.903057954377873,34.825792710480314,27.36408649994992,8.060839314000958,29.770697518643303,2.9187512387391683,0.9857902526009252,9.64835860671933,0.2314617611439227,1.0879477931301593,0.4012959338049833,0.48640902196738234,1.0,0.3245156712828606,0.05904331118803758,3.177774299026238,4.419844953573962,1.0,0.0
4229,gtf3c2,topors,1,0,0.7519030997555187,14.939782570918313,23.765836294168903,13.24473171142649,7.9842494198046445,27.114161883602467,1.9462274837600404,0.7288439480801381,7.020642967149141,0.3359549111159884,2.04716580708166,0.4015177670111177,0.2849778391305121,1.0,0.29117822483987515,0.05448302171589367,4.592310022694305,7.343716531887827,1.0,0.0
4230,gtf3c2,yy1,0,1,1.1884903176333994,16.23133305431507,38.85157514436819,28.96245057180444,8.53873110885418,48.79935892179996,2.8695292810316286,1.153212921884663,10.40185493627058,0.21977824778339594,1.6849181598364873,0.40250339969914534,0.46532382546059853,1.0,0.37092516512447143,0.06964628853754525,5.044919359567372,10.302765593833374,0.0,1.0
4231,ctcf,eno1,1,0,31.44306769303273,10.635526036206572,226.06863371857798,336.1700213497596,606.4910168031761,673.6490894603171,8.448879413689097,27.603760583767286,10.309365122924119,2.6827738409662247,2.0038940020753246,0.4634324195320004,0.2723324004633168,1.0,0.648555727459939,0.4058983766038181,69.534104382175,347.0648121426352,1.0,0.0
4232,gtf3c2,zbtb7a,0,1,9.999127855646599,2.517245658883629,5.11182121884688,11.760628421930193,8.141749246262654,3.49245532687541,1.834689769424863,3.382564105700987,2.0734452953769003,1.5927296549896286,0.2969616249726064,0.4039127141094499,0.7467637396449704,1.0,0.21838244877024204,0.035071577724241236,1.7655803088449906,1.9585411050396555,0.0,1.0
4233,ctcf,erf,1,0,12.663867945581949,0.00010000000567189637,256.09044911072533,8.189220486761636,724.007246377437,3.5630324568356886,6.525064400118424,12.067138735425528,9.999878456922362e-05,2.8271544248977416,0.43508810913023327,0.4791249075839764,0.6550953200113111,1.0,0.29581907043795436,0.07140768064044799,14.357084015263839,3.351850882020984,1.0,0.0
4234,gtf3c2,zfhx3,1,0,5.195058614310032,3.2304562370573664,7.093965782033444,12.334075823503692,7.2031904583841,1.6025501384860477,2.9848401418758232,2.9989010402273264,2.559967239448102,1.015396842853018,0.12992867576119843,0.3955027613605581,1.1330878556298376,1.0,0.1654198278320451,0.034219387849994023,1.3458242458525214,0.7579797575873127,1.0,0.0
4235,ctcf,esrrb,1,0,8.473770320035449,0.7552338443705383,78.70808257121607,71.70079488134961,238.72418510888826,3.8451161590759564,10.172128570595152,7.650149565768145,0.7473617850027547,3.0330326608183804,0.05362724591043726,0.4821363788293885,0.7434714534819786,1.0,0.2899628223203544,0.07203221443616067,8.597301328152476,3.9476005835539607,1.0,0.0
4236,gtf3c2,zfp263,1,0,5.9321945857730265,1.635474509735659,12.145930748138813,31.874362995869987,9.866285286531893,1.4731644641814616,3.041795492804585,3.985591608225243,1.5556538638865811,0.8123119990655107,0.046217848004439864,0.40802874424856544,0.8064547910115681,1.0,0.1367907717897578,0.02380948295032753,0.8345449687485709,0.27656308795065854,1.0,0.0
4237,gtf3c2,zfp42,1,0,0.27762165806904726,10.69479002275757,104.72327241067842,147.14685048047554,7.008574307627281,1612.1668959959459,14.66756377697558,0.276887628271372,9.970148963109358,0.06692470686117169,10.956176708721737,0.3943396284181112,0.25651725376872736,1.0,0.45237255389899855,0.1882012043963769,12.498170167585247,79.2742921328105,1.0,0.0
4238,ctcf,etv5,1,0,8.45104388471302,9.999999999976694e-05,487.64888916971296,195.63537495602708,1419.850451276096,10.55259148943434,40.844151121561936,8.307080666855642,9.999994888429311e-05,2.91162449625094,0.05394009898161947,0.49191456444778087,0.3888579820766111,1.0,0.44815173731200847,0.11323880458098716,15.315578252917234,8.591853782733226,1.0,0.0
4239,ctcf,etv6,1,0,3.60011764258442,0.27957032295578127,305.5878457237019,310.88997727651287,922.9552017394386,3.112389446448655,64.8975456826783,3.5581986529208627,0.27931914296056465,3.0202614883248047,0.010011224786704598,0.5060057506131092,1.1264702967872442,1.0,0.2819491197224082,0.07121876005250376,10.040426959578589,3.3305152005725134,1.0,0.0
4240,ctcf,ezh2,1,0,11.192061864336951,2.2141501390931104,27.947652741394435,44.86611380565102,83.1870533419236,37.700260040828326,3.6696783003866207,7.991674481931183,2.110020288754977,2.9765309491881506,0.8402836092320496,0.4347717586955317,0.30300609346648444,1.0,0.6047286615428884,0.20242876155443446,31.79619841528215,30.588054395913822,1.0,0.0
4241,gtf3c2,zfp57,0,1,0.00010000000000027494,12.8548833847905,14.128779633902965,1.689989514868997,6.194262809407129,24.354675787291008,1.1262775329996586,9.99992922300724e-05,1.4936272241793336,0.4384145672810676,14.411140171587935,0.3923402366863906,0.3269780032060683,1.0,0.31460944321906265,0.07650668427344609,4.930773965161027,9.555575060576398,0.0,1.0
4242,gtf3c2,zfx,1,0,8.805784345839006,1.4935164566327368,5.073973051020268,17.994103423712012,7.7030713418299275,2.391445570816835,1.707035307799941,3.2190989501007823,1.3790544843688697,1.518153775034537,0.13290162418792537,0.40154508095335234,0.7816234677346097,1.0,0.1908906871325603,0.027577633638378764,0.9824151904825144,1.2073520420102843,1.0,0.0
4243,ctcf,foxp4,1,0,37.11374745985999,1.496716561425613,234.10706174524253,32.533841584347066,685.5669660196622,4.891917413220204,7.644021919051126,32.03511704595018,1.4308886530013727,2.928433516310168,0.15036396487446602,0.49127426784691947,0.5947644684218206,1.0,0.43661823544810563,0.10012068269946961,17.478751883431762,4.721712254129597,1.0,0.0
4244,ctcf,gabpa,0,1,6.830132335358984,0.08185128522110939,224.80670259381205,184.06534752013664,649.7053672991835,5.424966108455071,32.9583827367763,6.628736440216567,0.08181490327809961,2.8900622615024605,0.029473044120168154,0.47850738359675915,0.538676252013358,1.0,0.35072137961702604,0.09007255845397535,13.098984264306305,4.386233596219423,0.0,1.0
4245,ctcf,gtf2i,1,0,13.33332827493315,0.00010000000000021103,275.336165801972,7.622910096247919,767.2699443899473,3.754355352952693,4.582709154439499,12.71747642174159,9.999868818245483e-05,2.786666045686803,0.49250946233783194,0.4759674428185206,0.5467104295119162,1.0,0.3349846724071217,0.0768099195979393,14.035834107097957,3.0911542972048354,1.0,0.0
4246,ctcf,herpud1,1,0,0.00010000000000000025,43.40625945003426,258.0393356429738,319.2054048945699,738.2302956462535,3.307182011652122,-1.135982661031266,9.99999612462339e-05,38.21033349202881,2.860921548285481,0.010360670467796273,0.510224733974732,1.4312556041772935,1.0,0.3148921677668049,0.08373545743733478,12.801089115038277,2.6187403668547407,1.0,0.0
4247,ctcf,hes1,0,1,2.1654351028330017,0.0001000000000000829,370.9113547333974,315.3057862874851,1107.7176548645195,8.453566800896441,117.77273532239052,2.1528663520762477,9.99999682848488e-05,2.986475449533546,0.02681069351892187,0.49090102051604134,0.6114024308950458,1.0,0.35878590304545893,0.11889752347442956,16.737730039082827,8.297159161758938,0.0,1.0
4248,ctcf,hic2,1,0,8.013895411623768,1.962779422213583,293.2043276964097,2.092941760945356,791.4287243361034,3.776092544509883,1.9751529439639626,7.8006861342906015,1.0128859541265012,2.699239573146978,1.8042033538497837,0.46954033612060064,0.4249021654862692,1.0,0.332501522851522,0.08522690448037265,9.985453625360485,3.8667939144130052,1.0,0.0
4249,ctcf,hif1a,1,0,12.19287264594594,0.00010000000000021103,65.69406383017804,6.5883205792014135,191.94296815486396,4.52870106702428,4.291819724504222,10.284129664305754,9.999848218575464e-05,2.9217703543358917,0.6873832280294435,0.46610931553008034,0.4481505565833347,1.0,0.36382921071790963,0.08996009571268686,11.46984590056677,4.4805421954554845,1.0,0.0
4250,ctcf,hltf,1,0,5.463863152485617,0.5130866048921982,427.031607509369,0.37682977371370624,1271.8799734322788,2.1165343759630963,1.7069329355564378,5.3948363011676035,0.21726345740478092,2.9784211544677617,5.61668563262498,0.4910653619354997,0.7483230309248098,1.0,0.31115254403266945,0.06984653082486196,9.687498265915211,2.626126805716005,1.0,0.0
4251,ctcf,hmga1-rs1,1,0,8.9670803718021,14.274062315802404,229.40310792920616,410.67006632249513,644.4757582780035,12.834570252983426,21.34381254603636,8.629754085459528,13.794590212850165,2.8093593155542114,0.03125275325741556,0.4767149622806095,0.6089928527311852,1.0,0.5462332809860303,0.13152256148242245,23.09466728499318,10.989515348369753,1.0,0.0
4252,ctcf,hmga2,1,0,1.416254916128544,0.03872456905315443,455.37207433877677,458.8183048880227,1315.6458671901069,10.846718894725358,135.72039683324692,1.4118638713951333,0.03872130094968847,2.88916677444591,0.02364055396040174,0.49263287637305725,0.5797142823844766,1.0,0.41349134679849164,0.12093101252485723,18.207684000125347,11.119494581154523,1.0,0.0
4253,ctcf,hsf1,0,1,2.8004698662775747,0.03899372432370026,354.4294151276762,417.6125795103469,1013.0148193397451,3.5447533598070233,83.82200973781346,2.7785158478671006,0.038990083704020906,2.858156733336669,0.008488138369690076,0.47324175335526,0.8017935875498045,1.0,0.41013109850749874,0.08426033525197088,11.168810783399412,3.3008320386763175,0.0,1.0
4254,ctcf,irf9,1,0,4.681977580663644,0.11175009114153713,384.2132003882246,0.023304231969049658,1164.6287613601469,1.079929607590945,1.2216246116159937,4.625610427488012,0.019282981740557682,3.031204446342184,46.34049339301116,0.515323313867242,1.0188834246205338,1.0,0.16788563191397765,0.052007708542737646,5.604157303108813,0.9584775320917529,1.0,0.0
4255,ctcf,irx2,1,0,2.6883973636166894,0.00010000000000001673,999.9982516894979,561.5353443490926,9999.908603953863,4.508292265162684,359.23765773327443,2.681189248906549,9.999998219170186e-05,9.999926086929662,0.00802851024522508,0.4776800292968749,1.4190034409756975,1.0,0.24311107334698515,0.07045198223304577,7.4051406462683005,3.4491503422816474,1.0,0.0
4256,ctcf,jund,0,1,6.084507963118371,32.376220807526884,387.1888893524143,414.4745406641553,105.57507046451136,1588.5128131771507,13.933836624472434,5.9903718293092805,30.03042716867199,0.27267071284273936,3.832594423367266,0.45888782462171984,0.8141629842311178,1.0,0.3159537459268488,0.15266112770704157,17.39903140269547,43.63944485588439,0.0,1.0
4257,ctcf,klf10,1,0,6.253512132312842,0.00010000014397371082,999.9828007638336,3.793195932891803,4562.170670430382,3.2521448004917417,5.04925643984609,6.214648086672879,9.999750773626155e-05,4.562249137630751,0.8573627247386659,0.48323567353516983,0.740302432610125,1.0,0.21652290575856914,0.06923142200423951,6.690135470860135,2.9585190171635114,1.0,0.0
4258,ctcf,klf15,0,1,18.123462629911394,5.253922241656888,37.94080381398835,84.82222857137214,116.96912792726931,23.045701305178177,3.285073630793697,12.26483076809143,4.947473768090628,3.0829375281749853,0.2716941265671508,0.45909898695389834,0.530775220489614,1.0,0.545763207899958,0.15449672334750983,22.37644972840156,17.467945172448726,0.0,1.0
4259,ctcf,klf16,1,0,6.653714078655062,0.8764195221703823,371.3094455713095,0.5869591015336504,1106.5475634991255,1.4575337257051413,1.6539881471267108,6.536581204960458,0.35153063395008316,2.980122312257781,2.4831946926059905,0.4963797634398993,0.9609546932299052,1.0,0.29927657588299184,0.06724268561626587,13.385325110132047,2.3081469450143404,1.0,0.0
4260,ctcf,klf2,0,1,9.12830279894369,78.66159218258903,388.25863232963445,133.47801103680902,80.54967013779395,2657.8826498905005,2.739772034681863,8.918618220455365,49.493789514924984,0.20746395168210113,19.91251314913241,0.4465210564844295,0.3231116652905441,1.0,0.6258510016281403,0.3588453507745027,54.138236619980766,251.66409074243282,0.0,1.0
4261,ctcf,klf5,0,1,33.13113351852792,6.98173230305647,115.73563829989688,177.61030893947353,333.02098498426733,47.78799816797263,4.669885999248456,25.757614264940745,6.717665739712615,2.877428161940366,0.2690609483949377,0.4733271094500166,0.2868780337008175,1.0,0.5104946479043361,0.16496544876341374,22.33838058206844,21.707330097619955,0.0,1.0
4262,ctcf,klf6,0,1,0.795474707529357,16.02190354103595,318.63454478210633,515.262404194458,898.3823946877544,20.264734956462974,33.15263073046206,0.7934937415220609,15.538732121627,2.8194758208093864,0.0393289609168053,0.47788282407413935,0.6453689824307604,1.0,0.4241253656654706,0.1347661759653579,18.891625679602875,9.199768074821026,0.0,1.0
4263,ctcf,mecp2,0,1,3.9912829995526438,0.3647554789863578,999.9986692509929,0.3179671776055676,3849.7112314067167,1.2534684697288025,1.798376720828287,3.9754159682673116,0.16987904099802334,3.849716354412933,3.9421316349944364,0.48796656536238586,1.1297610559847202,1.0,0.26787148021127855,0.0504183431168116,6.875055140116223,0.5020027330734596,0.0,1.0
4264,ctcf,mga,1,0,7.260450593168893,0.5635502264530806,251.53948801405608,223.33129313811668,707.4430966159593,16.807672986291298,33.002700209979004,7.056763748807429,0.5621317531512271,2.812453433062674,0.07525892475756536,0.4746662155779846,0.3451887351444975,1.0,0.44775860814369783,0.1364200606973359,20.550949711842716,12.239756984656063,1.0,0.0
4265,ctcf,mtf1,1,0,13.394646646665567,0.029791793090058118,306.27364809937706,154.03208003728852,883.8248587702578,4.449100348069229,23.86743231853503,12.833388111684599,0.02978603208686521,2.885735890942475,0.028884245067600064,0.4830953566188433,0.8505617252066116,1.0,0.29169678461751486,0.0719637945493366,5.746155420327321,1.4834118392445976,1.0,0.0
4266,ctcf,mybl2,1,0,178.55156797208824,8.342983910504877,62.26596344603322,273.5150627795699,191.55222016439328,246.1871381879917,1.3898682092368837,46.16642874425445,8.09603200919024,3.076355195730879,0.9000862171397038,0.45150410760309273,0.24724192651697569,1.0,0.6220787448345972,0.24149133127740366,38.594684333651266,56.748965286532936,1.0,0.0
4267,ctcf,myef2,1,0,3.6027075317124737,0.0001,1000.0,563.8146764864075,3203.5046769299424,4.965170730293232,245.78747823328,3.58977462363874,9.999998226367875e-05,3.2035046769299425,0.00880638787417754,0.4909871270255424,1.408206667917683,1.0,0.19906891562854553,0.06220561686981085,3.8073899571911918,2.7611098464935817,1.0,0.0
4268,ctcf,nanog,1,0,22.324627592062175,0.32700360150764185,265.49417113647013,54.778339824101295,760.9567164025372,27.62624368449254,12.969396889465918,20.593020763995536,0.32506311173384483,2.866189917259569,0.504327874360617,0.4877841125821231,0.22157295735171542,1.0,0.34782712137052046,0.16870176985053056,23.202527790210475,25.559366889609,1.0,0.0
4269,ctcf,nfe2l1,1,0,5.248096379940121,0.3052038755728358,393.9115426562474,0.12652272415034815,1162.608885148273,1.6422661034294859,1.4202045606620004,5.17909512600662,0.089443702990454,2.9514466047592833,12.980009041521786,0.4952569378308416,0.8257161280468363,1.0,0.28270701550319943,0.06795907132728819,10.522033284234904,2.304982033859143,1.0,0.0
4270,ctcf,nfe2l2,1,0,10.590160713628405,0.29728011569766005,296.49538248242163,207.6720944446547,845.4486894950877,14.911506472078813,28.55111668309831,10.224948132230919,0.29685517107600107,2.8514733768078564,0.07180313037220694,0.4831572885011274,0.3175335920955992,1.0,0.3745759892486852,0.11349778998694902,17.966493871511233,8.414200635083613,1.0,0.0
4271,ctcf,nfib,1,0,14.830312195469464,9.999999999998899e-05,228.33254930813933,8.877741907159729,674.680783965699,2.700629178195361,6.745065257910198,13.925823086996678,9.999887360011563e-05,2.954816499049392,0.30420226296704517,0.507809218867765,0.8099615897987973,1.0,0.3005900180752689,0.07480189706255842,13.771257265671586,2.4320581737586178,1.0,0.0
4272,ctcf,nfic,1,0,24.862540971354935,3.8290516262224625,547.3804147434263,294.8403901165316,1611.6217311854264,12.993182676161995,23.315179130760427,23.78232506414436,3.77996178204314,2.944244419013132,0.044068530336113784,0.5020139877887156,1.2436981253004324,1.0,0.17468288048812036,0.054153589391179355,4.948595194702198,1.629848908175275,1.0,0.0
4273,ctcf,nfyb,1,0,6.4182759508722995,1.6739933138522813,187.47669389147302,207.1910586497259,508.66481519546454,14.709322937856452,25.265327900922983,6.205819350192867,1.6605767389467256,2.713216265110381,0.07099400444072161,0.4696527311637044,0.37505825086335437,1.0,0.526771956486709,0.1311788325012861,22.41458042570937,11.69986990805551,1.0,0.0
4274,ctcf,nfyc,1,0,4.10537544174406,4.910165177159302,273.1561847436895,370.4095126782743,766.2784898169003,17.404355493622212,35.83921042220223,4.044587687731556,4.84592734607954,2.805276001844593,0.04698679406956557,0.4772798624107532,0.4257224215455265,1.0,0.5782156851095923,0.16149513550739397,24.72498315620187,16.932460868168768,1.0,0.0
4275,ctcf,nr0b1,1,0,0.0001,16.889561553573238,237.15407424718381,387.7995421586977,675.3218231292285,27.73385548622415,23.30577425907484,9.99999578333376e-05,16.18468146944141,2.8476079328299706,0.07151595726968324,0.4842384033992424,0.6320166416937291,1.0,0.4281529201942357,0.14527418498393166,23.022373440696143,15.573586505627647,1.0,0.0
4276,ctcf,nr1h2,1,0,23.96332731352955,2.6016614367721056,17.059928030933687,45.9080889154317,63.925036702672955,14.99456144170665,1.808934434740076,9.965387581210022,2.462129854307889,3.74708712643815,0.32662133832947093,0.4406926666319115,0.42585956556843835,1.0,0.5346251048143117,0.12617237786091284,15.480164129911616,11.282930538706053,1.0,0.0
4277,ctcf,nr2f6,1,0,2.500096745757106,0.0001,481.85352338125665,513.8136841469092,1394.9133711575237,3.4227506642689485,120.15573060781722,2.4871919516595495,9.999998053769613e-05,2.894890881712672,0.006661462646624099,0.48716489127625334,0.9672632929780958,1.0,0.3811512992607789,0.08659742905864842,12.903753100617696,1.7232919478710045,1.0,0.0
4278,ctcf,nr5a2,1,0,7.198315118386197,0.00010000000000000032,320.66924995116017,216.5394161953697,942.6004544660855,6.324223542500623,45.15063945898994,7.040276489183591,9.999995381905294e-05,2.93947877637051,0.029205876942028326,0.4943443844582922,0.522578255216363,1.0,0.29135654553888723,0.08476028849635403,10.612206638783132,6.133140591500197,1.0,0.0
4279,ctcf,polr3g,1,0,2.2198606306831374,0.9484367853287938,99.82537147144814,119.67129924815393,275.730641515292,5.559953421964653,26.693217775280324,2.1715704644681693,0.9409791969991765,2.7621298819224127,0.04646020772646054,0.4620966429772177,0.6241034984604679,1.0,0.4473819145171699,0.10882705166783052,13.874594589034952,7.438243319150004,1.0,0.0
4280,ctcf,pou2f1,1,0,30.06345881122063,0.38935573338476914,291.1350371183004,24.243647159450727,873.3232762374524,2.932532200580173,10.855603222224689,27.24958649504304,0.3832014740856042,2.999718910103508,0.12096085136418944,0.49315649285270036,0.8334948579219545,1.0,0.3441428050873456,0.07829146134889173,12.839134520411147,2.110979265056953,1.0,0.0
4281,ctcf,pou5f1,1,0,9.035540486344715,82.66951304265426,354.1775387338852,110.90163394453687,74.53169631444719,2958.132108536218,2.388241899611856,8.810766114079138,47.36338145703208,0.21043597677278827,26.673476335034092,0.43265705744357263,0.24921546384214985,1.0,0.7173727698470483,0.391080186469876,61.27200351876555,311.32777146609635,1.0,0.0
4282,ctcf,pten,1,0,15.775611116898338,6.291935648202003,98.54547986808898,147.90755410958408,288.1315947518828,9.158048710882367,7.512944373493866,13.59867330107319,6.035200335631902,2.9238438448680757,0.061917383233159325,0.4766683945689276,0.6332870689991534,1.0,0.4360579193986693,0.1021893047151067,16.78102402680726,4.96971142109399,1.0,0.0
4283,ctcf,pura,1,0,18.047825071514886,3.527343031033096,615.9937962047807,329.1912169142183,1798.6057556701808,28.981410850549658,35.39142170702857,17.534098560696346,3.489947615338146,2.9198439444546826,0.08803822629964556,0.48524257872571036,0.6605927786043196,1.0,0.4888593808974525,0.12010858380308012,16.562387164018986,7.83319873845504,1.0,0.0
4284,ctcf,rara,1,0,23.352049243973248,10.363805886452385,195.65218542291,277.49569364979584,535.1735839913285,5.718434350578879,9.64562610857027,20.86205993065057,9.990677771434108,2.735331490596588,0.020607290424462,0.4658962861977517,1.040441784480331,1.0,0.29676880109172543,0.06280533006521852,6.573263148800848,1.7738350930561722,1.0,0.0
4285,ctcf,rarg,1,0,5.784095699490482,0.7857070326690561,73.95351101450753,0.8308181937050434,224.19621058210862,1.9268487042340663,2.052694332438037,5.3645224963360025,0.4038165857316396,3.031583051386537,2.3192182343061867,0.4785030422862046,0.8115068694873204,1.0,0.24910744800193382,0.06693353074543687,6.858904871032925,2.306105410054814,1.0,0.0
4286,ctcf,rbpj,1,0,46.03191489587217,6.906328758154243,109.00293899937553,182.89642713985734,319.46952157619404,13.117285495058297,3.495164293961992,32.36442571042411,6.655029051308374,2.9308340170353047,0.07171974707317691,0.4760501378750346,0.5625348728435587,1.0,0.3690783621648195,0.08233853958109927,11.613779369444647,4.703747549534802,1.0,0.0
4287,ctcf,relb,1,0,6.365986948903936,0.6116614910948788,274.38189238123124,255.7310608639648,776.9623564573279,7.03382006056382,39.45134367655319,6.221637542132601,0.6102020005493652,2.8316823304717285,0.02750475455269563,0.48084485502949353,0.6232623080191829,1.0,0.34308163587353296,0.08077158170115953,11.182251814124662,4.17849922163576,1.0,0.0
4288,ctcf,rest,0,1,10.95268972035801,1.5641458333410474,428.2218618063439,285.37480032959286,1292.5922820417813,79.25583921353633,38.447045835957816,10.679537708946114,1.555619447429778,3.0185107238320645,0.27772543028326263,0.5058513233126581,0.28634397128780836,1.0,0.5960132161753926,0.21693337514380756,34.84495048022476,50.49937130901388,0.0,1.0
4289,ctcf,rfx7,1,0,5.103021924068262,0.14667705217892457,263.3304560753329,0.05167696917746151,742.8876830309596,1.534482007138019,1.372454123755972,5.006011547599574,0.038213621547265715,2.8211232916348883,29.69373071916282,0.48382418278192096,0.8623684550311861,1.0,0.2722471351302959,0.06437118376763985,10.668095556476118,1.697318396829205,1.0,0.0
4290,ctcf,rxrb,1,0,8.597210285506739,0.5871774567447711,335.12826914286154,1.3478781629681806,974.2849283545478,1.5437205288048579,2.587486388542743,8.382178147603717,0.4090030610339118,2.9072000725167735,1.1452967866215817,0.48941919355807945,1.1008333322039732,1.0,0.38494569243950166,0.07678435720156765,12.976796609543065,2.195204494338239,1.0,0.0
4291,ctcf,sall4,0,1,5.156095387472783,103.71364924434222,265.04172780601897,74.53774630913995,103.6185730945219,81.73369845607132,1.7293023392782487,5.057703330384744,43.3689826223573,0.3909519227491573,1.096541048036074,0.4619767235075882,0.5153857288749181,1.0,0.3570710227900093,0.1043859223864189,11.806715648219893,9.032642262815331,0.0,1.0
4292,ctcf,smad1,0,1,9.927761983601997,0.6109706568352221,79.52307966646704,2.112888223887458,230.43206184673264,1.8542072167959012,3.0928124754219652,8.825922624855428,0.47392789512848316,2.897675276324846,0.8775699518000933,0.46843553459119497,0.9417984703348928,1.0,0.39417778511923246,0.08012694378557506,11.41748457460308,1.9218011510903645,0.0,1.0
4293,ctcf,smad2,1,0,5.346288078225202,0.0751764030743163,302.87443629580514,0.019616426848235682,860.0849364939526,1.7883597868783268,1.28319636200276,5.253553249075014,0.015557003760998219,2.839740940215709,91.16643926613848,0.4783466905585365,0.746837158203125,1.0,0.3092587661616094,0.07312167341393275,9.271006696909705,2.9473054202501285,1.0,0.0
4294,ctcf,smarca5,1,0,72.21411207989024,5.973909749433312,62.725130158375016,141.25567549870092,187.28825871437863,204.95724643701934,1.9476251484392824,33.5679933008999,5.7315155483342055,2.985856836669665,1.4509664529472606,0.46092174124710944,0.1614860841423948,1.0,0.5923212079989725,0.25011265908771885,35.950860723996065,88.0183376513857,1.0,0.0
4295,ctcf,smc3,1,0,27.403656495427416,8.327534142570643,147.59638812372177,216.18158393013033,406.40662113117537,65.24287768080828,6.619069560517069,23.112455364858057,8.018647690692893,2.7534997725723986,0.30179664934777567,0.46706926177605884,0.23471770827783398,1.0,0.6472082164342408,0.21013376087033286,28.504995129169334,38.284343161196674,1.0,0.0
4296,ctcf,sox2,1,0,272.2840749474141,5.294857826262591,84.35620979897928,379.45560591308697,240.5169357105437,406.4188003798429,1.316157783253999,64.40341580457797,5.221991067044526,2.8512060497228977,1.0710575731299954,0.4368326754162357,0.345973624650897,1.0,0.6236190447934905,0.22683640234161118,33.68880946066432,45.17250166913091,1.0,0.0
4297,ctcf,sp3,0,1,11.272276930782839,0.33366456325447896,216.62808654938092,152.8323323700301,659.0986604876098,6.224551191952457,20.03557894585039,10.714734041144935,0.33293769147483526,3.0425355778479193,0.040727973560475944,0.4988341625310387,0.5486470970672372,1.0,0.27040848503251397,0.08505959722980141,13.403547467931348,3.888367287461744,0.0,1.0
4298,ctcf,sp5,0,1,30.528424048885313,28.80419599491437,447.10095236109055,885.7286365273312,1286.5244907786307,118.32988712130422,13.723669483315177,28.57715237059435,27.896976836226308,2.877480989437928,0.13359609505823275,0.49205831275924894,0.8745334061959306,1.0,0.36810734907760395,0.17631898631128212,29.7579813692706,32.160153969435626,0.0,1.0
4299,ctcf,srebf1,1,0,6.539441571457594,1.1253340496279918,373.7277811581229,1.039682337955594,1110.4510306782452,3.082611194910692,1.8584934665487935,6.426983033065716,0.5404069652350826,2.9712830746409433,2.964954854357018,0.48411213634844164,0.5211247796984122,1.0,0.3413531111473302,0.08415467105691549,10.948641218722518,3.8819742382852227,1.0,0.0
4300,ctcf,stat6,1,0,20.234089891896815,0.00010000007622590346,281.02101821355376,16.942633164134126,834.504134416242,2.397886854997339,13.836225164335303,18.875047728833977,9.999948600146043e-05,2.969543487249359,0.14152976292217834,0.4973328857823191,1.0010845097717684,1.0,0.2547589730444931,0.05378003107881808,9.424305423064713,2.4739163465580307,1.0,0.0
4301,ctcf,taf1,0,1,7.327758052945326,0.3454963196583277,203.15752969457932,161.75901581241735,569.9784966460726,9.68561246239412,27.695055963644034,7.07265215620012,0.3447599570159344,2.8055986775531303,0.059876801387231296,0.47608473979804233,0.4574434693378372,1.0,0.34671831520424745,0.09768145700411554,11.015668132172369,6.236099311535752,0.0,1.0
4302,ctcf,tbp,0,1,5.337675224844133,0.1710264378720696,465.0086286304855,0.02903600286513507,1347.9594409176293,1.04238749187691,1.1832023794746265,5.277101182755608,0.024821871220647208,2.8987837169550073,35.89982742178866,0.49567868099180984,1.076830164810301,1.0,0.38155628584801154,0.07818175880549581,6.793304291192088,1.7039953375359649,0.0,1.0
4303,ctcf,tcf3,1,0,9.127634729384596,1.9731617657233207,35.500101556671,50.45649614780572,109.13533112446558,13.640870949847187,5.080501004381117,7.260775177758625,1.8989028918597224,3.0742258849667268,0.27034915206731824,0.45957039216828854,0.3902756914873118,1.0,0.5347785229590728,0.14246597696945593,18.011002732999188,11.869037222490023,1.0,0.0
4304,ctcf,tcf4,0,1,22.900397608216643,4.3727598152255815,52.08582358155581,93.02234438027607,161.202525139903,13.873605812006945,3.4283747819735937,15.906736608988394,4.17643548702044,3.094940505020385,0.14914272376636237,0.47229811370795843,0.5362395544250639,1.0,0.4439106989404105,0.10959209985568642,15.10809021373582,7.475996364864919,0.0,1.0
4305,ctcf,tcf7,1,0,6.982339541853657,0.00010000009878918803,999.9857490736428,247.05363993356139,4255.565440283269,12.45459007096056,66.05129024954306,6.933923841267986,0.00010000005831208471,4.255626086897237,0.05041249371719395,0.4904696914794039,0.6154096630525789,1.0,0.35400452636302043,0.08763234155031414,12.52824538021216,6.275940550922166,1.0,0.0
4306,ctcf,tcf7l1,1,0,15.638889854439011,9.999999999998899e-05,325.7393680737004,11.479242993321858,949.4059393259905,2.7864898550976775,15.672570541307266,14.922456191195119,9.999912886999438e-05,2.914618349450417,0.2427416038425827,0.49530557974143535,1.0037899981679552,1.0,0.2329877295053434,0.07129516343113075,6.948804601944792,2.8472519514906196,1.0,0.0
4307,ctcf,tead1,0,1,9.651707345630303,1.3151402679368238,321.0319690983644,2.6760911389744355,938.5285763841757,1.5475427371039214,2.498732143491793,9.370001711752513,0.8817918228043373,2.923473880249633,0.578284765629092,0.47963479471047654,1.0149819038801449,1.0,0.29966026387328754,0.05674164158302877,9.108740164099997,1.2409859912427603,0.0,1.0
4308,ctcf,tead4,1,0,7.8327301908169265,0.2677083532716469,258.2862209294244,1.8757045637059333,765.4934366589699,3.2002355051895535,3.3559043510867355,7.602187939001069,0.23427206955619956,2.9637408991637137,1.7061511536052731,0.49999084140474326,0.6862824519803268,1.0,0.35994230019645945,0.08328876883519784,14.153038915364382,2.945258375009874,1.0,0.0
4309,ctcf,tfap4,1,0,7.194290749962264,0.39836365698115683,673.6880502815194,1.8439036500051973,2058.863053008291,3.604674128418205,3.074031599296063,7.118274944769573,0.32758993490575994,3.056107425607353,1.9549145794076848,0.5022426554909198,0.6042975770946665,1.0,0.3684236190176411,0.1020254334562509,15.97910267606383,5.517912989742387,1.0,0.0
4310,ctcf,tfcp2l1,1,0,11.54283702833834,0.6141761226640172,346.73879953445294,222.71059146649856,1013.2322938652826,29.890363630625174,30.484051050980742,11.17095894957047,0.6124870475393784,2.922177429309018,0.1342116844726779,0.49378142109772344,0.2821673385182026,1.0,0.384745650411585,0.14521629008303966,20.53854236808968,14.540265867509367,1.0,0.0
4311,ctcf,tfdp2,1,0,6.928425842019514,0.0001,531.9874403909324,338.55319405916555,1533.327512092759,7.549184374105031,76.75463859812139,6.839352412090817,9.999997046255295e-05,2.8822626168880774,0.022298369965417415,0.4825081761122264,0.614983164983165,1.0,0.4385169704611818,0.09822112833698274,18.649922664552726,4.48792918953923,1.0,0.0
4312,ctcf,tfe3,1,0,14.68918122271244,5.0757102527604445,360.5155149459926,292.2890638340846,1088.2881164624018,9.138132931352306,24.94651358551232,14.114103012879296,4.989073109376227,3.0186998099802556,0.03126402613728815,0.49282252567731094,0.896175581363486,1.0,0.3215124943681913,0.07420597835175528,10.388502352644595,2.8439381732608733,1.0,0.0
4313,ctcf,tfeb,1,0,0.00010000000014365185,3.926303972276235,181.34262221262142,229.53406453455844,519.556263854126,6.004546131134748,50.6003377895001,9.999994499944807e-05,3.860271938739628,2.8650532208856796,0.026159716830312603,0.48063472147106545,0.8832572230255632,1.0,0.38161660749516585,0.09689874841409918,12.399484411060218,4.783819382696251,1.0,0.0
4314,ctcf,tgif1,1,0,172.8686293337746,7.4546993628261715,36.87032887125117,208.33816441560919,140.28800771585173,101.95295189879259,1.256698692099743,30.38883796127275,7.197172113699065,3.804902533029431,0.48936282118435537,0.46208845460739906,0.3219237192342255,1.0,0.5440180388930871,0.16068341148999815,22.999122346868454,26.017986307479937,1.0,0.0
4315,ctcf,tgif2,1,0,6.8052414411206295,0.7108127992496187,169.48235528252803,1.5665765625225738,480.3623802390845,2.612857923911463,2.5852058376476634,6.542538267825098,0.48895577117256406,2.8342913894388455,1.667877578676473,0.4747726211367395,0.7069247194312458,1.0,0.2964935487203826,0.08006486577484587,9.815062416060421,3.151266573235334,1.0,0.0
4316,hbp1,hdac2,0,1,0.8727537412241063,10.225027959820128,12.305039278494574,23.945681639785853,2.2793075547304262,75.55287610177928,3.5788967632344013,0.8149520219467659,7.165354982460918,0.1852336675360277,3.155177507089539,0.9942275426524648,0.22979052181886417,1.0,0.22809564358001008,0.05733301006519862,2.7090895878575783,4.9014484851839315,0.0,1.0
4317,hbp1,hes1,0,1,0.49165226461718675,2.14378457782509,4.001414721241126,3.573318924880503,2.4769386082934566,11.768599925259043,2.970602655421344,0.4378533895805992,1.339913821602861,0.6190157184020106,3.2934647515831803,1.0002100399075824,0.6502451953527644,1.0,0.1296504528036635,0.04040266026001784,1.2537818168359,4.761241152731456,0.0,1.0
4318,ctcf,xbp1,0,1,14.682357036807842,9.046481820165756,280.99980524581434,328.8136865208386,841.6301062095013,11.842939565194573,19.475514104967772,13.953291723932287,8.80425488431699,2.995127008978729,0.036017173404501904,0.4925192963254751,0.6838546069315301,1.0,0.3148745868509147,0.09020299133080342,11.509500338346564,5.174836214999386,0.0,1.0
4319,ctcf,ybx1,1,0,6.556322733486715,264.34071741209345,413.7497586098667,59.31745440883556,150.52569075650027,2884.2380755463346,1.2330841492061495,6.454051151671273,48.44623067995963,0.36380852828106197,48.6237668876889,0.4559885133528395,0.25894990332001844,1.0,0.7161581304637437,0.43775311099183484,70.47808524185128,489.2081566398824,1.0,0.0
4320,nr2c2,nr2f6,1,0,14.500235133567578,1.9405303981330084,28.262658375223882,35.92701711456849,7.493895091957577,7.652043819301126,3.0943745346597495,9.583429892464759,1.8410875117191159,0.2651518124185731,0.21298856498159444,0.9665609467455623,1.0102454277038047,1.0,0.07723301156668012,0.015908047713781206,0.5312675022681391,0.2125908807071263,1.0,0.0
4321,hbp1,id3,0,1,0.5004206752310868,2.938375222650635,8.20385671396984,5.751432421858632,2.5481523234088352,30.829310375252426,3.137742768581917,0.4716508140465817,1.9447917853299401,0.3106041965688826,5.360283858693002,1.0065532356715374,0.8390314563728352,1.0,0.19514938005701482,0.05888645219512803,1.9247609743266483,6.037840833480092,0.0,1.0
4322,nr2c2,nrf1,0,1,0.10687614412806049,8.301447710783659,91.42630389620889,133.05687635131514,2.4303099403045154,160.9751064013479,16.942709393333097,0.10675135320329802,7.813934615590188,0.026582174240178284,1.2098217755865484,0.932335852523129,0.5122460253152261,1.0,0.20353768351541718,0.04210963223498413,0.7509083989970633,2.788409393343159,0.0,1.0
4323,ctcf,zfhx3,1,0,5.644033377891299,0.4936754117491768,670.2064500153411,0.9198812236427332,2028.3651788821373,1.4948816923773356,2.3832679525658023,5.596900005121013,0.32126250230947195,3.026478152867236,1.6250812104388852,0.5047942968683133,1.1274548700654632,1.0,0.2283217179896145,0.05933467005782049,9.212699544960762,1.5338873780750097,1.0,0.0
4324,ctcf,zfp110,1,0,4.996650476356258,0.486590689424411,501.059392873243,0.07384171828404068,1529.7789553300674,1.710204675167663,1.162473826602195,4.947314999957998,0.06411244623598993,3.053089069057863,23.16041277085622,0.49183646331992703,0.663209228515625,1.0,0.256452609453087,0.06392815159144176,6.6460942718064535,2.6999709325084917,1.0,0.0
4325,hbp1,klf13,0,1,9.999999999998899e-05,12.237357573844779,6.202978151106533,304.3908024164169,2.220956820500571,464.2763814312501,6.400731153419088,9.999838789713355e-05,11.764396102588584,0.35804685530036573,1.5252641595789889,0.9853510619591528,0.6178879521246565,1.0,0.25054802660046127,0.05299193524204543,1.9654203015942358,4.330382137851455,0.0,1.0
4326,ctcf,zfp219,1,0,9.938737565283642,1.9019293843887273,263.2894743809455,244.93582088740075,727.676705674271,8.779808548539961,25.008195528102156,9.577213754517643,1.887274675458597,2.763789579455113,0.03584534314634249,0.4717021266009214,0.524212467359529,1.0,0.3821307895012898,0.09472179123631604,12.80434383130397,4.251865568819555,1.0,0.0
4327,hbp1,klf15,0,1,1.313631729565549,3.7015471464419076,18.48781319981331,12.32815708173835,2.3750320284290805,37.26552658533034,4.495399161713738,1.226485143693873,2.8467933043064395,0.12846473526966745,3.022797838983705,1.0003331350386675,0.5543172788257313,1.0,0.26986303877048645,0.05122672085152669,1.826621956795032,5.849050600954719,0.0,1.0
4328,hbp1,klf2,0,1,0.16741321236419812,13.236662508112822,11.210674677814877,82.09226995669182,2.3096647997995414,1801.4589254347516,7.309434320341023,0.16494995281262692,11.398718561574169,0.20602371098772518,21.944318586696653,0.993053677663602,0.34543407806386006,1.0,0.26962519741787044,0.15449324454765093,5.735204188314191,71.93461165352616,0.0,1.0
4329,ctcf,zfp281,0,1,5.77105924761659,0.9073461273225922,225.75940054262375,1.6535105031928303,674.8122597725535,3.3073978027527122,2.4014156562315634,5.627211544512323,0.5858611269687829,2.9890771243660694,2.0002278766093857,0.49545337171157255,0.5512773998488283,1.0,0.2384578538741076,0.07043979149065967,9.041405447123473,3.370270059235012,0.0,1.0
4330,hbp1,klf3,0,1,0.7843670707633021,3.601969145301673,8.386611447951765,8.054483767948849,2.1824232700363813,23.15239771061828,3.5387856267047115,0.7172824406507892,2.488921992770665,0.2602270635262812,2.874473197493855,0.991831634778026,0.42399401728074365,1.0,0.17055641517709402,0.037498707727589224,2.056841338137824,5.494317694890289,0.0,1.0
4331,ctcf,zfp42,0,1,2.4634160046695173,87.94082534786199,448.52772257424294,471.87584104855756,313.7856053887613,5533.326832809052,6.20748791360387,2.4499602670885445,74.12632280251114,0.6995902139289097,11.72623463942002,0.45326521470588815,0.2273722071965908,1.0,0.6547925320730131,0.29972620761595353,51.11857019530661,136.4750847640847,0.0,1.0
4332,ctcf,zfp57,1,0,7.479094906544725,1.2641770454546577,53.49869839702194,57.43237049478297,155.80267560241498,19.598822941984626,8.163417312932086,6.561763242169271,1.2369498290471015,2.9122703966773122,0.3412504615975226,0.4611982682981931,0.31564936501146273,1.0,0.4958467428919529,0.15619497795439377,21.86891917469444,16.685219529949006,1.0,0.0
4333,hbp1,klf5,0,1,1.5227122767848225,9.946608639026628,28.682154299553464,44.89142311656039,2.4246625355973896,96.49705043622352,5.805932675254964,1.44594806820899,8.142477085601948,0.08453557952008987,2.1495654122095735,0.9967177763775117,0.2997345247574955,1.0,0.2448205381097406,0.06041528337604067,2.182843082515599,11.594915159680793,0.0,1.0
4334,hbp1,klf6,0,1,0.9714440473608539,4.180521488922368,12.207126235122589,7.797306782152215,2.6851503233132434,22.710088886225247,3.0931606985001574,0.8998351006447461,2.7214289452810005,0.21996580289204146,2.9125555170161976,1.007498175665053,0.6569914954843846,1.0,0.21985991088353535,0.04432423874513266,1.1459908653275057,2.152639976941348,0.0,1.0
4335,hbp1,max,0,1,1.5607560694346683,4.62119058930006,19.083225262603715,18.12636851364604,2.3814168557834603,27.64428880002117,5.2086361772914955,1.4427575366372825,3.6823908540849684,0.12479110962705996,1.525086990215926,1.0004097146669546,0.44148865957025457,1.0,0.21819703404039234,0.04254449088389968,1.5184476351211065,2.8417545757642166,0.0,1.0
4336,hbp1,maz,0,1,0.4787663887307494,11.907982285971626,14.174516048541088,48.82449267635745,2.3266128576708787,85.49677390347209,5.272413827606994,0.4631236645862089,9.573151666752349,0.16414054982218212,1.7511041941634482,0.9978835349216737,0.3554709362080097,1.0,0.21303494085962765,0.0539040572671516,1.54446106839326,4.203510888416833,0.0,1.0
4337,hbp1,mecp2,0,1,2.0641887151393234,2.4231822524418307,0.22080376816986624,0.48772457650357215,2.3005345242757396,1.3232623674361113,5.047060007522526,0.19946702225313367,0.40600596560190716,10.41890971039008,2.7131344844715235,0.9918919219931615,1.1341802148281954,1.0,0.11928547781884422,0.01617924163591489,0.5324405258272881,0.03301324034857929,0.0,0.0
4338,nr2c2,plagl1,0,1,0.7499676802351367,18.52351824220961,22.818040609510977,5.998199568811915,3.4021634419551026,7.097136194074644,1.3669191704442216,0.72610263765358,4.530994116707553,0.1490997189538272,1.183211080701071,0.9433663824698121,1.0026830409230953,1.0,0.15315184091910644,0.03142194594160531,0.661158836737261,0.5737271774335903,0.0,1.0
4339,nr2c2,polr2a,0,1,1.68439684832585,22.15955921986355,39.61035599224414,22.123164218239555,4.471551392980251,10.312793926449432,2.0833360583547913,1.6156909584128185,11.07067338146187,0.11288844245317559,0.46615365798112174,0.9377603988798577,0.7871669529220066,1.0,0.11888640344835012,0.026843527243309823,0.9405101698213869,0.29418620671169526,0.0,1.0
4340,hbp1,mlx,0,1,9.999999999998899e-05,10.595644386240537,3.707099073709693,66.82819285764714,2.104441497330163,41.73904211338437,5.1465577911265825,9.99973025457112e-05,9.145604140805224,0.5676787848090202,0.624572359786745,0.9797176130131392,0.5739404470380273,1.0,0.21647861710244096,0.03398031838241214,0.9987526281982613,1.6941024837138183,0.0,1.0
4341,nr2c2,polr3g,1,0,16.193372332430688,3.8535545881263387,22.924210132861912,49.744225503820424,6.392495350355153,9.260218330471165,2.602788269188784,9.489857161742588,3.576493057999631,0.2788534616157394,0.18615664907196047,0.9536761723144347,0.653725970658775,1.0,0.22807777221118192,0.0396980975586142,0.9400032671059843,1.4476650121358328,1.0,0.0
4342,hbp1,mycn,0,1,0.8058971496390965,3.4819297797224964,13.686624068116751,10.750375602206136,2.462197341768848,40.36580762759013,4.270362721484364,0.7610829861103443,2.630076572137975,0.17989807636381153,3.754827656375696,0.9956041949285191,0.5619652677682067,1.0,0.22375679346045285,0.06163163970926633,1.6313126055140992,5.7023283216179985,0.0,1.0
4343,hbp1,nanog,0,1,3.1867368971039234,2.9478522051616265,2.5907632230981186,2.7531799352374335,2.134859546947225,29.435245404261245,3.748045628384593,1.4290057261682825,1.423596174065476,0.8240272703864813,10.691362750223863,0.9788281597821085,0.2257836759468173,1.0,0.23783166280451049,0.05410328165612466,2.4100432222035395,6.6787868127717065,0.0,1.0
4344,nr2c2,pten,1,0,26.320479132558077,2.5934192683701642,19.915954074760993,54.11796673053755,6.213065274407484,11.625606597383817,1.8343196015149061,11.337324643518416,2.474821858289529,0.3119642298372816,0.21481972253816675,0.9525472772435407,0.6372313357003184,1.0,0.18160383493771406,0.03993555123938433,0.9217054089310248,0.6994350310616491,1.0,0.0
4345,nr2c2,pura,0,1,1.3119314141602383,14.273483651392379,63.40760973365412,64.7871166941088,3.327808176784916,57.81188660709737,5.628450310575156,1.285337220120304,11.696570060346538,0.052482788592149915,0.8923361550422925,0.9347452488479706,0.6824938841540406,1.0,0.1972297644613268,0.033895872708248766,1.1345163001698186,1.3770447698291308,0.0,1.0
4346,nr2c2,rara,1,0,1.4758249867160314,21.728924112493257,37.124825522934714,18.09935726996409,4.930178406504285,8.053144232972574,1.9058273095831901,1.419399528526646,9.874379384523875,0.13280004247989136,0.44494089557184324,0.9409125762360586,1.0506453368997253,1.0,0.09002913598474331,0.021904532453728,0.4719505476732916,0.1464679277209706,-1.0,0.0
4347,nr2c2,relb,1,0,15.417641261068779,2.5436390867867447,8.497713907180573,29.04584383080251,3.6025784265776433,6.5809912468076925,1.6870091095275257,5.478267148381878,2.338820925606059,0.4239467774425145,0.22657256181446134,0.9355687925631554,0.6187822763394714,1.0,0.16867438167653112,0.026653344872871437,1.5641164361283575,0.3081655985974415,1.0,0.0
4348,hbp1,nfib,0,1,2.364973842684534,2.904277285172917,1.3025734165497531,1.0214486111126537,2.533232329604296,2.22361112530597,3.734995169821207,0.8399488378943347,0.7556742568381565,1.9447904413052608,2.176919231290366,1.0018264524211877,0.7915688730725462,1.0,0.12012206844650522,0.02394315930068674,0.5983786688399864,0.3807335846139193,0.0,1.0
4349,hbp1,nfic,0,1,1.8062418237339475,4.788599439629501,18.471977185301373,11.710122189185864,2.3999768946792592,4.535430829467341,3.7823192906510594,1.645354443814041,3.3987532982671884,0.12992528469496933,0.38730858279649283,0.9909262049579834,1.230499229817429,1.0,0.15262682908473005,0.023946555719048142,0.7935718058333734,1.0098211353050877,0.0,1.0
4350,hbp1,nrf1,0,1,0.0822479426230438,9.759950782242914,4.778448881744135,36.964817915294596,2.13809240894042,50.90883773778346,4.869799964372956,0.08085622363497377,7.721275323228299,0.44744486377345444,1.3772240906053368,0.9834128174875759,0.505968519081489,1.0,0.22904129008311042,0.04560876484561661,1.2932374603985957,4.113481612531569,0.0,1.0
4351,nr2c2,rxrb,1,0,0.3857095735724359,12.619056175858264,17.144477196550937,3.6034064045008223,1.9011072045508826,4.3871132994444215,1.3144746174050066,0.37722296261407573,2.803001555256896,0.11088744105497368,1.2174905650288885,0.9178953794139746,1.1658918468488224,1.0,0.18837816905239196,0.028180743122955595,0.08246985971454451,0.8368702291314136,1.0,0.0
4352,hbp1,patz1,0,1,0.966740224656302,10.97299896681218,9.324962343850528,14.06759241558852,2.223996835452041,13.504801394403978,2.51860106638336,0.8759305014110536,6.164537996905267,0.23849928326184455,0.9599937925013449,0.9868191540507317,0.44310269550973813,1.0,0.17634588574445034,0.03244145684809377,0.9164045359712572,2.1923810311372027,0.0,1.0
4353,nr2c2,setdb1,0,1,0.2908000828982099,14.767499920094282,18.136601556041093,4.0799278494428135,2.4231510134209437,12.18015317331086,1.2965176526043525,0.2862110100668613,3.1967404214180983,0.13360557135985712,2.9853844535447545,0.9268211777740185,0.44709426790013135,1.0,0.18453821108996896,0.037636657924447335,1.2173922310254797,1.8111904813832158,0.0,1.0
4354,nr2c2,sin3a,0,1,11.831033044890841,2.528618940174736,7.419107209866142,13.012405991157573,3.231816382531734,4.847930721924836,1.9432706120567589,4.559743534430799,2.117197314325619,0.43560718171506835,0.37256220911176535,0.9306534155739647,0.6110399429798793,1.0,0.15796618346375413,0.03321466817063488,0.9129307326115186,0.7892827213338764,0.0,1.0
4355,hbp1,pknox1,0,1,1.4584005572676546,0.046299873129425365,1.0252353427429663,0.03283352481096616,2.304881687497506,1.3815609778745352,4.060008941119989,0.6020221382612657,0.01921044808773002,2.2481488799741425,42.07775393682691,0.9946016755862316,0.9760299769277937,1.0,0.07687726080002713,0.01970726149147732,0.3636424841863389,0.14695863443496696,0.0,1.0
4356,hbp1,pou5f1,0,1,0.5922961195847201,6.348482719859897,0.7563751200181049,97.66887873983207,1.6793252241389485,2616.1478977362817,2.1856719630638395,0.3321773575219733,5.961016317340374,2.220228005514977,26.78589056709775,0.9593132234048153,0.2735060063741953,1.0,0.2688228304344714,0.17717449882711564,4.457488185981945,107.61982220693743,0.0,1.0
4357,nr2c2,smad2,1,0,2.1194404561161058,39.88057945126538,31.683918371568247,21.281789721597093,6.391096577146525,1.827431152103703,1.6331805590859858,1.9865534294179552,13.87667151117904,0.2017142104141265,0.08586830224382855,0.9494913012566635,0.7471266842878753,1.0,0.18860839355019784,0.034579056113926074,0.6027784972755278,0.25803821449891406,1.0,0.0
4358,hbp1,rad21,0,1,2.6780481444460795,2.325740410051467,3.091379382589709,3.2279705419814655,2.2069643858213075,12.786491219545958,3.705727560659583,1.4349539500285127,1.3517847069793834,0.7139092659576742,3.9611548659601667,0.9893449535860437,0.37769888338488705,1.0,0.2002360503895848,0.039786595880794556,1.8345876191457016,2.5131504358255388,0.0,1.0
4359,hbp1,rest,0,1,0.5163687980613632,9.0769568240437,6.877572830831698,15.705473123232267,2.1557947136549322,82.79753838595903,2.935245542535408,0.48030728324369015,5.7523778638352505,0.3134528367319716,5.271890743837641,0.9919094454143172,0.27897163705859485,1.0,0.24095136868115713,0.06901501789249322,3.2467535567933936,10.000119724457505,0.0,1.0
4360,nr2c2,smad4,0,1,3.075843921723526,34.424005558454006,58.6034961551388,24.199313950544017,5.22413440140746,9.43576049763192,1.792359804638442,2.9224568099448676,14.209999108229258,0.08914373278307165,0.38991851243864695,0.9438650562265725,0.9720916748046875,1.0,0.15962197129888128,0.02415617545498827,0.6427739048986749,0.7950894279138132,0.0,1.0
4361,nr2c2,smarca5,1,0,0.7285332440389234,11.26675629449669,42.304036962536784,50.9930817260496,2.3624586813246613,275.8584412476833,5.59279080741119,0.7161993145264172,9.227884986195349,0.05584475740262768,5.409722886129515,0.9269317849210585,0.17979449899473787,1.0,0.2972589929040869,0.09093614278753727,3.974553938414702,20.588389292601715,1.0,0.0
4362,hbp1,setdb1,0,1,1.4946767722348877,5.259188807399944,15.441609045461188,11.691033570583132,2.435784538629492,14.840218596437248,3.534940383025854,1.3627671742565506,3.627406858166778,0.15774162727850252,1.2693675462345833,1.0024224600294094,0.44973840412870236,1.0,0.18874590780437436,0.040486028676375026,1.6751477295374595,2.538120199684791,0.0,1.0
4363,hbp1,smarcc1,0,1,0.1975024963760269,9.426500224983736,3.781029252186955,15.533914162455787,2.037350788037265,56.69412916280018,2.7862119573385296,0.18769806636516884,5.866506984794036,0.538834971154708,3.649700170213719,0.9760131835937499,0.22265824702142864,1.0,0.21939661708468391,0.05750704036312938,2.243263688703585,9.124243269394295,0.0,1.0
4364,nr2c2,sox2,1,0,0.00010000000000021103,16.062657155282523,16.359576416169663,233.43089076685854,2.032538338804402,1195.4408865035477,6.038640955459869,9.99993887411772e-05,15.02852638502042,0.12424150155840581,5.121176904120657,0.9253381043492662,0.3754128932618894,1.0,0.21469738331467708,0.07225577032636048,2.155261634744049,11.832724885716196,1.0,0.0
4365,hbp1,sp1,0,1,3.130136513424984,3.744462656066768,3.850483750063089,4.571891522785245,2.72410299456901,2.641783271479746,4.0264119392567475,1.726571468650499,2.058507454888209,0.7074703261698939,0.5778315732807114,1.0032765753666344,0.952402429840007,1.0,0.10061287077547934,0.01912551645133921,0.14422427127089618,0.2996492309485775,0.0,1.0
4366,hbp1,sp2,0,1,0.43833288945570337,7.940586806048008,4.881779199377791,11.104294207971716,2.0918235560584124,11.50342891033412,2.613775698416536,0.40221791316002264,4.629832657572738,0.42849614262050745,1.0359441757294099,0.9803284085764847,0.592058624471983,1.0,0.1491214935095887,0.029290568910102267,0.5815297587841891,1.8553070288269242,0.0,1.0
4367,hbp1,sp3,0,1,0.8890318009686417,5.970226789876353,14.95591688075965,31.171840163586687,2.3627437074487996,14.049435317986822,6.535019265394755,0.8391498127710417,5.010570775922774,0.15798053213898242,0.45070920562458927,0.9954787612438147,0.5700707658290145,1.0,0.08963125606829185,0.02801963461352946,0.585702856167188,0.48035685978686676,0.0,-1.0
4368,nr2c2,sp1,0,1,0.0001,14.180389558445562,22.764509464352592,8.187980752063867,4.140541305087556,4.416702257453321,1.5629784526457549,9.999956072165368e-05,5.1907561949995,0.18188581271963333,0.5394128773861668,0.9367486851990986,0.9715472719700124,1.0,0.054684435196476054,0.022889101517081387,0.16308360533109387,0.2524267272580772,0.0,1.0
4369,hbp1,sp5,0,1,0.00010000000003063114,1.9644391838213178,5.43680355547966,12.920999523458363,2.525950895364024,105.89284171693724,5.933059965409741,9.999816074841764e-05,1.7051911103973667,0.4646022004635724,8.195406363469516,1.0027075311323745,0.8969648138774341,1.0,0.08898671141784534,0.0512719412567085,2.396180341355736,6.641663962058641,0.0,1.0
4370,nr2c2,sp3,0,1,2.077501655084133,24.757394036335064,45.47455514892824,25.126882377152633,4.5552113400090075,12.897161415324076,2.1069760324709383,1.9867376920306328,12.470384911659547,0.10017055307282904,0.5132814020354234,0.9383540850617069,0.5657837807887146,1.0,0.1435812776200472,0.02579880099012269,0.61065366954693,0.4320692726383958,0.0,1.0
4371,nr2c2,srebf1,1,0,6.049013867797514,2.6926936683316143,14.735187149827292,31.395685372941774,3.97848776586638,3.1145494193609244,3.552943765380025,4.288514691438597,2.479993639893937,0.26999913373431506,0.09920310330428984,0.934617092722701,0.522209242238337,1.0,0.18281971395844632,0.02530684545564219,0.8059162743655168,1.060819172996209,1.0,0.0
4372,nr2c2,stat3,0,1,18.12326993384985,1.7067380487359667,0.829400203456571,14.288502139501203,2.262824158984501,3.223619984251016,1.1706792123810064,0.7931042782644931,1.5246241990705374,2.7282657389690246,0.2256093712817647,0.9300190609143869,0.49910391705254026,1.0,0.09695063690508846,0.016838330591948655,0.35760866845919925,0.5835247767423938,0.0,1.0
4373,nr2c2,stat6,1,0,7.2711996526779545,3.6467955672192427,21.93700157387854,31.887974144080182,5.371793062245754,2.4869127563498443,4.476363213641568,5.461079817532696,3.272539084986827,0.24487362341452398,0.07798904832000829,0.9424629434611174,1.0052902981500662,1.0,0.1596373456584193,0.026572522823163455,0.21704114380647901,0.23801934960090312,1.0,0.0
4374,nr2c2,taf1,0,1,0.39991342983926803,6.816755764685254,18.485375124969238,9.214792748853927,1.5167063778401342,13.964381639006413,2.4026643047239657,0.3914448935549714,3.9182111159181234,0.08204899103137125,1.5154308967766212,0.9085260552974059,0.4744019900251585,1.0,0.1597984012407793,0.02967424102424589,1.098831264421674,1.6115206077634843,0.0,1.0
4375,hbp1,tead2,0,1,0.00010000006625721092,7.546614074817002,3.5868174586563395,999.9814408325301,2.1098180462688516,1139.0633587182251,4.534106097663653,9.99972783443675e-05,7.490088220557327,0.5882145022956402,1.1390844991782076,0.9773279109877322,0.5531214850452788,1.0,0.1814913736681464,0.035607628746017035,0.8774840729492007,2.002579468709115,0.0,1.0
4376,hbp1,tfap2a,0,1,1.8458941649370249,1.1206384352892902,1.0497294059011795,0.6285612911799603,2.498568026700753,2.0168396856441286,4.045428070018511,0.6691786199802513,0.4026926892180195,2.3802019955378535,3.208660339006936,0.9970236784545147,1.1475224806777644,1.0,0.11529770725787779,0.02349843932059966,0.7151827723641287,0.35653050946069575,0.0,1.0
4377,hbp1,tfap2c,0,1,1.2714819467417153,1.4525525398947479,2.279597838720625,2.3745456198117236,2.747405502121384,5.266692413318503,4.0886930912495725,0.8162214517484673,0.901244788405952,1.2052149968975696,2.2179790396008885,1.0072475380222599,1.0721035104099477,1.0,0.0779913122494323,0.025849987113473173,0.4840891985931058,0.6588361226736881,0.0,1.0
4378,hbp1,tfap4,0,1,2.2129378527139902,2.5102179580676642,1.3050181489662087,0.8795412504723213,2.639078025471509,3.814670338996702,3.452562774398486,0.8209096586048197,0.6513265709949517,2.0222538878574965,4.337113622525596,0.999608163265306,0.6127064872841119,1.0,0.15112832764980755,0.034682561364574975,1.0214868991240496,0.9474501860997255,0.0,1.0
4379,hbp1,thap1,0,1,0.00010000000782528495,8.376153141779072,3.122969336962527,114.94081762457449,2.0584306735128033,42.673694061988265,4.401766781775308,9.99968058465627e-05,7.8072132706605535,0.6591261237021562,0.3712666652622156,0.9805908203125,1.0331972789115647,1.0,0.14340586805625583,0.027029223223367118,0.44702042395071734,0.806089483094347,0.0,1.0
4380,hbp1,thap11,0,1,0.597768833982974,10.144160540322991,7.388824491069786,15.518355782687257,2.173354196300992,20.078341993973055,2.734446877874514,0.5530279082417721,6.13426565033602,0.29414072548721815,1.2938446749863188,0.9878338674078545,0.4836665255041691,1.0,0.2049067343392613,0.03289808414946105,1.4939624085418064,1.1107279384951911,0.0,1.0
4381,nr2c2,tcf7,1,0,14.152954916985214,1.4830612867803445,16.13467660877432,29.866616208705263,4.877192838925791,6.126897805448424,2.2462870235985912,7.539491836788395,1.412902007449216,0.3022801731441886,0.20514201416840147,0.9417398563893258,0.5969659428039675,1.0,0.1672264207411534,0.03137114344411549,0.9881305989761139,0.5023827003732466,1.0,0.0
4382,hbp1,usf1,0,1,3.8731616023862823,2.649939147053398,4.285151899585272,3.5094868930138827,2.00443919555089,8.630724668212324,3.6928939451046334,2.0343770552400846,1.509869043539437,0.4677638605401327,2.4592554214671583,0.9749647564872765,0.42334471090694453,1.0,0.19871153248897955,0.0369635456328963,1.2509657493851198,2.530633710434902,0.0,1.0
4383,hbp1,usf2,0,1,1.244748827101708,5.914010846722049,72.17950547278859,87.14546148673224,3.3046721505473404,41.2447477723318,14.8980833990063,1.2236468130963252,5.538170285647079,0.045784078581602224,0.47328623968112493,1.020285159508996,0.6752124493527913,1.0,0.18170058237165693,0.038020280104140415,1.141219460300292,0.6829659085183141,0.0,1.0
4384,hbp1,vezf1,0,1,2.845488572952877,1.3782566980244793,1.0305798485859738,1.1618554583243184,2.348417731868253,1.2283775846144067,2.978070421277272,0.7565664131136911,0.6304190401866273,2.27873437957325,1.0572550792041118,0.9901701183431953,1.11350831628256,1.0,0.12525697498097046,0.02273467970855215,0.3348109341037014,0.1924027168298095,0.0,1.0
4385,nr2c2,tead1,1,0,10.142140583881929,0.9709171753201364,26.384965404409293,2.999753076940228,6.915809465545344,1.600614099680199,3.612471174365929,7.326067072440929,0.7335063349727171,0.2621117503678673,0.5335819511227364,0.9561476949442663,1.0152874591463463,1.0,0.09905134403680453,0.016321196134578622,0.27019338992115993,0.04282831850868361,1.0,0.0
4386,hbp1,yy1,0,1,1.1191914351185008,21.095060332149373,43.240810040323474,133.7094028547547,2.4636215763263554,181.90184077600043,7.528361031878888,1.0909545228826873,18.220456065218475,0.05697445478077186,1.360426693204187,0.9937188650638943,0.469045335914862,1.0,0.21323864333987372,0.04737874888757068,1.3907013600893992,6.014158152484733,0.0,1.0
4387,nr2c2,tead2,0,1,0.6167188764057115,13.140272801916428,23.62611624053266,15.799773118484515,3.544764361117895,22.196885920590717,2.259882742478547,0.6010300276930715,7.17391152579056,0.1500358469851487,1.4048863710974477,0.9341681153025799,0.5405174714622649,1.0,0.13292855374604834,0.029090411634360783,1.243619723920717,1.6325806007197128,0.0,1.0
4388,nr2c2,tfap4,1,0,9.187721957114514,0.2018948307136239,25.484890402920367,2.322145928181096,6.438652707997992,3.712315313899404,4.10190479188667,6.753113515019058,0.18574551833614378,0.2526458857072492,1.5986572027397126,0.9512802561660031,0.6082625910568943,1.0,0.12030548875684642,0.03076376743823283,0.9928692524029396,0.669980642274716,1.0,0.0
4389,hbp1,zbtb7a,0,1,1.9331668484413298,1.9031624102130669,0.6217999199557926,0.30526295169235645,2.386668615472013,3.4734084809180814,4.144155600355437,0.470473043520688,0.26306751630053965,3.838322487467826,11.378414778674411,0.9908011130221195,0.7471155311690291,1.0,0.14185696115404317,0.021800986069201764,0.6147248015125536,0.9617676096828836,0.0,1.0
4390,nr2c2,tfdp2,1,0,0.0001,15.864356585117731,15.648093347391816,0.00010000000000019206,2.466469515929487,7.4384789024174855,1.0000121608411963,9.999936094859144e-05,9.999936966029063e-05,0.15762108911119144,74384.789024032,0.9260817012411435,0.6109886086442035,1.0,0.17344706350937422,0.023958395848849134,0.4113167900165038,0.7404528477151107,1.0,0.0
4391,nr2c2,tfeb,1,0,0.00010000000000376374,10.898157920446433,9.441692150997325,0.0001,2.0200790468986902,6.223286697909681,0.9943065553359123,9.999894088280018e-05,9.999908242215655e-05,0.21395307266879163,62232.866979096805,0.9210800433876828,0.886729925576808,1.0,0.17224182714588734,0.027474248629398998,0.6345801184359289,0.3535834579140156,1.0,0.0
4392,nr2c2,tgif1,1,0,0.5028269914026974,10.738968020157497,56.46320426263128,76.1144696444697,2.746058132936564,160.32580987196826,8.112856782858842,0.49838864494047674,9.411151445029187,0.048634472109723534,2.1063775471451,0.9347070312499999,0.3328499353900994,1.0,0.23019628953056454,0.04859732499383552,2.006621789148911,5.091022720109519,1.0,0.0
4393,hbp1,zfp148,0,1,1.372272956551472,4.924191466605115,9.70556495446921,3.423966271127068,2.2666620159912347,3.730059955185632,1.9350397958939192,1.202281927398653,2.019639065757257,0.23354251160283918,1.089397400505878,0.995330896520246,0.8339981417403562,1.0,0.15157010620172248,0.02247489542125809,0.9659817978591563,0.7219223390163141,0.0,1.0
4394,nr2c2,thap1,0,1,0.9969788782286684,14.396448731179145,79.61230749497334,116.5193208268516,4.407275867233578,43.448471982053924,9.165859435201028,0.9846482035836619,12.813310681659457,0.055359227811753224,0.37288641637912234,0.9413750704716903,1.0357387755102039,1.0,0.09688622130847699,0.0207483372474006,0.7715055073187962,0.3221747575660951,0.0,1.0
4395,nr2c2,thra,1,0,11.793081032081421,1.7744384610295123,17.294800538084125,26.171006713678068,4.7099801183263255,2.5810259746751205,2.6337554700055095,7.011819808442333,1.6617677974456488,0.27233503548969434,0.0986215777983874,0.9425374365543813,1.2425956716833573,1.0,0.10009311264980485,0.024494194197067085,0.23522860309462681,0.09739575034982301,1.0,0.0
4396,nr2c2,trim28,1,0,2.347361081267299,30.0123363021788,48.19921972754949,20.103893966525675,4.406359260171855,209.41004457402474,1.7511783016962994,2.238350660430144,12.039309889664395,0.0914197218353161,10.416392213503833,0.9402233408877546,0.2404284720509081,1.0,0.322645120466793,0.09682344439888338,3.8886407056187604,29.996344789624644,1.0,0.0
4397,hbp1,zic3,0,1,0.661951039085109,4.197569609554567,5.405882144580648,4.6966277641004615,2.0352182888616164,5.531175549261378,2.378350816862611,0.5897375874487971,2.2165487386611438,0.37648217893575536,1.1776908511975201,0.9784832000732422,0.9864970537347071,1.0,0.12275961187173702,0.022098381211667746,0.09921403238842688,0.3961251188188938,0.0,1.0
4398,hdac2,herpud1,1,0,1.4437592953094283,5.566883197749329,40.071522831819955,36.17641945838099,109.17096477420505,3.884207707576749,7.64377276485778,1.3935502928411485,4.824484140523974,2.7244026944619804,0.10736849488505405,0.2360620835196735,1.4680745587943684,1.0,0.2480390830542693,0.07172453513242931,9.001434457788012,4.381815754944512,1.0,0.0
4399,nr2c2,ubp1,1,0,14.336949432812348,0.5551356039745879,17.981839685420674,5.8458386338303026,5.259783088386733,3.2395199901331413,2.4682980399801786,7.976930241280945,0.5069905049082443,0.2925052820180164,0.5541582984151835,0.9439057880945982,0.6080869009161577,1.0,0.1699367049982582,0.027003889937899577,0.6011757461517648,0.9946527537561052,1.0,0.0
4400,hdac2,hic2,1,0,8.413151293409987,0.06781419866213828,51.46300270656166,25.154855321114255,133.82799611628644,5.413278945462795,7.133563871705201,7.231026023877151,0.06763187198428279,2.600470028524454,0.21519817452176107,0.23332105034225403,0.4362526592632997,1.0,0.22524934494740873,0.08060249046248047,9.506975127862102,4.538260550941223,1.0,0.0
4401,nr2c2,vezf1,0,1,9.5428164470184,0.2944815573584775,15.02302275034186,3.0061693222184154,4.545409883367909,1.5888019732373315,2.82644931794895,5.835825409184432,0.26820813711859115,0.30256293682737545,0.5285138004351891,0.9410125269322721,1.1571215197554199,1.0,0.07855091682742797,0.0207062220802899,0.2912465880332951,1.035583307571803,0.0,1.0
4402,hdac2,hltf,1,0,7.238716415319757,0.4689535925863603,32.36583495502665,0.30389683459660466,91.8050945676771,2.0579237587383306,1.9507477740010302,5.915661020715463,0.18439986231121272,2.836481576799832,6.771784120325033,0.23074953019406302,0.7411678152635768,1.0,0.2404278118216397,0.06567329035886961,7.108475966334044,3.2628580529426494,1.0,0.0
4403,hdac2,hmga1-rs1,1,0,11.528855913868393,3.0894859041673666,41.74903916119779,52.63426894930032,113.50635633332655,10.653368386729618,4.892520510328841,9.034115487365664,2.9181958829340817,2.7187776919862894,0.20240365448965233,0.2340489115178758,0.6002009606992884,1.0,0.40795685960102945,0.11493135568248782,19.902976947735624,7.80576434919877,1.0,0.0
4404,hdac2,hmga2,1,0,6.346698866214423,3.511837937111511,39.810389392610915,40.60379152081195,104.44363685451687,11.16180298365667,7.671314041873771,5.4740141276855425,3.2322770230300613,2.6235271357054932,0.27489558402287523,0.22734016308984076,0.5823276518331205,1.0,0.40081203641907304,0.11421271593387224,23.744769115676213,10.006493787621864,1.0,0.0
4405,nr2c2,zbtb7a,1,0,10.641859101941648,0.26221506122178007,20.769116395984067,4.432241433104144,5.593937340312468,3.3526547668433606,3.1262662353037136,7.036458016800026,0.24756869301820925,0.2693392070061352,0.7564242195388059,0.945321621257855,0.7425624273279131,1.0,0.1240846596689772,0.020845679676233676,1.062460007555034,0.504435422955854,1.0,0.0
4406,nr2c2,zfp148,0,1,0.022273716200647914,10.333970351361536,13.00548664618184,3.1440005262166446,2.130268719175378,4.65967448513795,1.3017359883307478,0.0222356345642356,2.410600862525822,0.163797693783399,1.4820845118449146,0.918733055331852,0.8465540141676506,1.0,0.1242192036499046,0.027882409864202918,0.46922760535732866,0.8051388969128456,0.0,1.0
4407,nr2c2,zfp263,1,0,9.999999999976694e-05,3.448742688233633,20.86360599877378,33.64323367729753,5.0332855026342,1.4771457021786072,7.326803986923519,9.999952069853441e-05,3.128085034070518,0.24124715080077824,0.043906174904209214,0.9424103844607171,0.8196141146874509,1.0,0.09258335744419595,0.019113794220851167,0.18514306941635517,0.4257478573621877,1.0,0.0
4408,nr2c2,zfp281,0,1,5.7594334175484665,1.3602825890343508,11.651081585665562,13.408063613589734,3.7817006045499584,3.431788100133462,3.32964137031484,3.8542012469291285,1.2349897027055337,0.32457936001432014,0.25594956878450187,0.9410177514792899,0.552784811781678,1.0,0.10710885238650798,0.019994412807733265,0.5842473192585538,0.10519623484069876,0.0,1.0
4409,nr2c2,zfp42,1,0,2.8353157337617696,20.040906972815606,165.34315560515657,177.7496894592974,4.100687961001808,1985.961528803546,9.8925791114895,2.787515232032172,18.01028489300959,0.02480107474659761,11.172798865892297,0.9292013865173142,0.258832391917948,1.0,0.3211941021390197,0.1293681824706798,5.963838535087034,43.87500313478397,1.0,0.0
4410,nr2c2,zfx,1,0,0.0001,13.795119160381608,11.783957334064048,1.1182586605250477,1.9427019479463168,2.947165250798652,1.0810711658275978,9.99991513958464e-05,1.0344076076746178,0.16485989323217604,2.6354951272319154,0.9214110025243457,0.7944250780437045,1.0,0.12884383334011867,0.020795676354310812,0.22081743909047374,0.18945288199555427,1.0,0.0
4411,nr2c2,zic3,1,0,11.848570617134513,2.9151692509979625,20.200475655947145,30.85522813278013,5.468913893908798,5.537873938758983,2.960442008586275,7.4681399337061185,2.6635224709678815,0.2707319365669846,0.17947927381796372,0.9448712401613777,0.9925537692628071,1.0,0.11404986021797935,0.027892388585643912,0.3727063685673963,0.7483995862609438,1.0,0.0
4412,hdac2,hsf1,1,0,6.844003946507667,1.542438733917643,27.74807181118147,26.223117694259784,81.21903043084978,3.664222869890342,5.326753640503444,5.489925331858449,1.456752813880577,2.927015288973032,0.1397325410583211,0.2295266272189349,0.8058303625594603,1.0,0.28060135793569024,0.07753865386152657,10.622895094086303,3.263987869875021,1.0,0.0
4413,hdac2,irx2,1,0,4.324598967602637,2.7322113054741477,25.123985529930067,18.699008465878535,75.07475823183573,3.0696454727162705,7.701133442295305,3.689520693054103,2.383888685604454,2.9881707320042667,0.16416086865341978,0.22960393855921074,1.3601497403695202,1.0,0.20676269547777004,0.05892460039276808,5.737948747407395,2.4916553202528444,1.0,0.0
4414,hdac2,klf10,1,0,6.799771694158402,0.27630302384903366,16.881669460647302,1.7972795222955382,58.04991225948938,2.94421757539229,4.018088514657033,4.847318936303549,0.23948589248859398,3.438635757844269,1.6381522956606376,0.22616784996101286,0.7230084329867997,1.0,0.17026900567516304,0.06895539573766989,7.460083088294022,2.81898894711092,1.0,0.0
4415,hdac2,klf13,1,0,5.442730561293275,22.064856452975118,213.9521203601385,235.73842223104216,69.12853029697406,334.0983644458818,11.855495963031899,5.307707720791679,20.17637042294628,0.3231028053408038,1.417241878875558,0.22783052220848313,0.5961342707769964,1.0,0.3723587265968391,0.12454446915455766,17.83820954971937,14.047168448994682,1.0,0.0
4416,hdac2,klf15,1,0,1.333880850011955,21.149130141729916,23.889827142804915,2.92519281085717,49.954034438779956,25.621465960601085,1.186089960680107,1.2633425246184284,2.569762130727869,2.0910169897911968,8.758898170918593,0.22086552652607436,0.5346435752684457,1.0,0.3668912384413323,0.1401366613209005,18.53808594576642,16.884554627518387,1.0,0.0
4417,hdac2,klf16,1,0,0.4798458704032094,28.069729468518595,21.552490298221393,15.349106626726337,57.09477220471487,1.299115740154252,1.5785502369348734,0.46939522832963265,9.9230036855557,2.649103255108603,0.08463787318358917,0.22558730437840685,0.9421487603305787,1.0,0.2740974828275889,0.054634985861457444,8.101337953482597,2.6341390676334435,1.0,0.0
4418,hdac2,klf2,1,0,6.827819300556037,32.880375145877196,200.17544386334015,163.11836987406213,72.34673836963448,3351.4960149777453,6.1642879581184555,6.602609728066667,27.364426206389677,0.3614166501812561,20.546404537792498,0.2279650011971944,0.3348605337455435,1.0,0.5265606243646249,0.3887976098219981,69.4012848285854,226.69924384051407,1.0,0.0
4419,hdac2,klf3,1,0,9.421035615899234,1.5287317633024509,27.901949863105273,29.557170797668444,81.50157634926815,15.725110234395304,4.1665670490375355,7.042985978740111,1.453552321446257,2.920999311845142,0.5320235262718631,0.22771068020008303,0.4031374291115312,1.0,0.38806076149296026,0.12978482134151736,23.135705018078582,12.085697405021806,1.0,0.0
4420,hdac2,klf4,1,0,11.811696801756407,1.2589674473542156,14.77869223467043,22.451190346762694,56.94319060913848,58.88068612386571,2.3774285478419244,6.564831810593779,1.192118502388912,3.853060183197484,2.6226086552402283,0.22656492853010263,0.30703695963048216,1.0,0.2875038683182547,0.21319368401960845,26.661709123558857,38.83366517830135,1.0,0.0
4421,hdac2,klf5,1,0,2.0181947199389745,23.52615881467701,41.981441950745065,20.61177442785768,55.07616018322708,56.80757828930913,1.966313260383106,1.9256232753592202,10.986374825878256,1.3119168285797678,2.756074130742053,0.22267234839941671,0.29086051452851786,1.0,0.4366518490455082,0.15881543781802426,27.17913499126951,21.194914168636885,1.0,0.0
4422,hdac2,klf9,1,0,1.2194629205345187,13.392631998914965,45.42943791627762,58.71862283125139,46.0223373061137,139.2830215044121,5.5264306208293785,1.187584574252347,10.905328286328228,1.013050995500511,2.3720416928832075,0.22145961326091196,0.2522988634471649,1.0,0.3604109485089412,0.16464181425976768,23.08507824387698,23.188381420484284,1.0,0.0
4423,hdac2,mafg,1,0,19.425043940100792,1.724218838442729,11.433046239671606,31.88970415327932,54.551940341616046,22.221312337044637,1.668843997577433,7.197056729077948,1.6357754097012245,4.7714265470497175,0.6968177638223573,0.22558572261027882,0.3701595513044032,1.0,0.37761138955460233,0.12416683383636068,17.591501179789102,13.60559828779505,1.0,0.0
4424,hdac2,maz,1,0,2.0480856013547206,19.196324518540045,48.01446573581878,36.18329863143934,49.33358664472994,65.3495380065872,3.00796508666652,1.9642973301133024,12.542272828388036,1.0274734059558033,1.8060691113939946,0.21996325948398565,0.3472302619143211,1.0,0.4408637524202341,0.15546244832988293,23.6411341134517,15.257981954825098,1.0,0.0
4425,hdac2,mga,1,0,1.3739730363225984,22.536458428054658,33.35173983976606,11.118175301273615,53.38822802095949,30.999136305510778,1.5490333853379212,1.3196098066524757,7.445164831926934,1.60076290704641,2.7881496257717533,0.2234667290740455,0.3627152479172264,1.0,0.3704938912024511,0.13114015474759094,22.515671538027874,20.7821437262386,1.0,0.0
4426,hdac2,mybl2,1,0,3.3966182894137362,21.583258389687405,96.45445858008704,91.92262589969611,57.13151167085698,420.10985493320186,5.44417167745896,3.2810760622722293,17.479180036107433,0.5923159230987768,4.570255155587224,0.2248222626564959,0.2575775581654223,1.0,0.5252670589391593,0.2383440181202478,37.98646341986122,52.369643943562544,1.0,0.0
4427,hdac2,myef2,1,0,8.903590671850033,4.0807199063977215,45.220130487139464,47.02785356987034,118.76776128906477,4.939431343042441,6.606342173848543,7.4389107652525865,3.7548983500163247,2.626435616386426,0.10503203884701684,0.23211818454874558,1.411301695929742,1.0,0.19681344582060847,0.067714813279124,9.56660791202326,3.0201060528737296,1.0,0.0
4428,hdac2,nfe2l1,1,0,0.00010000000000226547,14.457243920055696,31.7397581388559,23.530205418564517,80.23614688820255,1.6379958520963238,2.569805160023561,9.999968494099592e-05,8.95511346899922,2.527938194651119,0.06961247566517213,0.2288395035958493,0.8311235408907415,1.0,0.22745549463698486,0.06089289555943596,9.636100164897817,1.8672310464058035,1.0,0.0
4429,hdac2,nfe2l2,1,0,13.953717798648167,0.6486136088938637,12.077475476018474,22.361681162935913,52.40390669593481,14.465253536184726,1.9196492010621142,6.473989983258418,0.6303305048391793,4.338978522456132,0.6468768350100897,0.2232322424879971,0.3185242002206288,1.0,0.3326095838311429,0.10412290858516897,14.737195444300824,8.58401003492699,1.0,0.0
4430,hdac2,nfib,1,0,8.136785180245333,0.6055880102396983,25.57571244413674,2.182938959884391,77.73632304717385,2.2696335398026872,3.639672617303411,6.172905974167863,0.4740716784719775,3.0394587527900905,1.0397146147975147,0.23016358859727262,0.7966518600162461,1.0,0.2051180829134082,0.05863208433985537,5.528666940313516,2.8204665954486545,1.0,0.0
4431,hdac2,nkx6-2,1,0,4.646566096796562,36.80336378934698,134.00558355377512,106.13822990524129,89.68602902250167,631.4274266029537,4.018600354819946,4.49084852194243,27.32755236734031,0.6692708366626495,5.949104551363662,0.22968507748227582,0.4866933132660722,1.0,0.32623452118006496,0.20723448259118682,31.05569059956541,39.09087446118801,1.0,0.0
4432,hdac2,nr0b1,1,0,14.366904130984754,5.313866990375333,40.74845702302701,66.13222100418761,112.314683398587,29.48451647755241,4.144525292600963,10.621887678454756,4.91864335834737,2.756292915216834,0.4458419213787693,0.23359068994040094,0.6396446824405881,1.0,0.38324562924037453,0.14995387142684413,23.956062302406238,15.72960033405884,1.0,0.0
4433,hdac2,nr1h2,1,0,2.8604169295511004,27.464316001852826,61.46499300941811,37.35360352963904,60.545795752346365,43.971376725267476,2.469909417363516,2.7332201496374475,15.827277064138121,0.9850451905700063,1.1771655896700146,0.22237496408496804,0.44671539009187866,1.0,0.4075667768839224,0.12774212701117987,20.87393886431257,8.928379081900884,1.0,0.0
4434,hdac2,nr2f6,1,0,38.87982899601052,3.7358718669889117,51.28777774530413,120.62520837785326,142.90340565958067,11.763868741526663,2.3380654581846443,22.115037765654076,3.623644322976901,2.7863052747038703,0.0975241319764344,0.23717745152607897,1.0252537890004094,1.0,0.29958692534030695,0.07831600221766681,13.081486455328394,5.214126874377223,1.0,0.0
4435,hdac2,nr5a2,1,0,7.512811149998093,0.2854334207119803,38.84037646883124,24.116462684114527,105.1985644139672,5.012510289559377,6.228071560828002,6.295153114488838,0.2820946540313358,2.708484674405443,0.20784599944091756,0.23188142631383993,0.5153020656682763,1.0,0.25011985143817844,0.08280971964041836,11.922347488163872,5.2162024743530715,1.0,0.0
4436,hdac2,plagl1,1,0,2.790309342641532,35.850483680949814,44.70219408708547,9.092628252911775,79.55721099798934,9.646466073936642,1.313075768112892,2.6263713384225498,7.253060742159169,1.779716021164463,1.0609106416340632,0.2315779674658399,1.007097890867295,1.0,0.2149519268780779,0.07045490151074703,9.31967016992599,2.4096977719875428,1.0,0.0
4437,hdac2,polr2a,1,0,55.30839863013382,4.725104446923219,46.370408696811616,112.05259210598523,134.1443849022118,11.5535761502498,1.9159199342642494,25.223280212157135,4.533915438290753,2.892887698689519,0.1031085130036244,0.23394582970685138,0.7841347997269217,1.0,0.3221338228519665,0.08028874076968816,12.100307160569628,4.588476858014342,1.0,0.0
4438,hdac2,pou2f1,1,0,6.144183883536261,1.1398799108942264,32.43228418455387,25.023577108028153,91.58860735575004,3.1005601736785087,6.444393757506537,5.1655822259642505,1.090218040510641,2.8239949685495733,0.12390555356227531,0.2308362932233963,0.837790375409423,1.0,0.24302868060637892,0.06816159230195118,7.098074021785243,2.7510771359589543,1.0,0.0
4439,hdac2,pou5f1,1,0,0.6752131680898398,10.876264531987573,138.75634979828962,202.6492302645916,39.26432526888546,4998.711187623319,19.3368164239802,0.67194337169179,10.32226450364217,0.2829731779912349,24.66681556646767,0.21615814244017248,0.2575017114680302,1.0,0.5386311671036264,0.41952204765767426,70.89037951239635,270.0328474488001,1.0,0.0
4440,hdac2,pten,1,0,14.535707442673846,2.1477473862835113,43.33140118042153,51.65575140146149,116.59079966305997,9.139379323989061,4.146555157675097,10.88446590172917,2.0620128348283124,2.6906768875902243,0.1769285912222832,0.23168264284435536,0.6290722640602467,1.0,0.3394808116518439,0.09676146548541495,18.926407542009095,4.303332376458439,1.0,0.0
4441,hdac2,pura,1,0,5.034669419193872,57.804077834886385,121.94141744672962,58.44942103037933,95.08125460239133,50.496387804126535,2.094200483225734,4.835042097339708,29.062479113508697,0.7797289599649585,0.8639330709175174,0.22790621136690167,0.6708714081018547,1.0,0.35646813823482876,0.10037715298143234,16.228121817099463,7.221022186515438,1.0,0.0
4442,hdac2,rara,1,0,1.601070429580219,20.14596246412583,34.804564873092204,16.921671294291237,50.11776375326392,7.68851781536451,1.9245945363456978,1.5306575251173757,9.196793001324417,1.439976736844957,0.45435924629728147,0.2230389178810069,1.0522575156167608,1.0,0.24378597235581329,0.06438625819320559,6.0883025067028305,2.503109877946086,1.0,0.0
4443,hdac2,rarg,1,0,7.58057672958493,0.6592824741062574,23.914234594670432,0.47071770896794146,73.67505922788528,1.820685971641389,2.150578811804138,5.755985911704132,0.2746335269873458,3.0808035664375657,3.8678935101746683,0.22815916861615648,0.7991134449977364,1.0,0.2367487032738855,0.05302089445372669,7.1164650440633,2.462805559621494,1.0,0.0
4444,hdac2,rbpj,1,0,25.45960311083886,2.00033507485823,10.926663738570646,37.581275899791535,56.69141911251238,8.61935707501457,1.5052471605380808,7.645426315948595,1.8992441815575314,5.188355793579896,0.22935243332338223,0.22596121535815641,0.5561904761904762,1.0,0.3590978977532327,0.0888528241281988,14.44073709666338,5.353330084999394,1.0,0.0
4445,hdac2,rela,1,0,8.227863518892296,1.235155025661178,23.745037235429542,1.8859596847120716,74.01608037410388,1.4456280425698262,2.858302756394842,6.110516125056975,0.7463527614106533,3.11711789037188,0.7665211797942167,0.22988258324823635,1.0472921191768587,1.0,0.16822181474057626,0.0457584061242721,2.2153544361879955,1.2544197229711815,1.0,0.0
4446,hdac2,relb,1,0,13.12830331196141,1.5679697700602755,18.11436986638042,29.19290146578271,63.80624051913506,7.800180659601634,2.5076155612684885,7.611734775491371,1.488045856950878,3.5224101633011813,0.2671944297398566,0.22659668424338975,0.6231936949443514,1.0,0.31587525906564173,0.09201937074171278,13.613439117698286,4.647743843935161,1.0,0.0
4447,hdac2,rfx7,1,0,0.00010000000001158255,9.682113585706606,26.026468327777728,18.888546601673077,71.18187920806476,1.6140517237588285,2.909844434630191,9.999961578881923e-05,6.401009023483959,2.734980340459532,0.08545134561151793,0.22847813829692457,0.8646464508925534,1.0,0.20304920218248684,0.056965628440135946,2.8026375458951143,1.3471618116505804,1.0,0.0
4448,cux1,cxxc1,0,1,0.47104927267559693,7.228137813218495,0.05866011325435564,0.0001,1.4715679419566572,2.793075234265161,9.029281693994985,0.05216408169740516,9.999861653694048e-05,25.086346757903506,27930.75234265161,0.8952936154938442,0.6776001563885701,1.0,0.20213165326529753,0.034961258924557786,0.4203011042101495,0.8629643146693364,0.0,1.0
4449,cux1,e2f1,0,1,0.05906513725116625,4.32507595478701,0.010986518920908146,159.8750938983799,1.4158324433016094,222.90953641474633,1.2177217329597665,0.009263453334807265,4.211152308840696,128.86997724157897,1.3942730601705384,0.8704661823445835,0.710425970679968,1.0,0.1873245341064017,0.03834397664876172,1.7638310225573621,3.954240758375681,0.0,1.0
4450,hdac2,rxrb,1,0,6.052838020804673,1.5427119021504063,27.218594946764725,24.683641186406774,79.77301745614919,2.186001794978924,5.73699002463472,4.9516877294478325,1.4519650108460669,2.930827899536057,0.08856075076082172,0.22952026619030558,1.120364944534749,1.0,0.23241483119931763,0.06267123052338595,4.900064497362267,2.6822650692194205,1.0,0.0
4451,cux1,e2f4,0,1,0.13068422648607367,5.234962974236644,0.026895198540367357,355.46030991763547,1.42500456552642,2008.3626146826452,1.2227451765087518,0.022304804176354394,5.158985163044636,52.98360461580575,5.650033375450574,0.8802898517682555,0.3773715555326014,1.0,0.27892073751766394,0.08137957598425276,3.109620632331211,12.96565883155484,0.0,1.0
4452,cux1,e2f5,0,1,3.921431346034634,2.7857270488805663,3.177830948227063,1.9856090121907986,1.4299129099338577,3.46714609442277,3.826244854358609,1.755343777458295,1.1592905347603848,0.44996506523785273,1.7461373679994205,0.8819378755442877,0.7913054845587605,1.0,0.15679387414959034,0.02722993154632927,0.7399301770344231,0.7880293380410696,0.0,1.0
4453,cux1,e2f6,0,1,1.3342846615159123,1.1931696318552816,1.075968392519495,0.9306549287978944,1.4309765921311937,1.8406572422917766,3.987275287974812,0.5956420716949351,0.522844127217635,1.3299429630831525,1.977808514557927,0.8791886600537756,1.25976546605062,1.0,0.09781259843483206,0.013242184310084053,0.5142760738027057,0.4576367453051659,0.0,1.0
4454,hdac2,setdb1,0,1,16.361368538957077,1.456302906318647,12.709247814389405,30.14866438719347,54.371467132981664,10.916307142599079,1.8626097870422487,7.15295076020026,1.389198956004245,4.278102679800004,0.3620826117669113,0.22167964272676752,0.4442388273591693,1.0,0.4280847914774432,0.11242367857195219,17.06077832725132,7.574363469688734,0.0,1.0
4455,hdac2,smad4,1,0,2.6512984030228863,24.190095686021618,57.11056301019984,36.886473519354155,55.23165150615885,10.652663973975926,2.64207244826163,2.5336751721588557,14.609322945967685,0.9671004555898806,0.28879594489797256,0.22635946523398154,0.9671966395243118,1.0,0.26844809240863016,0.06590672592310137,7.554232489229616,4.018947831901057,1.0,0.0
4456,hdac2,smarca5,1,0,1.7558973685417647,16.776605918587048,44.09594957376541,40.18835400149708,42.575402555476906,210.18690301998765,3.530708214698545,1.688655244735252,11.835770244474029,0.9655173086647136,5.230045077540569,0.21918909422706132,0.162509719702675,1.0,0.5528629962003436,0.2501190007773321,41.85928177983631,81.00700839558837,1.0,0.0
4457,hdac2,smarcb1,1,0,19.88218773750576,2.053573164063085,10.382614824826648,33.70259144664231,51.96591272077983,38.73701719729648,1.6149582781210317,6.820764706072647,1.9356309075018916,5.005089141563862,1.1493780013511614,0.22220803181937604,0.2926802023487503,1.0,0.5286004327331876,0.18576622840468582,31.769131719844303,24.02569661300511,1.0,0.0
4458,cux1,ep300,0,1,0.5375316597961262,3.8246401618179866,9.999999999998899e-05,9.999999999998899e-05,1.4874492904200567,2.2828524889971202,6.383373850771402,9.998139990489081e-05,9.999738544329313e-05,14874.492904202205,22828.524889973716,0.8932370319309834,0.7836944159959062,1.0,0.13126624947288565,0.023863304204065773,0.8183761447202833,0.32146996516145665,0.0,1.0
4459,cux1,erf,0,1,2.9307255276594337,3.4256518278800816,2.4358529799321555,1.033967915341139,1.5569362485612912,4.018092005448046,2.857965827263956,1.3302361085026266,0.794241276858126,0.6391749672037496,3.8860896414975787,0.9033469387755101,0.668182294794437,1.0,0.14467605470807685,0.022601739722340974,0.8157919808213436,0.6429447639591865,0.0,1.0
4460,hdac2,smarcc1,1,0,12.306371889326325,0.9132801082985875,26.647748414606667,28.010167386126092,80.68322863258668,36.29968128908947,3.268569465413676,8.418547240822829,0.884442586202556,3.0277690774189785,1.2959466035561542,0.2285595121788224,0.21342035593245295,1.0,0.4285097573078961,0.18124423160953596,32.419991092273754,27.034478315069055,1.0,0.0
4461,cux1,etv5,0,1,17.273563377895286,0.29727745987943965,11.815737118850656,21.023924043207153,1.4804081230200528,15.929259568216343,1.707848103703683,7.016321482252493,0.293132576762061,0.12529122035545553,0.7576729984126394,0.895525147928994,0.39320294872663186,1.0,0.1658360167500015,0.034092583074249186,0.6712547073945491,2.006568964997072,0.0,1.0
4462,hdac2,sox2,1,0,2.272462647232167,16.202978426393262,209.7412838096683,325.810374113409,68.86005550437213,1673.8904041096857,20.921752339140383,2.248105328099017,15.43535778253079,0.32830949755633154,5.137621564889254,0.2251397982790162,0.3797215757114569,1.0,0.4160264306638791,0.2256539204972227,36.62838001937401,44.3052602125876,1.0,0.0
4463,hdac2,spic,1,0,4.260557111415214,4.366949864985907,23.756216716067733,26.62823964710565,71.92706872324416,4.359644805621986,7.638337694009751,3.6126471482122318,3.751684998937551,3.027715632624097,0.16372260665364174,0.2289615157055255,1.879761639563377,1.0,0.21508077801795225,0.06864711085412706,9.499623413469113,3.4536420262250234,1.0,0.0
4464,hdac2,srebf1,1,0,8.815042482777404,1.1090876511948544,19.255679648500976,1.330585946680088,63.61152373715396,3.1548408339594887,2.7916922058967657,6.0468566979669,0.6048909344273466,3.3035200469855144,2.3710161991647767,0.2248988744089228,0.5245393083780554,1.0,0.30775550507482174,0.07579359841541107,11.268749824249632,3.8636645745209934,1.0,0.0
4465,hdac2,srebf2,1,0,8.03057850711566,0.8875846132671192,17.2667065800335,1.1540905827313104,59.53587632319002,2.4615814896445123,2.899326604306669,5.481285532127267,0.5017218436881977,3.448015754899943,2.132918790324802,0.22626025457604598,0.6605323975396661,1.0,0.25141504962260114,0.06635685100086791,9.10108854239364,2.2273337187899607,1.0,0.0
4466,hdac2,stat6,1,0,10.066657531006289,0.8671848204889631,31.809157094040337,14.051298105438583,91.68404098801548,2.3372389593833023,4.416580884384336,7.64670236705459,0.816776912619221,2.8823159543951924,0.16633615925340514,0.2309460402089011,0.9978467558406746,1.0,0.21805548334865732,0.06179117919677957,5.581266314522789,3.1200133226870372,1.0,0.0
4467,hdac2,tbx3,1,0,8.29355559991052,0.21482836585138038,35.92738370345126,20.473855650696354,99.77972225504719,15.943643221882517,5.387911236799553,6.738114544781732,0.21259761851445644,2.7772610184654813,0.7787318370265175,0.2313636135576093,0.33470183320959884,1.0,0.2239001236298006,0.11774080557945235,15.496623619591098,8.236902372631773,1.0,0.0
4468,cux1,foxp4,0,1,2.9569278088977513,8.740407058291511,2.62125436551909,1.238044854280608,1.4270072894067234,4.946110020775417,2.4294895559533476,1.3894956609961067,1.0844383555330885,0.5443986315018045,3.9950975957567048,0.8782085256023111,0.5987284364715739,1.0,0.25446644852735717,0.031334812190276166,1.0843266174545372,1.0312380946413866,0.0,1.0
4469,hdac2,tcf4,0,1,14.923582531491807,1.5846444435107543,17.721320450485504,30.669184788811418,63.89018074498253,11.893749720990243,2.300495248274107,8.101282716503734,1.506790183346411,3.605272018160033,0.38780782087593224,0.22669577258771684,0.5316892045131526,1.0,0.3076462143659034,0.10237424774474164,12.372337923073779,6.620508531424253,0.0,1.0
4470,cux1,gabpa,0,1,8.118904573921542,1.0283851697998823,8.320139071643537,9.26837443312237,1.5143528372201456,7.641598167910982,2.2494494697267293,4.109145070775074,0.9256755700570477,0.1820105197978385,0.8244809511150326,0.9000462313171499,0.5540889278731255,1.0,0.14587025077001306,0.0304635641137607,0.812075685230885,0.8486691990379183,0.0,1.0
4471,hdac2,tcf7,1,0,16.114999994803718,1.2948271273135392,20.32718665586475,32.811203851596865,70.57570807023889,8.716279023090225,2.350623835460393,8.988829786579942,1.245669332005614,3.471986028616339,0.2656494733479893,0.22899318901817425,0.6096138426919795,1.0,0.2762266646049776,0.07756292415445705,10.658369686440356,4.887320981075017,1.0,0.0
4472,hdac2,tcf7l1,1,0,3.7426914445953137,1.6698288623298099,43.508662534246916,20.268024275338952,115.78079784166279,3.134889188722805,11.89750774704848,3.446239849669183,1.5427276181026834,2.661097609022764,0.15467167130528706,0.2340580524938207,1.01295659845716,1.0,0.19265203499182978,0.06998799648802219,7.734081281361208,2.4426673914151857,1.0,0.0
4473,cux1,hdac2,0,1,0.46671253262449214,0.000100000000000008,2.781533714674409,32.752811621240085,1.4332859059176113,81.2843495055483,6.937779899916426,0.39965462767350585,9.999969468364054e-05,0.5152861884636131,2.4817518094488014,0.8865149246868155,0.23207961633870922,1.0,0.23584320066730652,0.06065710069398115,2.4460885488214297,7.078384530311975,0.0,1.0
4474,cux1,hes1,0,1,0.11080073364279901,0.0001000000000033072,0.6697404733029121,5.798344438819564,1.432993480484604,12.780808417629531,7.013080223920932,0.09507215651383216,9.999827540283785e-05,2.1396250303010818,2.2042168333538097,0.8880729623431282,0.6577143010550618,1.0,0.15205654774374922,0.03893600694677599,1.0109015139723594,4.177918009659634,0.0,1.0
4475,hdac2,tead1,1,0,10.365510807446555,1.427830831247509,15.631402600311436,2.7756835847663215,56.69072329681391,1.4833031411502298,3.5815614950516874,6.232565768393265,0.9428316898399625,3.6267201828506686,0.5343920140216939,0.22270586484649418,1.0162112861016885,1.0,0.22049139323041653,0.05596666853911047,5.607633272826784,1.531995453440497,1.0,0.0
4476,cux1,hif1a,1,0,5.542770240171442,4.6033116919618005,3.779472125989305,1.7110571268903991,1.443153546169707,5.279901164113771,3.380093578226394,2.2471788225045364,1.2473977215763752,0.38183997607654024,3.0857538776097058,0.8909658373895801,0.4601249461478344,1.0,0.15438166035999526,0.028873347889162397,0.6970143162650548,0.7093949390744518,1.0,0.0
4477,hdac2,tead4,1,0,8.766360959707475,0.20868442687793842,45.347687211953534,2.0188355276599026,117.8831205825548,3.212066158857865,3.9675559455854668,7.346229088735596,0.18913389942580203,2.5995398625639523,1.5910489561183196,0.23008020163856363,0.6880316029697428,1.0,0.2791166139389664,0.08469679930978564,14.095005806063702,3.468886395354047,1.0,0.0
4478,hdac2,tfap4,1,0,8.793826212169293,0.3749204578570231,37.50675339029509,1.9403172254937942,105.61451496362623,3.6182605327436193,3.708786181900109,7.123622942279347,0.31420731780641664,2.8158799527275025,1.864777823545221,0.23532959348455695,0.597565522071656,1.0,0.3196579252224164,0.07732385928897709,14.490278468704084,4.2400642704344955,1.0,0.0
4479,hdac2,tfdp2,1,0,15.644600820717725,1.9001917310728351,16.30640817531799,32.23085384819188,62.371941179242484,9.432232453607261,2.1627079316538107,7.984325213460087,1.7944015757008838,3.824995701607118,0.2926460620011282,0.22859622822486006,0.6262253391249485,1.0,0.31689672276172887,0.09254968897038124,13.894045170145871,4.496284243105569,1.0,0.0
4480,cux1,hltf,0,1,0.2824616169786336,1.0609076956994412,0.03588067097397528,9.999999999998899e-05,1.4777192776564108,2.272420443275804,8.779771770229138,0.031836525416617446,9.999057499766288e-05,41.184271016788394,22724.204432760544,0.8953746087963738,0.758239299595047,1.0,0.13858516117555558,0.026056910560601602,0.18763109666351796,0.36403680666698923,0.0,1.0
4481,hdac2,tfe3,1,0,10.352532767198829,1.3361320094170541,45.47500322713487,40.93300415870783,121.22381183226476,4.372687742279418,5.568671507125057,8.432782364694887,1.2938967307142186,2.6657240952086547,0.10682547817221962,0.23316466114901696,0.8813953816820845,1.0,0.25786146397052584,0.06314938785677285,9.39062145574841,3.5132339856278643,1.0,0.0
4482,hdac2,thap11,1,0,3.1662114985792056,39.530473302700145,64.0408623568663,25.08294373914385,78.2357307362502,30.662983017771268,1.7153332671802637,3.017047211568324,15.345739062077907,1.2216532984875081,1.2224634929878402,0.22565355602181567,0.48604932748617863,1.0,0.3419095156032015,0.1055311413077521,14.932670787925671,6.566949833786959,1.0,0.0
4483,hdac2,thra,1,0,7.024737578837159,0.4778298448610524,24.285470452668516,0.405179212917588,74.47821264871418,1.2224959119230963,2.247073035111619,5.44867209879078,0.21925790992040903,3.066780723637595,3.017173322195449,0.2299145806865153,1.1885646820711755,1.0,0.17957857619057346,0.046003210051056856,4.22969319303622,1.2578462700837398,1.0,0.0
4484,hdac2,topors,1,0,14.878593504669348,1.1888177980742374,27.2824827668164,32.49712102480026,82.93657622046659,20.571597662172483,2.937335662785209,9.627955611753249,1.1468629704397948,3.039920410811808,0.6330283118456315,0.2293101107727475,0.2779448914204343,1.0,0.38530970075551946,0.12470542575561,20.4501429914823,11.239650773824964,1.0,0.0
4485,cux1,irf3,0,1,0.0666738560526922,1.8833701522878339,0.00010000000000063604,0.00010000000000609521,1.4385542118997272,1.8882242855753508,8.925559803849467,9.985024078960238e-05,9.999469065729079e-05,14385.542118905774,18882.242854602595,0.8885550004712978,0.9237721893491122,1.0,0.11487284555694703,0.023414148310599042,0.22562115828877155,0.33110377170715366,0.0,1.0
4486,cux1,klf6,0,1,0.07700084158802745,0.0001000000000035417,7.718305273947393,10.003442302528411,1.535060397514152,22.406885455495214,12.118864297858593,0.0762402390513999,9.999900035764644e-05,0.19888568060344056,2.2399174981827787,0.9023931443389078,0.6561481517676089,1.0,0.22805164654693802,0.043920716890270765,1.6723896229848556,1.8982980464739168,0.0,1.0
4487,hdac2,trim28,1,0,24.979366453972276,2.6082523068908947,26.914538169559005,54.56609946233308,85.00207652244713,133.31514392071605,2.1767736373010083,12.955435069959652,2.4892657353620926,3.158221626800438,2.443186249967223,0.22784256062655733,0.23109675357740644,1.0,0.5975454654145097,0.27911344860175863,52.641019309396995,77.85328026011129,1.0,0.0
4488,hdac2,vezf1,1,0,6.220109072365735,0.2854813072590655,35.80655771872003,0.1554664159819228,99.95488415576608,1.2414965732769543,1.7803995060680649,5.29950889570997,0.1006531008782299,2.7915245285784245,7.985625483392581,0.2331588809563689,1.1111573615369736,1.0,0.10667665142403064,0.0449636179547466,3.1336508780511863,1.6305694989586519,1.0,0.0
4489,cux1,max,0,1,0.4553216086889263,0.00010000000000021103,9.727527804361868,14.997501474441304,1.442035822020479,21.94210072165447,22.011837857449446,0.4349621042978112,9.999933322692618e-05,0.148242785939287,1.4630504127002841,0.895711442301169,0.4336874378647481,1.0,0.23347981897602074,0.04119137185146864,1.11003183483369,2.5983297995135897,0.0,1.0
4490,cux1,maz,0,1,0.025046669803938288,6.249574100796356,0.004952956660374682,42.80500159802464,1.432497142823593,76.47921443094278,1.3724777137601945,0.0041352204892682685,5.4533756649737155,289.22060923408674,1.786688741403344,0.8844104072282807,0.35756146173870745,1.0,0.23973750152845447,0.04420060851340682,1.3732345540564148,4.193327357692308,0.0,1.0
4491,hdac2,ybx1,1,0,2.4973803054149273,24.779778192932632,51.919523900502966,29.965245642671594,56.34936258142669,1503.753840234582,2.31552974521323,2.3827668690041865,13.563463644694343,1.0853212500448373,50.18326424440126,0.22361005998545724,0.278995397768075,1.0,0.550505224426677,0.4671344834366379,81.14202074156682,418.4597122061299,1.0,0.0
4492,cux1,mecp2,0,1,0.2731601144156152,0.47294875946075515,0.06171023823218717,0.11602821362113985,1.510613936944856,1.2759797889557332,6.0145929596166035,0.05033821478322424,0.09317070480263984,24.479146090169223,10.99715103019784,0.9038157200633022,1.1289875622373726,1.0,0.09537247649989039,0.02097680191339503,0.5982771863696118,0.32537899795952224,0.0,1.0
4493,nr2f6,nr5a2,1,0,11.204906835225184,0.6938482247869734,6.4647389280453424,16.820543920028936,7.0378162234232535,6.583391150807324,1.6420055739351813,4.099504787661009,0.666360810147663,1.0886466262221024,0.39138990879885877,1.0125519460894903,0.5274554163038129,1.0,0.21768345189663713,0.04042300804755361,1.156044837308122,2.1692283569970057,1.0,0.0
4494,nr2f6,patz1,0,1,3.098025744703206,8.018245402702071,30.94520278344869,22.325977695876425,3.40212360915439,16.81823713836576,4.163265293013749,2.8160970343605003,5.899481012884336,0.10994025901081009,0.7533034999614849,0.9698368728839643,0.44405517608892103,1.0,0.23299315391339412,0.041157679020834954,1.0353207217251719,2.53417920504024,0.0,1.0
4495,nr2f6,plagl1,0,1,1.2184092560959048,5.773369050727067,11.677082377033404,5.236311208312227,3.228875602407215,5.236497021318389,2.1059543199859916,1.1032898672758344,2.745870575598626,0.27651390117430347,1.0000354854779958,0.9651980439982709,0.9956846714369808,1.0,0.16566977800979074,0.025744601382485837,0.12959345829243946,1.0303931661195285,0.0,1.0
4496,cux1,nr0b1,0,1,0.2983160386062873,3.731470322552801,0.15284908950749637,8.598006019125554,1.5267777874038626,38.428144850416025,2.0498095360661566,0.10106573412951038,2.6021546580241877,9.988792163063444,4.4694252091631235,0.9044452662721894,0.6572508596544981,1.0,0.16175728432412328,0.0488278250228842,1.8809996817049888,4.424710011780499,0.0,1.0
4497,hdac2,zfhx3,1,0,8.291947016795682,0.00010000000014454002,62.50881567721139,2.7909833381762823,158.560939535894,1.7233159387661237,4.606216206961918,7.320822092245021,9.999641730633089e-05,2.5366172405934733,0.6174583399312564,0.2330785094620291,1.144088371617293,1.0,0.16464480626081984,0.04391076209198304,8.250490904516223,1.3397759553063067,1.0,0.0
4498,nr2f6,rad21,0,1,10.017420869897244,0.8568297691375724,0.6520561245974458,11.392390593135792,4.33601301152726,14.592270747492098,1.125362447096025,0.612206262242953,0.7968947502900471,6.649754289485659,1.2808787258649923,0.9917805989583334,0.38693349826877954,1.0,0.2742792890566578,0.058495710301916366,2.7723284724199053,5.306730023525468,0.0,1.0
4499,cux1,nrf1,0,1,0.00010000033217413032,0.00010000133598350227,0.002127000876222908,28.79479689899033,1.4466558080804424,32.656144090145766,22.241417114852297,9.550995902245418e-05,0.00010000098869046514,680.1387927255531,1.1340987819674753,0.8945398749342637,0.4982717929789533,1.0,0.2335944725974474,0.04504603569863023,0.8511327955327235,3.163286882408532,0.0,1.0
4500,hdac2,zfp219,1,0,16.6145437494117,1.147164891381072,8.550083283665279,25.028447340455102,47.209415774368274,8.771546665336443,1.5815659025407616,5.645056157234082,1.0968895711187716,5.521515312553819,0.35046307691482015,0.22140777565822461,0.52908265889978,1.0,0.28850485756975425,0.08612444224232792,10.6448575964951,4.392850340277473,1.0,0.0
4501,nr2f6,rest,0,1,4.1176303169417015,14.206237996660946,62.46408662798202,34.51832418786074,5.489474869349032,151.60047951620783,3.65589286127814,3.8629826417995528,10.064236735500627,0.08788209618821055,4.391884110339344,1.0042660100849068,0.29383893727691995,1.0,0.38794895168761867,0.09489835134753206,5.0863372506042825,24.779791400226983,0.0,1.0
4502,cux1,patz1,0,1,2.420052232570135,0.7160120437083964,10.44352072932367,9.694150940603137,1.444526123238021,9.028900832976323,5.70800869589878,1.9647624910871848,0.6667646642477586,0.13831792559974837,0.9313761347741688,0.8838986317668055,0.4377627160073278,1.0,0.18490432179626504,0.031472943170432394,0.8872908531002445,1.0995247683442682,0.0,1.0
4503,hdac2,zfp42,1,0,2.7099768430863658,16.637262588167722,100.99607182756128,115.2925081247158,51.351238740695436,1234.938479605503,8.094036056445649,2.639161547506187,14.539187946394584,0.5084478813034584,10.711350630603235,0.22370760497957676,0.24716681320121506,1.0,0.5198840521986434,0.320128342994309,53.10749782794587,136.16263141777995,1.0,0.0
4504,nr2f6,rfx7,0,1,5.543461180869166,0.5033720297169627,21.608620824414274,0.40397716171919323,13.893535108575694,1.7041445444383545,2.1149319019366146,4.411689338922617,0.22411526430306672,0.642962603743698,4.218418034292035,1.0224743150684932,0.8802676542378587,1.0,0.1792027382999881,0.026766285310871506,2.1402301115938736,0.6974209599955916,0.0,1.0
4505,nr2f6,rxrb,0,1,3.4321760546239974,14.652372117619125,19.37532671737197,0.00010000000000000024,4.313935425328215,3.561504789605312,1.1771497717802069,2.915686696376582,9.99993175213086e-05,0.2226509771037992,35615.04789605304,0.988968343290909,1.1558339533244577,1.0,0.2332916583973104,0.03748100856284634,2.506464798546614,0.858994351685187,0.0,1.0
4506,cux1,plagl1,0,1,0.23898107982754904,4.257666080635443,0.1069693389833952,19.71234714134765,1.5139578411530337,11.837185445673605,1.724019392698306,0.07389396499809124,3.5013994784306304,14.153194322235128,0.6004959917149849,0.9113687600644123,1.0057545921402469,1.0,0.10185988565743284,0.021278171857962873,0.46661305498700234,0.5412220765241714,0.0,1.0
4507,nr2f6,setdb1,0,1,3.815209663292539,12.57998575011377,43.08671161397971,19.861440891713848,4.3809790166124465,22.864370748314897,2.8071596516389206,3.5048636395373403,7.701777303231792,0.10167819386780529,1.151193957828803,0.9882926917946584,0.4627974062741285,1.0,0.3244091893273804,0.050386736205007644,3.7147644914861777,3.2018531253397033,0.0,1.0
4508,cux1,pou5f1,1,0,0.061157709728241964,5.926619670703215,0.012360294853452454,219.26202250095014,1.4366782006871317,5696.462012275083,1.2341629480907785,0.010282206775116282,5.770640131138373,116.23332758003274,25.980158110830153,0.8927122287998301,0.2738896561334963,1.0,0.31081378411006505,0.17710769379500912,6.0060841545685,84.2587449821529,1.0,0.0
4509,nr2f6,sin3a,0,1,5.511574723733514,1.7764739568607901,2.1722720304873366,10.385929877523397,3.81900226057876,5.286457684949395,1.6325896102524617,1.558157001209132,1.5169973137252661,1.758068145692595,0.509001865725093,0.9768692845615923,0.6261132187372078,1.0,0.30660182277212067,0.05293515553561106,1.5517699773869322,2.8849415410360693,0.0,1.0
4510,hdac2,zfx,1,0,9.96076080132326,0.6606050243219079,40.838495827640536,3.6671592716735977,110.39027930360385,2.293350056816686,3.7591584128505318,8.007646477902071,0.5597679712127194,2.7030936636233522,0.6253750892499577,0.23205101735529235,0.7754894581338848,1.0,0.23973345173743252,0.06795735424901346,7.970733300597365,2.484568085148406,1.0,0.0
4511,nr2f6,smad1,0,1,7.409734011155884,0.5701690773991043,35.73308984743403,1.8508227136982178,23.123122338534955,1.85594398285472,3.207374455245045,6.137120092881997,0.4358882516575199,0.6471067136164663,1.002767023074981,1.0609389457542204,0.9396514892578126,1.0,0.19505174642372577,0.03886779146745849,2.509454770797827,0.5655109225738433,0.0,1.0
4512,cux1,rad21,0,1,4.671543050345132,3.3461136900915838,4.190792312137426,2.8118126138341353,1.520189595703612,13.225055693661197,3.891730976053759,2.2090640785366613,1.5278917312025198,0.3627451523428683,4.703391551981039,0.9040031840233448,0.3800359311012888,1.0,0.19412233047235677,0.04291986871738942,1.2016517060846703,3.941076976043308,0.0,1.0
4513,nr2f6,smad2,1,0,1.2050436175234769,5.179250963733122,4.241364891229512,5.457610956648195,3.3693939940490654,1.9319487052356403,2.637249031584434,0.9384220231644911,2.6573943535677014,0.7944126667848013,0.353991649566416,0.9673684210526315,0.7527435651574805,1.0,0.1651122018283594,0.025542447442995393,0.6716482497645739,0.5192337528497467,1.0,0.0
4514,hdac2,zic3,1,0,7.076503655442105,1.583758861076029,46.94225134064539,32.13870009970329,122.11933509930189,4.525218034039394,7.973243730222917,6.14947555216367,1.5093783975115513,2.601480150858545,0.1408027711139808,0.23178482879372897,0.9786879434829386,1.0,0.20265280065846314,0.07292559792264636,5.894695118738678,4.340767980171117,1.0,0.0
4515,cux1,rela,0,1,0.33507658808458124,2.1827350729610413,0.07694167249957615,0.4189847652927783,1.5203971369548943,1.572230938050272,5.771980089194386,0.06257332640093805,0.3515108463233684,19.76038585544485,3.752477579827104,0.9078148059808291,1.0596080845388323,1.0,0.05814990586933222,0.014763455304188702,0.1706882247083339,0.30458062767886207,0.0,1.0
4516,cux1,rest,0,1,0.023536140726099823,5.741782877207379,0.005008647407511989,51.73009695206752,1.441857092460847,216.28640537696262,1.347293876135672,0.004129798745705428,5.168144591720176,287.8735465184361,4.181055480668652,0.8920194994930583,0.3009856856986303,1.0,0.24977304288880836,0.0689052852803791,2.6870219023749424,15.398419008297621,0.0,1.0
4517,nr2f6,smc3,0,1,3.5387233513551357,14.914202314879784,42.19399879851216,18.711702665028593,5.26940813231864,83.60017035593059,2.4437136705623392,3.264902717709289,8.299259733495864,0.12488525103964426,4.467801346169095,1.0003324247058043,0.24936955241203662,1.0,0.36869248590567255,0.089499956650684,6.146875971450989,16.19698038793842,0.0,1.0
4518,nr2f6,sp1,0,1,3.211875167095217,39.0418470339704,98.89030268207935,41.4834958967578,12.84419871425538,12.027801954840632,2.0591278150553975,3.1108377327689682,20.1128271211314,0.1298832986238091,0.2899418598850701,1.028727902725716,0.9984028862349992,1.0,0.12178331368253656,0.02857950185040628,0.2922118712294735,1.1956566456523459,0.0,1.0
4519,nr2f6,sp2,0,1,1.1756930414822548,6.014967976102859,11.594140675561723,6.357960401338881,3.5890766895091857,8.283449948219292,2.2656136682607824,1.0674493353841175,3.0908550539343427,0.3095595257934283,1.3028470492636186,0.975699054820416,0.5808460988503075,1.0,0.1527280616821164,0.03039941516546729,0.5486016201374249,1.0246147780639592,0.0,1.0
4520,nr2f6,sp3,0,1,2.5678768358431157,8.967851038377496,32.888743121590004,31.337835112062596,4.266965948607371,14.395794723321952,4.8453816328551405,2.3819033433901984,6.972540700616375,0.1297394045382749,0.4593742570871051,0.9903414220863092,0.5731440061319666,1.0,0.15814523101095015,0.0313930162524485,1.4379574229101442,1.0988479485994733,0.0,1.0
4521,nr2f6,sp5,0,1,23.56273131506523,34.416531106298955,249.39661040261856,665.2919021931705,143.78278796356543,82.1165589167282,11.689573769040749,21.528720302537984,32.72368654845169,0.5765226228674348,0.12342936783993094,1.0777024817360494,0.8851015191047087,1.0,0.22018860887522762,0.08065754047037844,4.806627442960199,11.812874439243988,0.0,1.0
4522,nr2f6,srebf1,0,1,6.694231441009989,0.7385040434792051,2.0811755233213804,12.30590186741789,4.23744117874621,3.4670918897130383,1.3895603835657755,1.5876039343937052,0.696693919970282,2.0360806338831106,0.28174220199925315,0.987294887039239,0.5382811426672672,1.0,0.2545562069230087,0.038712767202836,1.679571767384659,0.9308860261260915,0.0,1.0
4523,cux1,setdb1,0,1,9.999999999998899e-05,0.00010000000000021103,2.779105707679007,14.116020835022583,1.4532171849898288,15.79806668906072,24.82938687549843,9.999640184963534e-05,9.999929159029327e-05,0.5229082078362162,1.1191586406464415,0.8894049249891409,0.4552982965163441,1.0,0.24887142428600337,0.0349299039254201,0.6094679247788861,2.5638469622459277,0.0,1.0
4524,cux1,smad1,0,1,4.020126846422006,3.57528960083611,1.898302034892001,2.102852230689268,1.4521476927720456,2.082468706310987,3.975247373682249,1.28943257173896,1.3240785340613157,0.7649718886039448,0.9903067252749378,0.9005758442689806,0.9518658734451054,1.0,0.18018629539736547,0.028795455442862338,0.5961018238107085,0.353878281913027,0.0,1.0
4525,cux1,smad2,1,0,0.013990867198389153,0.3217304318744301,0.0014568950572189108,0.03322473911252632,1.4452900638448678,1.8920489129632887,10.304374530795023,0.0013194937189132065,0.030114816003007788,992.0344342466259,56.9469908117338,0.8848265107139968,0.7567537295521336,1.0,0.1419023855366836,0.021097338611694536,0.41975908069232826,0.563016108144153,1.0,0.0
4526,cux1,smad4,0,1,0.3425634934865161,6.2327994593631875,0.1709411951395156,55.05594972802401,1.5490408172843966,16.65376663132609,1.64143773352653,0.11403637451575194,5.598950839254089,9.061834486532806,0.30248804558990583,0.9046706806162863,0.9873770374776917,1.0,0.1149642003003736,0.027936656087106652,0.5994180155312534,0.7061972078012616,0.0,1.0
4527,cux1,smc3,0,1,9.999999999998899e-05,9.999999999976694e-05,5.860318301662575,20.04681072874562,1.4530641371593704,74.37372097991503,21.364435273909287,9.999829363715185e-05,9.999950116979082e-05,0.24794969528312744,3.710002652604921,0.8944405693279291,0.24947213771316976,1.0,0.29761869464034735,0.07289127267000775,3.3744760447524067,10.894679909549914,0.0,1.0
4528,nr2f6,stat3,0,1,26.977993696439942,0.00010000000000000026,0.9465305399236794,21.44171193331888,4.379969633522491,6.120858479741043,1.035090111076543,0.9144469113746373,9.99995336215043e-05,4.627393886176834,0.28546500852059614,0.9887091825553362,0.5200066063090251,1.0,0.1645836848844285,0.03545017773767357,0.9092801627799334,2.7967167545415195,0.0,1.0
4529,cux1,sp1,0,1,1.6275405455171696,2.401303823121184,8.02479781115788,20.789483132271236,1.5418809669484106,6.121699765839453,6.563866423311449,1.3531108550711757,2.1526593910875564,0.19213954086226828,0.2944613739019235,0.9055653487786455,0.9719100600337994,1.0,0.056744721838867106,0.018258385529260287,0.13603812410971755,0.2857135257095268,0.0,1.0
4530,cux1,sp2,0,1,0.00010000000002002393,0.00010000000012611085,0.0015840282650054435,16.990186947618618,1.4443010148590578,12.932951514513311,16.840381885674113,9.40618574058597e-05,9.999941155453133e-05,911.7899262069635,0.7612012483668417,0.8795745447989903,0.5924929182755149,1.0,0.14566271346717352,0.027867908131431744,0.6669177905108975,1.285284366667217,0.0,1.0
4531,cux1,sp3,0,1,0.0013392523347250614,20.11808501851593,0.15703463583205618,24.008131413652624,1.435883683809073,12.268971167547402,2.148879718903462,0.0013279272555922078,10.945820148845922,9.14373874401,0.5110339891163062,0.8863260270132206,0.5612318470715318,1.0,0.13677119187275116,0.02821147429499749,1.1483711686870879,0.6862253545471213,0.0,1.0
4532,nr2f6,taf1,0,1,17.85675678181846,1.8994422185087756,5.13554360579624,23.754669430699053,7.117744409763697,12.021783214514157,1.3899058223347431,3.988472295731003,1.75880664356518,1.385976822732114,0.5060808465293967,1.0118648290771117,0.4746235118005754,1.0,0.2707593012946762,0.04362451169225585,2.3465045468899945,3.723396924671231,0.0,1.0
4533,cux1,sp5,0,1,0.24550439765172744,3.5484799349053464,0.11087862094118364,15.923148806416007,1.5088829101761814,133.14592694170108,1.7158453368346471,0.07638183534696893,2.9018103616659707,13.608420607761518,8.361783750212258,0.9018969302630073,0.9311847051186459,1.0,0.1863878993178783,0.06923697895954517,1.9600981304052787,12.634797729566849,0.0,1.0
4534,nr2f6,tbp,0,1,1.5021890161667724,12.15616719614053,9.296106183243488,9.323899054753095,4.240009815209057,1.103430494592551,2.0525468174104464,1.2932141920282976,5.276653922089272,0.45610600090302356,0.11834432012968321,0.9910403185664509,1.1062743264885844,1.0,0.17020914742773005,0.03211053057387139,0.6634911902669391,0.5543271716108964,0.0,1.0
4535,cux1,stat3,0,1,10.671440961907237,11.044344435892821,2.81502981275648,1.103285937974947,1.664405204444219,2.755291773805404,4.851673357885085,2.2274488971032236,1.0030820444195576,0.5912566882602326,2.497350577006965,0.9217514348913529,0.4931057481108653,1.0,0.09274237031309376,0.018981482401775038,0.4297875809732301,0.10723126627193774,0.0,1.0
4536,nr2f6,tead2,0,1,3.81730880980584,28.340963195544127,53.3445030779068,13.816784279006042,7.739727238449125,22.839971426428068,1.5608756727877413,3.562386055116995,9.288470048559233,0.14508949923379483,1.6530598556953906,1.0111713142217258,0.5421930737217597,1.0,0.2776732153304166,0.05638867512577915,2.619075384851436,3.2297564439534465,0.0,1.0
4537,cux1,taf1,0,1,0.3002074232614387,5.716406608075832,0.11419096889765466,25.80116122722397,1.453074967093475,27.5838693601772,1.6607618200320857,0.08272468518490546,4.679610092570142,12.724955231755805,1.069094104612323,0.8612033213288838,0.4891014545514522,1.0,0.14966729075951818,0.03296925270044789,0.6830794237846002,1.1464730486653578,0.0,1.0
4538,nr2f6,tfap2a,0,1,16.03558715619416,1.4656375409999602,66.71812203903661,20.623069659357103,39.01782011116562,2.192028607776462,5.5273843300440415,12.92829374367461,1.368389051891748,0.5848159228513115,0.10629012285675399,1.0377197794983424,1.1621723241428958,1.0,0.16711963485153178,0.03144157479785267,2.155331751318709,0.7001204575004034,0.0,1.0
4539,cux1,tcf7l1,1,0,0.25836243227283046,0.9397102270503266,0.08535721716849515,0.9451167303192355,1.5172526071916543,3.043611013670653,2.6428491010816155,0.06416013246707668,0.4712028622918366,17.775328876954806,3.2203546038621087,0.9049958268528356,1.0117505634861008,1.0,0.05432394538263151,0.024220185900898736,0.4516761705921579,0.36319466606733103,1.0,0.0
4540,nr2f6,tfap2c,0,1,2.917843348252419,1.8248208086355595,10.561752373038924,14.511121438231012,8.198439194570716,4.537037229878296,5.200650026894623,2.286236141257841,1.6209775938820263,0.7762385355198197,0.3126593109423655,1.0244224027723792,1.0621751682112335,1.0,0.182206803079811,0.03311903591698095,2.619222549349816,1.372597399461783,0.0,1.0
4541,cux1,tead2,0,1,0.20724582011757256,5.262068879509577,0.08587755056267177,21.689969072541086,1.504329372271468,25.32773945464476,1.7237236274447696,0.060717653985577394,4.234711729673106,17.51714344919092,1.1677167159592217,0.9005327362784049,0.5295070890308985,1.0,0.15920785954718714,0.02932742888043088,0.8577864512456127,1.578157145231248,0.0,1.0
4542,cux1,tfap2a,0,1,1.8310890761989014,4.526344068125095,0.28515702739873977,0.00010000000000005934,1.5218373184242755,2.046459679998245,5.586154166393587,0.2467330793821787,9.9997790760345e-05,5.336839608361695,20464.596799970306,0.8991649756708847,1.1484371059521572,1.0,0.17894060424226604,0.0300016596646605,1.057627988955715,0.44531044663707453,0.0,1.0
4543,cux1,tfap2c,0,1,0.2852276797827041,1.0293276731884682,0.049599508574586046,1.6960772831169,1.5217926924822365,4.358605126179322,0.22611983498736773,0.04225210269960292,0.640572432856076,30.68160827024761,2.5698151667767553,0.8991649756708847,1.0519716378933495,1.0,0.00430421527215453,0.020265098968981314,0.5641664027440717,0.5468111018793529,0.0,-1.0
4544,nr2f6,tfap4,0,1,8.742709955193199,0.1771941091256314,17.430528954898225,3.554071833887571,12.789237233753619,3.8447566291445927,3.1429785514539113,5.822361517493202,0.16877933709159335,0.7337262837430796,1.0817892290429765,1.0446427739232744,0.6138836376866115,1.0,0.23820020399938024,0.04235790153344846,2.6541962149926235,1.8097917965779853,0.0,1.0
4545,nr2f6,tfcp2l1,1,0,55.418525506178355,4.686242420871037,4.092859744552631,53.03677789536002,9.530143800517427,46.00110648223945,1.1687375788463157,3.8113757760984823,4.3057899097782295,2.328480425746697,0.8673435360835506,1.0193416893539242,0.2915910153224193,1.0,0.31740315813938486,0.05917520251842141,3.683444599507051,6.069831208150189,1.0,0.0
4546,cux1,tfe3,1,0,0.03151839568983035,5.271435969623409,0.006513276066371575,125.53324084884318,1.437069775756535,54.22070285759586,1.2571707949872186,0.005397817209113985,5.0589967980454364,220.63701294287372,0.43192307066208846,0.8872814133766,0.9345723724016851,1.0,0.14143242953054197,0.024444839373059975,0.7175345418290742,0.6619436844305995,1.0,0.0
4547,nr2f6,thap1,0,1,10.528214949754574,67.3903782292391,426.3399851351076,142.89677306489324,13.603304077382624,55.05855335442495,3.1598431334762154,10.274492408249598,45.79389432648425,0.031907173973071565,0.38530298601929514,1.02569536654871,1.0370697318991584,1.0,0.2381992455303798,0.043190117700297286,2.537087563521907,1.5082266237700643,0.0,1.0
4548,cux1,tgif1,1,0,0.032869425789139414,6.019443449438506,0.006175414885213744,81.81897327859494,1.4147093778156525,171.39901544863247,1.2750757288642045,0.005198698157833956,5.606939435924972,229.08734135466696,2.09485659108696,0.8856721867232772,0.334816202221012,1.0,0.2222536780044901,0.05616684441552298,1.850099946824399,5.242270454244437,1.0,0.0
4549,cux1,thap1,0,1,0.15563393087912566,5.6009253944089386,0.05838606044009326,94.04823254623115,1.4961200991510002,35.651535033010965,1.4454526812230881,0.042457959365508724,5.286117262337999,25.62461121496778,0.3790771401842751,0.8962010038009338,1.019845268795874,1.0,0.15708743067408898,0.04124892531480414,1.1271747713024278,0.6339350867560369,0.0,1.0
4550,nr2f6,thra,0,1,5.401859782690649,0.48699750059398106,31.05434500995228,0.432738960551218,18.939741917295873,1.232003622785056,2.070622099595184,4.601444893707487,0.22913388900085208,0.6098902395534691,2.8469902992227545,1.0319718543351326,1.191751362695367,1.0,0.1553760163017484,0.026987314557558498,1.0455503018424828,0.5616916517727671,0.0,1.0
4551,cux1,usf1,0,1,3.059985989477779,0.6726574336897371,10.808342126152414,7.858189720053397,1.5900918052295145,12.007956484492674,4.92010443769296,2.384813454062553,0.6196183843498916,0.14711708666050158,1.528081773573046,0.8693079584775085,0.4383538253975287,1.0,0.19941024198544438,0.031406481874858075,0.7285992199071222,2.611880593224344,0.0,1.0
4552,cux1,usf2,0,1,16.3639158761132,0.7373309066573791,14.598936469622664,17.330166913549462,1.4928503824479578,9.047683807320068,1.9662907918609598,7.715560750091118,0.7072405825116548,0.10225747509445414,0.5220771301542516,0.9028021903731747,0.6698771218534194,1.0,0.19839009083973666,0.03392799876513526,0.6487571583793795,0.9869431320217807,0.0,1.0
4553,nr2f6,yy1,0,1,0.00010000000000047063,5.125441264573096,454.7838112557446,756.9237256257436,4.168339697438914,1165.2582624132342,144.11667126439448,9.999997801200588e-05,5.090968228845246,0.009165541064290164,1.5394658972407336,0.981278697706297,0.4843118141238994,1.0,0.400073535629793,0.07062369477707359,2.8801828286155557,8.284843794754606,0.0,1.0
4554,cux1,yy1,0,1,0.03366355681601543,5.659576911528176,0.008320831735363323,208.25070093730403,1.4391263076875467,311.2519375013163,1.2810422598268025,0.006671736841829243,5.509837445338811,172.95462202069254,1.4946021122638231,0.8896766037335916,0.4910051323810979,1.0,0.27557421137768573,0.05194677658333041,1.7203216057321074,6.804319960944058,0.0,1.0
4555,nr2f6,zbtb7a,0,1,6.96257060889538,0.00010000000020327082,80.76103776298145,2.157587239977686,46.22034371928753,3.1848058667354726,4.189422464335834,6.409955521764569,9.999536561126168e-05,0.5723099281479715,1.476095987093625,1.0421016358510287,0.7317117395162224,1.0,0.1899667474274443,0.031123390924138215,2.7334216876979465,1.1694616136890863,0.0,1.0
4556,cux1,zbtb7a,0,1,0.41646293400908896,1.114764460008606,0.03481777815374415,0.0001000000000000445,1.4635194386721746,2.9834029942445777,7.203096825078556,0.03213147306050559,9.999103029981749e-05,42.03368268387896,29834.029942432502,0.8981185785653693,0.7161143342339841,1.0,0.1497546046960361,0.02274150787555734,0.7042175223555582,0.5139589222137211,0.0,0.0
4557,nr2f6,zfp148,0,1,14.054378446740275,1.0607372312761338,0.00010000000000000038,13.718686951612135,4.200791344113341,3.6287272417558816,1.0773283175722292,9.999928848302463e-05,0.9846068313436329,42007.91344113325,0.2645098072836669,0.9851765937283413,0.8326084131611828,1.0,0.23308193566968546,0.037488822065289334,1.7599809442325296,1.6275410600095443,0.0,1.0
4558,cux1,zfp148,0,1,2.7871144498384046,2.7949346119022676,4.513060216472918,3.342325024386705,1.4836928043683724,3.220363469343088,3.418950332016247,1.7230293681011617,1.5221092879384979,0.3287553751117284,0.9635099656216121,0.8989100485507764,0.8304702923221569,1.0,0.1304734886167476,0.026845356168425216,0.44714847674275104,0.653849844663526,0.0,1.0
4559,cux1,zfp219,0,1,31.817747954810734,3.22144560046924,21.96245524720681,36.79647892765636,1.448620430370655,20.66083945589925,1.7846171176103738,12.993551974869105,2.9621190142168987,0.06595894739750878,0.5614895788403953,0.8817037634075269,0.544928633217993,1.0,0.18348765242513895,0.03450727557214541,1.0737389767712249,0.466888973801325,0.0,1.0
4560,cux1,zfp42,0,1,0.03840137424498914,6.2209014621224705,0.010522933130652827,138.8043277577505,1.433018403366055,1526.6592204101262,1.3311234405050405,0.008259597631143614,5.954053995584321,136.18051027918605,10.998642802222577,0.8875024007934802,0.2572512895620949,1.0,0.3031929798063084,0.12852443590859622,4.82282267232764,58.80459053390936,0.0,1.0
4561,nr2f6,zfp281,0,1,5.434384075619679,0.6599108895196559,13.412777910627792,2.392040541149878,9.932938110297437,3.4766359729474896,3.723802022012876,3.8674356776116254,0.5172210754779273,0.7405578603092311,1.4534184990344001,1.0236515410958902,0.5549485806209322,1.0,0.1353394325431577,0.0361558706636851,2.125805241660875,0.49463321368951574,0.0,1.0
4562,nr2f6,zfp57,0,1,16.04869366138395,1.7242755178633598,20.83913838065748,37.67801990611366,14.030486173331498,29.765058606760093,2.4036813627810822,9.066430026497493,1.6488198615491403,0.6732757332402163,0.7899846828715751,1.022474315068493,0.3353500800182899,1.0,0.29959766461644716,0.06481411256770477,4.516555648217959,9.383305879372918,0.0,1.0
4563,nr2f6,zfx,0,1,7.39158103415732,0.280695962425236,1.8694484033150178,9.557121068133158,4.413020525044588,2.815026219337644,1.2849954413721374,1.4920781167552837,0.2726870491595095,2.3606003338841317,0.29454751062262285,0.9904341574914259,0.7947624962056221,1.0,0.16833362587550363,0.025478066307244956,1.0935958540596642,0.5779356232711779,0.0,1.0
4564,cux1,zic3,0,1,9.458654593716773,0.8636052534417096,10.935849281631672,10.559579513424913,1.5003140966881297,6.461623905495583,2.3325144599609757,5.071877289887368,0.7983157523968363,0.13719228000043146,0.6119205691174163,0.8975573425621176,0.9971699957945039,1.0,0.18642077442043473,0.028447063229001833,0.6892625722320791,0.5066477168391392,0.0,1.0
4565,nr2f6,zic3,0,1,22.09602384249351,3.2922546205794387,13.916465171744266,42.02838043264118,11.335062729015117,8.127639476678995,1.6912187772621863,8.538664076135372,3.053093353884955,0.8145073184266375,0.19338455093945747,1.019332847702492,1.0038138917873927,1.0,0.1822372580453242,0.0392408785754252,3.147566261442362,0.8823330036804962,0.0,1.0
4566,herpud1,max,0,1,31.74846088014845,0.16667151355583318,197.52692670153183,137.2382470602932,4.231396921242095,167.82973830128878,3.018986421042385,27.352154853191127,0.1664693418015807,0.02142187392828646,1.222907913036486,1.4907144847481517,0.47477599801440584,1.0,0.2827186589329186,0.056567410294747655,6.325580177143499,10.170875860172776,0.0,1.0
4567,herpud1,mecp2,0,1,0.7079004619130063,0.5508019064176606,1.7501061510372873,1.2908441090203069,4.00787372170415,1.311087116910215,4.645784165656832,0.5040266963436125,0.3860673496297857,2.2900746445172393,1.0156819926964469,1.4777909974221692,1.1633080257486466,1.0,0.11622296538640477,0.021571775717185205,2.9307451567700484,0.7998029359223757,0.0,-1.0
4568,herpud1,nfe2l1,1,0,1.1984656205013589,2.2051803370936174,2.3743799968640014,2.800667848120093,3.4841452718630315,1.8566882473758717,3.4158405431374503,0.7964555709927381,1.233752491265585,1.467391603898605,0.6629448217581911,1.440143777716549,0.847591897151942,1.0,0.17965321665536252,0.02284424122735086,0.8004534918275701,0.5602142221674765,1.0,0.0
4569,herpud1,nr2c2,0,1,4.219755610238426,4.55185978059092,16.886462987110292,14.993983508038909,3.2790493589854104,4.335562381648539,5.356177170264077,3.376102005116785,3.491817133353792,0.19418213047269647,0.28915347141232084,1.4311336721092427,0.9463419600971955,1.0,0.12542470724121876,0.023212464812915844,0.5188937645673122,0.7476963338335156,0.0,1.0
4570,herpud1,nrf1,0,1,8.870127985832049,0.0001000000000004457,67.2127252533883,42.448550810408754,4.6073491564697,55.6831136470641,7.89065874227928,7.836003118857657,9.9999764421698e-05,0.06854876273949978,1.3117789084429736,1.5078163392425823,0.5069282221674091,1.0,0.2714632387075673,0.05595866018116074,2.804659525167252,4.30139304211501,0.0,1.0
4571,herpud1,plagl1,0,1,47.35907535504191,0.0001,345.7547510363923,285.0142817434244,3.3463435487043163,138.39502138626634,-1.1369734280734163,41.6536489164123,9.999996491405121e-05,0.009678373294000226,0.4855722335726752,1.4341831159073835,1.0387678269844247,1.0,0.21517068678999043,0.037466400883664985,1.126286570940105,2.0044267151203385,0.0,1.0
4572,herpud1,polr2a,0,1,5.792433540088866,5.889784631398612,63.931777901480125,57.899672636636005,7.088036353001373,22.62686115769434,11.811518995061718,5.311219258526654,5.345971210028706,0.11086875081002985,0.3907942847914687,1.5517935893271533,0.8107737351815073,1.0,0.11214323975622513,0.029413119225181316,2.014698014748598,0.12396559705201185,0.0,1.0
4573,herpud1,rara,0,1,23.845025446906977,0.0001,162.20392572892698,144.77752030429338,3.2929404465463312,51.38066530766546,-1.1470072598808938,20.78891986302613,9.999993092855113e-05,0.020301237665785284,0.3548939448587984,1.4279144714210708,1.1018661344415945,1.0,0.1841073596808062,0.03566823379748803,0.452378992064243,2.387686249469587,0.0,1.0
4574,herpud1,rarg,0,1,0.7806296105736259,1.2410140592780845,1.1822803886098383,0.6543112953363004,3.447553478336957,2.10860496479595,2.510196566073051,0.47018104739048294,0.42842750701343935,2.916020185694441,3.2226326823720464,1.4345186105885517,0.819097521361486,1.0,0.05588824822055778,0.020004824906671884,0.6984419215158495,0.7254253452377444,0.0,1.0
4575,herpud1,rest,0,1,0.00010000000000021103,0.00010000000000070548,39.02915092199253,68.71990648702446,3.317631111826428,274.82988680747656,30.312585665783413,9.999974378212425e-05,9.999985448267497e-05,0.08500392740947323,3.9992762047685457,1.4242122705749907,0.30442766181248765,1.0,0.26944500020679546,0.07301706908642332,3.085938698905479,19.226037905447022,0.0,1.0
4576,herpud1,setdb1,0,1,9.191040246516511,0.00010000000000271506,63.43242267473839,59.09765311658021,3.6286496382843003,52.18062038354733,6.429041966108333,8.027845633989122,9.999983079154419e-05,0.0572049668809101,0.8829558811855378,1.4579967484631409,0.47430225452203467,1.0,0.23255995686985736,0.04629298131267806,2.1850940627320625,3.8550590754829193,0.0,1.0
4577,herpud1,smad1,0,1,0.5795756767355911,1.0194306667719595,2.752350981800811,3.5259969229344126,3.463597076659873,2.9003047741491845,5.215332353452867,0.47876074306863253,0.7907967563542478,1.2584140247962514,0.8225488670408387,1.438101100902732,0.985721153846154,1.0,0.19680667767130675,0.03217408275916825,0.5844957899767879,1.5916811311566434,0.0,1.0
4578,herpud1,sox2,0,1,0.2313204281928816,0.9019574306067288,125.78153870296516,230.3485914709253,4.580601405891559,1213.350688828432,95.47458382738945,0.23089579581116848,0.8984394834689121,0.03641712013643522,5.267454344219777,1.5045858334500535,0.38300846332611016,1.0,0.19715833751915565,0.08688161192381523,7.405101785550271,15.966612159741134,0.0,1.0
4579,herpud1,sp1,0,1,9.999999999998899e-05,9.999999999976694e-05,3.913330239896788,16.362327449501578,5.329251974335656,4.639744708110756,8.741181038623669,9.999744469699726e-05,9.999938884350476e-05,1.3618201500101899,0.2835626363321613,1.5209526778376499,0.9702961085591659,1.0,0.1449336634249816,0.026806151727809983,2.5387326212801145,1.4772100479795751,0.0,1.0
4580,herpud1,sp2,0,1,0.5378669920821472,3.484600142656179,10.412433348031644,33.57451422838384,4.7993524160942895,24.592105004048147,10.911214024263924,0.5114475431003039,3.1569496210428447,0.4609251512761476,0.732463464304065,1.506954874876897,0.6030448675958783,1.0,0.07618876992495927,0.027173611597889325,2.6690556724216945,0.9055439126694219,0.0,1.0
4581,herpud1,sp3,0,1,6.386505398663501,1.0447536594469427,35.55861364660291,39.29017011390643,3.484180923222426,17.89521961116191,6.603640617391131,5.414104982702326,1.0176924899487405,0.09798416096447807,0.4554630219029784,1.440143777716549,0.5822119434697817,1.0,0.1644711186321561,0.03338856185741117,1.086555042499807,0.7765968770446571,0.0,1.0
4582,herpud1,sp5,0,1,0.0001,1.3470298683422235,49.448367778512015,76.68058447206973,4.198167454936803,600.0714210832027,47.49041917753767,9.999979776926467e-05,1.3237754156520518,0.08490002084075125,7.825597903492426,1.484433868728931,0.9986948962787485,1.0,0.16791104830181458,0.07678212314148386,4.63726770811716,14.154905912296355,0.0,1.0
4583,herpud1,srebf1,1,0,5.608233003104634,1.3882713087974923,0.6047394979329261,4.616594984965187,3.685658054323125,3.4913078222451523,1.440970032051141,0.545877196466262,1.0673154152695703,6.094621017679773,0.7562517036073676,1.4570447056769757,0.5361818545856571,1.0,0.23543996198996306,0.04133593691684839,1.6453170175478318,1.813860000459219,1.0,0.0
4584,herpud1,taf1,0,1,2.9617664387590357,9.999999999998899e-05,26.447632264942005,30.95477769142398,3.275861311706824,31.10827616213424,9.928084487591164,2.6634923894954765,9.999967694912446e-05,0.12386217710873058,1.004958797386317,1.4290477084898574,0.49208308835860043,1.0,0.21641001755568562,0.04683252062796235,0.9326896447519994,2.3843551012455015,0.0,1.0
4585,herpud1,tbp,0,1,15.48225677333765,0.0001,70.19976347655144,40.79486659046862,3.447480974100684,8.66691588829559,5.3290383271640565,12.684700482105479,9.999975487171982e-05,0.04910958104940387,0.21245113938724197,1.4345186105885517,1.1579359403816474,1.0,0.21807451352467286,0.03608821939866716,1.1621553109873144,1.643237423135974,0.0,1.0
4586,herpud1,tcf3,0,1,4.25575881088711,4.314921230725656,23.49967696220122,10.99260081128797,4.489079263026794,25.51841312701887,4.189274915384172,3.603220576412544,3.0986208278083307,0.19102727540669567,2.321417248301674,1.504469237021371,0.42042168553560294,1.0,0.28515372922898696,0.05574455864954973,4.05501491340977,4.361309836783244,0.0,1.0
4587,herpud1,tead2,0,1,3.1126989455448113,1.455685590286988,34.054136122005175,36.10648409027765,4.9401215185662695,39.1398434588804,12.421782939329242,2.852012376242195,1.3992719018395499,0.14506671086494105,1.084011485610684,1.5105405512302128,0.5459896799902866,1.0,0.17169611525300055,0.0418271975751734,2.923430291114161,3.2202187517957777,0.0,1.0
4588,herpud1,tfap2a,0,1,0.8152343633267657,0.465748625658291,3.0193213619846078,2.657699552918954,5.409334878162394,2.5843691780773805,4.512352869451172,0.6419138759592677,0.39629916791143754,1.7915730820408013,0.972408327810781,1.5278620767806252,1.1790404432132966,1.0,0.12250530001140844,0.02562932264262611,3.4124637877835173,1.5090602662398602,0.0,1.0
4589,herpud1,tfap2c,0,1,0.7489396772292963,1.5685799090691037,1.7488378636657875,13.946023084552031,4.078869317350304,16.77892048253723,3.7088761702727906,0.5243757875534691,1.4099910665349535,2.332331316752528,1.2031329921662894,1.480338697842985,1.1270069916839383,1.0,0.031254333428741024,0.02519469869537985,3.5689611678411612,2.7929457387293963,0.0,1.0
4590,herpud1,trim28,0,1,5.517783802947875,0.0001,35.35425912092974,33.3833884747725,3.1864559454573795,262.7914180575228,7.215998551688362,4.772875158357289,9.99997004507181e-05,0.09012933730439839,7.871921637197245,1.4238654489980767,0.2462773366611629,1.0,0.34374066985678503,0.10158319337311822,4.753603052770666,36.76678734895874,0.0,1.0
4591,herpud1,yy1,0,1,42.47333825888382,0.00010000000000000007,319.722374752351,229.37591261765982,4.716864570057069,332.33299336489193,-1.1328449302590924,37.492648543217285,9.999995640346229e-05,0.014753001173942347,1.4488574217417864,1.5050242822343964,0.4975210507129452,1.0,0.2523164690046006,0.0541748606075903,3.140683870571319,8.192090848300188,0.0,1.0
4592,herpud1,zbtb7a,0,1,0.9583871274763429,1.126044137920941,1.4302728063940833,1.4935607779154065,3.4453693883352456,3.9146771225737447,3.8738991493949717,0.5738594376665717,0.6420110713768987,2.408889669811664,2.6210363719095113,1.4375503896801933,0.7583162534435262,1.0,0.15063181093312394,0.03166952600806142,0.9509804495300039,1.6981884306967527,0.0,1.0
4593,hes1,hif1a,1,0,5.201874130164056,1.0614213606055927,2.4136896364769425,5.879285103874021,11.890584914153072,5.1224657983430735,1.7046785932281248,1.6486907684015686,0.8991013848919537,4.926310630188871,0.8712735830701154,0.6517976898990109,0.45764845069431404,1.0,0.1650073810071938,0.04013559330558278,2.2928236266596715,1.8693482448543728,1.0,0.0
4594,hes1,hmga2,1,0,0.06513615649910753,9.999999999998899e-05,4.094833330193274,4.293184919046556,11.040310500556942,13.169888463214603,6.682682526513124,0.06411626467128317,9.99976707811767e-05,2.6961562560193006,3.067626648176015,0.6459683865724489,0.6025284866560934,1.0,0.24021165175498363,0.07171754413936463,5.99955800486673,4.858282130454782,1.0,0.0
4595,cxxc1,e2f1,0,1,1.097214172071565,6.714149671007451,1.4181940039295986,222.7821662265453,2.4480170122394367,306.84903451701126,2.1266514827595984,0.6186123487648839,6.517720348696182,1.726151009986191,1.3773500801898975,0.672255730191607,0.7147798673573694,1.0,0.25984331085567014,0.062233316931542174,2.649408910957092,6.700911101562951,0.0,1.0
4596,cxxc1,e2f4,0,1,0.9484087205227689,7.17627617504246,0.6617323944719442,257.8743695414209,2.243123142508668,1522.5040845291105,1.6941653294165917,0.38977501271474924,6.981977686912863,3.3897738137765763,5.904053540631378,0.6609886575136509,0.3897566548998886,1.0,0.40590828799736456,0.11424383423427523,5.24878218506662,23.875913512991943,0.0,1.0
4597,cxxc1,e2f5,0,1,5.425182523492066,3.1783977987130654,9.999999999998899e-05,9.999999999998899e-05,2.6981743293076046,2.5412082404559713,9.80628132189357,9.999815677800808e-05,9.999685385969464e-05,26981.743293079016,25412.082404562512,0.6811147400872989,0.7602945052134639,1.0,0.2283491689907529,0.04134647607600041,0.8343736423284861,0.6441263214627186,0.0,1.0
4598,hes1,irf3,0,1,1.2323702073032328,1.6053697589828217,5.273159825112478,10.68641060200327,13.054992050437216,1.6652989217391694,4.144474354007695,0.9989170804586769,1.3957002084890144,2.4757436685808685,0.15583332736877928,0.6572746453737969,0.9122883014336796,1.0,0.24060731614565872,0.048992301917534724,2.989758141558954,1.1469484823377862,0.0,1.0
4599,cxxc1,elf2,1,0,4.671031790844783,5.097544150884321,9.999999999998899e-05,9.999999999998899e-05,2.251856556704819,2.249438509570763,12.9560569507589,9.999785919119837e-05,9.999803830950922e-05,22518.56556705067,22494.385095710106,0.6585421690424591,0.823966059507663,1.0,0.20171198302269253,0.032991757848775956,0.9214844777530811,0.6104989819605133,1.0,0.0
4600,hes1,irf9,1,0,1.0850944517528465,0.7699295982786524,3.3274296519626905,2.1876838372365945,10.97530143464789,1.1855589716954134,4.90601922631312,0.8182562563006418,0.5695005702024202,3.2984322983880627,0.5419242723815932,0.6439180299058878,1.0592266808276936,1.0,0.09435437442679552,0.030449082568669437,2.1994084334742325,0.9765895954712097,-1.0,0.0
4601,cxxc1,eno1,0,1,1.071219144206898,8.751316600878873,1.4592893410523569,20.461809983518123,2.402322581413496,782.2542227898781,2.787267395952071,0.6177488390884409,6.129702579950241,1.646227731425131,38.229962228169434,0.6672806908269149,0.2871889944477046,1.0,0.43731000773636153,0.21725762735130671,8.779405043096043,152.52276816625914,0.0,1.0
4602,cxxc1,erf,0,1,5.603854315750478,4.029558552089323,1.3152209402050554,1.0167929653145957,2.3411023524236367,3.850654042337718,6.126287235075473,1.0652155482178887,0.8119186257550878,1.7800069029152141,3.7870581069041185,0.6673089829443416,0.6617674419918314,1.0,0.22687496907114277,0.033422433536509685,1.0709962657140881,1.0742143276390623,0.0,1.0
4603,hes1,jund,1,0,0.00010000000000129525,2.7879454424950207,298.28194237322833,335.9836666523701,11.201221407221523,1465.006287927324,96.61605410527103,9.999996647597834e-05,2.7650018441744146,0.037552462338487386,4.360349723318877,0.6415453493607207,0.8836385448119412,1.0,0.25280121271159,0.09880158968889027,8.410119961641572,24.049903662658483,1.0,0.0
4604,hes1,klf10,1,0,3.2713263990632235,0.32536060212099527,4.614116215287813,6.8401381944122805,14.002638077129923,4.705842257481486,2.525129945017207,1.9141956795102433,0.3105870986401556,3.0347389237261524,0.6879747343885093,0.6604443790957939,0.7798129771125052,1.0,0.1824666963064893,0.045035190501347404,6.76101559513877,1.9800688188741251,1.0,0.0
4605,cxxc1,etv5,1,0,1.089442935529544,12.443385081484768,2.999078722482166,10.95079486819499,2.6056274516766296,13.34121427760236,2.562994787283736,0.7991458528543296,5.8247375110561554,0.868809288713869,1.2182872967833596,0.6761253160316713,0.3960260115286233,1.0,0.26095889304331504,0.045275321899787155,1.8361501666240891,1.6583465033484288,1.0,0.0
4606,cxxc1,ewsr1,0,1,1.2036629355447854,12.437351502721427,18.80077932743256,2.6383330005742724,3.047607481112172,38.504764001850624,1.2897327495101407,1.1312387987776422,2.176609287770549,0.1621000612812551,14.594353325933266,0.6799388329769307,0.2369772316603482,1.0,0.4186456699622162,0.10513651883456734,5.0050900583223505,10.943781203636743,0.0,1.0
4607,cxxc1,ezh2,1,0,0.9985890772528493,9.476614928162089,1.4167545042138636,11.215686481937738,2.3735560011627954,72.7264052144813,3.35994941606792,0.5857367804366915,5.136535556766963,1.6753474184151946,6.484347198149956,0.666356464722355,0.3316992655302071,1.0,0.42887635479565867,0.10263095502107338,3.522889014368672,21.4115260181842,1.0,0.0
4608,hes1,klf13,1,0,2.438272875271707,1.9356268032280353,80.63898279599698,70.00293266768941,9.949268458524486,101.23159054471189,20.32803768405888,2.3667108747428207,1.8835455390363405,0.1233803814675398,1.4461049942759956,0.6352754134827775,0.5808724910430725,1.0,0.3600603298432091,0.07718839825637505,6.980963937292509,6.007741691005105,1.0,0.0
4609,hes1,klf16,1,0,5.744149739432247,0.470565649336246,57.706190650292065,0.1939707417572712,100.2759960194728,1.3688808237470427,1.5274306212639317,5.224132730439761,0.13735285120660723,1.7376991080066255,7.0571510494093825,0.689763547876961,0.9511455041654697,1.0,0.2597780580898235,0.049802116824251924,10.562210266705598,1.2572718897452937,1.0,0.0
4610,hes1,klf2,1,0,2.0112805407489436,1.9477233304109216,173.72408063432414,170.01250825175347,11.587762930595492,3498.9944697692445,40.89590484674269,1.9882615570535374,1.9256622635181713,0.06670211111945294,20.580806116853207,0.6470475311380378,0.3402549542521271,1.0,0.414467323867387,0.2664680339486333,34.90387866494775,150.43483830454375,1.0,0.0
4611,hes1,klf4,1,0,0.8673438242426699,3.9036840722902757,9.933754380177538,9.317184393416687,9.279562435069426,63.80722992998314,3.6824643793040357,0.7976948593675948,2.7510556064841207,0.9341445419253038,6.848338214178512,0.6262077236669606,0.30957782860235933,1.0,0.24697169524962684,0.1155909030865761,9.295337636682245,20.230514554484927,1.0,0.0
4612,hes1,klf9,1,0,2.6576497601967306,5.266825307585235,46.58798055248181,60.02140051919726,10.087106767562267,140.49019953687537,11.917300669153956,2.5142237911711027,4.841948563435128,0.2165173645206416,2.3406684669402367,0.6352125842004285,0.25298515582950915,1.0,0.3181145297585417,0.1081367784115898,8.674472761546225,15.509439508172063,1.0,0.0
4613,hes1,klf6,1,0,3.114501198063971,15.469159805363383,22.60001706684549,5.512557620387594,18.760225827791132,22.1983795732904,1.2653720325691218,2.7372778095947856,4.064235211813088,0.8300978610902299,4.026874837768972,0.673706186309738,0.6492801865450926,1.0,0.2536837402676429,0.06724716151553058,8.145661348118612,5.495236267613437,1.0,0.0
4614,cxxc1,foxp4,0,1,10.33891576799371,4.326059278501363,3.27571764567699,0.23942177016396754,2.1914226595274644,4.789011772665331,4.3725859450307185,2.4875711147961006,0.22686607594085706,0.6689900951687687,20.002407339088613,0.6580869268729163,0.5973899038119788,1.0,0.29887412757229836,0.05232541508306975,1.3620163158076959,1.9765115651588945,0.0,1.0
4615,cxxc1,gabpa,0,1,0.8385390641030647,5.0428264978733255,11.621136574077353,6.58794079229574,2.5371148997082025,7.394837450880053,2.472819690449349,0.7821051903453743,2.8563758146799474,0.21831899862252793,1.1224808607156789,0.6714424454010994,0.5510595098515828,1.0,0.1491036608368564,0.025713484518396376,1.3099176992173653,1.0517077378405195,0.0,1.0
4616,hes1,mafg,1,0,2.223477874956737,6.82671381673708,16.138935154360073,7.974663659221664,10.208545420017373,20.40208517640128,2.4668645985554307,1.954240174414388,3.678086493954055,0.6325414485143058,2.5583630919416787,0.6376961356988035,0.3734162603427895,1.0,0.2958484165699139,0.07418075915812145,5.538741990924928,5.028685786131014,1.0,0.0
4617,cxxc1,gtf3c2,0,1,2.1942536585198043,9.113108555482865,26.325703363055368,6.319787023990159,2.5503091414663204,8.04622060981826,1.8346355366451275,2.025433308815728,3.7318275692707625,0.09687525177562173,1.2731790769648552,0.6719061946669527,0.4010320164109492,1.0,0.26526922121468177,0.04865676360903225,1.8081211570321174,1.9494391319846414,0.0,1.0
4618,cxxc1,hdac2,0,1,1.0469421626224582,9.244453657569863,1.3637647928722396,17.252092425361315,2.4090359951816573,61.28630639084763,2.9770042453495833,0.592267284210427,6.019130509432858,1.7664600287179733,3.552398449984776,0.6671591469083437,0.2287068483352918,1.0,0.315865824543496,0.07929628622780663,3.305313275305302,11.486205821219936,0.0,1.0
4619,cxxc1,hes1,0,1,0.7856387754852232,7.3097883734435225,4.822365535580412,3.4430181035259433,2.6599048974978063,14.818650515487949,1.7106661339426896,0.6755767549678683,2.340573482524229,0.5515767889996055,4.303971129374077,0.6777974066221151,0.6657527638358618,1.0,0.21230352691755172,0.05310796027743966,1.3561816540783505,6.302642791706132,0.0,1.0
4620,hes1,mycn,0,1,1.1917888588092542,4.511934253196586,13.288587558805915,9.646924484453228,10.811760271027756,37.77562778447119,3.41953076544952,1.0937002012344403,3.074138235708546,0.8136124492676541,3.9158208240719166,0.6427543561226772,0.5613914177591838,1.0,0.24991815687654595,0.09299491407975279,6.974088479415053,8.359365724152145,0.0,1.0
4621,cxxc1,hif1a,0,1,10.573724936325645,4.296715264449967,3.7219560682854604,3.9287725727160367,2.1112570880893893,4.808757078039813,2.8094945080504807,2.752925144205757,2.052257254270946,0.5672439570362665,1.2239845878162974,0.6539202689857843,0.4565694229541098,1.0,0.20934055045509298,0.037094581706393966,1.298828190972642,0.8355958064303215,0.0,1.0
4622,hes1,nfe2l2,1,0,1.4411811793291436,6.7324569548127196,12.277796576442928,8.858740649071487,10.363355484036722,15.238098528819807,2.5876599781675655,1.2897848268728778,3.8253052529374143,0.8440729099487289,1.7201201764967529,0.6370352757287658,0.31845264640043036,1.0,0.18782255814520693,0.059883257449344036,3.9563847939224432,3.794048926812012,1.0,0.0
4623,cxxc1,id3,0,1,1.2448005512316225,9.277054945291063,3.169429675456983,2.696436854757715,2.4627716492096914,26.28572034047205,1.7975650434103456,0.8937702848494925,2.089197810950456,0.7770393734496089,9.748316669864654,0.674047457342572,0.8223125007180577,1.0,0.30697861228348106,0.07501249076104555,2.9051051557284273,7.183498330921655,0.0,1.0
4624,hes1,nfib,1,0,4.064706310482456,0.5093685400878755,3.372805165041799,7.599916961144195,12.516868930165328,2.533538935672191,1.9524153829077773,1.8432862232870533,0.47737357461381075,3.7111153232031437,0.3333640286631181,0.6583483965227555,0.8073217038042645,1.0,0.20857688560812787,0.042761653036879226,2.7464595998093424,1.4194654474631774,1.0,0.0
4625,cxxc1,irf3,0,1,5.0285449320371445,3.805211939903968,9.999999999998899e-05,9.999999999998899e-05,2.5288589870308376,1.8131290913323073,11.835434785496968,9.999801139269317e-05,9.999737209453526e-05,25288.58987031116,18131.29091332507,0.6734591091536086,0.9192184264192104,1.0,0.1899545322287723,0.029965894493401053,0.6079845615709365,0.6329620178388609,0.0,1.0
4626,hes1,nfyb,0,1,2.7148973700057466,6.780016357462612,22.53185387372801,13.786628919794177,10.398470137296174,28.285665504394128,3.398922724836193,2.422952174423661,4.544910865645041,0.461500868751005,2.0516738115568582,0.6389619659735349,0.4037982368294062,1.0,0.3251228719477095,0.07690333066716536,7.88280111699186,8.63115255335761,0.0,1.0
4627,cxxc1,klf10,1,0,0.7917072443957883,5.199601135019766,6.532289630118504,0.6606216701074523,2.4647415620312594,4.233815162236962,1.2636503280851423,0.7061255092355941,0.5861499297781039,0.37731663805399057,6.408834820008733,0.6708592131536544,0.763739031473685,1.0,0.1965122964089461,0.032901045962039695,1.1510977967193388,1.7871288951920117,1.0,0.0
4628,cxxc1,klf2,0,1,1.1297833337102003,7.775416373532744,1.3453591311087223,135.94111215328218,2.411329822680378,2854.073498483878,2.1083043762637317,0.6140916516062719,7.3547472939110445,1.792331703054767,20.994925326679176,0.6679086801426873,0.34605892757661655,1.0,0.3804747298750422,0.18084252957885297,7.871963361037803,149.47334721123818,0.0,1.0
4629,cxxc1,klf3,0,1,1.3452456081979536,4.488752095520004,16.85125145854445,5.9301426398269275,2.3654620161519198,18.99300115279666,2.5064073455975753,1.2457931839352951,2.5548717860589156,0.14037307685848513,3.2027899337933925,0.6660330526805456,0.41525111311885304,1.0,0.30705902233994087,0.06276811023742782,2.607012673818668,3.47371529786554,0.0,1.0
4630,cxxc1,klf5,0,1,1.0994534160361717,9.196531520505758,1.632131488126998,41.856018716192494,2.458340365300233,92.40907613469474,2.5754064869718576,0.6569272429740437,7.539881821019055,1.5062146543850925,2.2077846620167247,0.6720019147482921,0.29981734065031695,1.0,0.3429505236344924,0.07403520651215777,3.000403793506238,7.653638254223086,0.0,1.0
4631,cxxc1,klf6,0,1,0.9655530853580988,7.465561971629852,1.4174197633545054,6.218031746042541,2.3737204845336795,21.60035059102061,3.081209040041291,0.5743221230967314,3.3924641654399172,1.67467714639167,3.4738244308205934,0.6664654027291389,0.6506606387098942,1.0,0.2786311827932089,0.05048037040031376,1.9614100981070712,4.141386586037306,0.0,1.0
4632,hes1,nr2f6,1,0,3.7698673079354545,5.353198981583556,57.65777072066591,43.56453667906473,11.840506719582326,24.858989365718603,9.228898954328976,3.538507288642131,4.767384062936778,0.20535838572299167,0.5706244404445779,0.6510993268022244,1.0306756993543398,1.0,0.25670387053156013,0.052248996166849276,4.198541850469041,3.9699517727695195,1.0,0.0
4633,hes1,nrf1,0,1,2.442232382953146,7.247979943893364,24.251618532833177,16.800432774982017,12.149029780799534,26.462314375199874,3.6520770877281143,2.2187914477669195,5.063502578123289,0.500957483078975,1.575097185270467,0.6541033958320626,0.49116738430301754,1.0,0.2628461555168271,0.07958123030119009,6.080017854568533,5.600238986424909,0.0,1.0
4634,cxxc1,max,0,1,1.3596511634352253,11.007362131416503,34.57706444034361,23.268601341799354,4.055110631037546,34.288586031457136,3.236358923983453,1.308209309187522,7.472464529287207,0.11727746981048365,1.4735989296383558,0.6902115425474794,0.4440505172030777,1.0,0.338963998147636,0.06927575337001246,2.79149991494152,3.7524579888168414,0.0,1.0
4635,hes1,patz1,1,0,12.103878116891773,0.000100000000000157,9.999999999998899e-05,11.810636961359233,11.66067622920612,8.52614815749316,0.9787843845432747,9.999917382532943e-05,9.999915331294071e-05,116606.76229207404,0.7219041771741941,0.6457146702662214,0.4337137064830401,1.0,0.2397844507326185,0.05729979007314328,8.168507924941451,4.328457502748301,1.0,0.0
4636,cxxc1,mlx,0,1,1.0831975284669273,9.887203046767574,1.2217678432659804,32.18858463433676,2.359746473408283,20.926518523760095,2.4682616907126658,0.5741586942762243,7.563852980717326,1.9314196935322052,0.6501223573973799,0.6685031823373107,0.5539634027509706,1.0,0.29075431321161843,0.046465526129889245,1.3830352609656886,1.951797598964637,0.0,1.0
4637,hes1,pknox1,1,0,0.5381326321618457,1.0910785218533514,4.2767091066261305,4.162699513260517,11.992451543373189,1.459308317932309,5.090696985355532,0.47798803229586273,0.8644887548526805,2.804130756705583,0.3505677777806443,0.6503498002306375,0.9881257071666587,1.0,0.16685110586801738,0.032665709546927324,2.7315291343812147,0.7883052043918504,1.0,0.0
4638,hes1,polr3g,1,0,2.5880451529088977,5.858298075645436,23.416043453210257,14.55410918558102,10.00993228734275,17.697389982332396,3.869464630381226,2.3304711300331604,4.176984553731658,0.42748179500710753,1.2159720500012101,0.6346557194493158,0.6659081013874112,1.0,0.2985094731925235,0.0661319536828922,4.084469339387205,5.582207426473994,1.0,0.0
4639,hes1,pou2f1,1,0,0.838817376119103,1.1756032589952443,3.1668621650052726,3.591717425480902,9.435747998699837,3.57449420647702,4.963880204478168,0.663163137367434,0.8857039394339247,2.97952594936639,0.9952047399715538,0.6272567216040185,0.850239810026715,1.0,0.19379708800496426,0.04481148189804451,2.3119921136662804,1.4642389007096255,1.0,0.0
4640,cxxc1,mycn,0,1,0.9901323381988113,8.856615711743643,1.4335774084318897,8.953304976257082,2.350367710608586,39.53357874653995,3.399781728685948,0.5856441157497796,4.452348941574792,1.6395122417418129,4.415529109237036,0.6660151143002884,0.5632582491102567,1.0,0.37612644679986057,0.07440281446375209,2.394097319839446,8.498144685964885,0.0,1.0
4641,hes1,rad21,0,1,6.181897031593027,0.3151856225693567,3.4952964138537608,8.948570772346741,13.823914049863587,12.91499439146756,1.6119987837353538,2.2328335841531493,0.30446189750152663,3.9550047873112844,1.4432466055225301,0.6635799351805179,0.37831376951662693,1.0,0.28790546366359254,0.07929520365114928,7.3922578645636365,5.998132632134011,0.0,1.0
4642,hes1,rara,1,0,1.2404993733922274,2.3063146234660836,94.88644018271305,118.14460065217632,9.41015826031513,34.350772650012814,31.40485737826825,1.2244909713512122,2.2621548333122172,0.09917284537384854,0.29075194685488187,0.6289602500473425,1.0505639889196678,1.0,0.2015845897853923,0.03898571985020301,2.552667720691754,2.096043416017694,1.0,0.0
4643,hes1,rarg,1,0,1.4589128649738186,1.4262568384412901,3.008579365321958,4.405403176077167,9.838419046314305,1.8933882655399894,3.7645504847954707,0.9824874706211574,1.0774353083561696,3.270121160743075,0.4297877378900823,0.6326575871680767,0.8113824855269136,1.0,0.1619781926777595,0.03511315280374802,1.9350452271233642,1.1666562431654512,1.0,0.0
4644,hes1,rela,0,1,4.841814471884488,0.924626544718653,60.12910786245896,0.5372582917805881,100.95987372724568,1.281466327835978,1.6657487890484504,4.480988943511805,0.33981013110452973,1.6790515827739234,2.385195998723307,0.6800084862320643,1.039180948316525,1.0,0.14828814179658942,0.03805036225628579,3.2072094430054348,0.7778586133049835,0.0,1.0
4645,hes1,relb,1,0,2.2544701773751377,6.510221322329077,17.97491007568621,10.294767476697888,10.093561842093083,10.716664939918656,2.905081533554076,2.0032199800338364,3.9881737225019234,0.5615361523141167,1.0409817379727837,0.6325790184199116,0.633340534962326,1.0,0.24428073375377346,0.04827909752309701,2.2256170595025666,3.419099257031074,1.0,0.0
4646,hes1,rfx7,1,0,0.41516680383303367,1.9305176012047214,4.6253474685082985,5.386196102420003,11.488904372534545,1.5878973053284746,4.130179254635159,0.38097119090703885,1.4211498222365606,2.483900820588466,0.29480866926011784,0.649754664307679,0.8600654993620357,1.0,0.1767589127068023,0.033604778970212974,2.880026858079804,0.8003557721504903,1.0,0.0
4647,cxxc1,nr2c2,1,0,0.7812243142908613,11.271428257683535,3.41412357804873,18.44885554636364,2.703207565551044,5.162158922296978,3.2401323077646573,0.6357509364206704,6.9967350614225206,0.7917720327792016,0.2798091680713748,0.6789623461489067,0.9417366103353532,1.0,0.1260432148825693,0.025931168505343036,0.21740116383187735,0.9447597783076651,1.0,0.0
4648,cxxc1,nrf1,0,1,0.9937092459425672,7.380344864509631,1.1344943322855183,12.112952436365282,2.337527255962087,21.660664786991422,2.897784296654155,0.5297225880994815,4.586077200175135,2.0604133396179907,1.7882233832572623,0.6677961231307096,0.4869575524493554,1.0,0.24436776860698353,0.04908763691994987,1.6679232574607221,4.817766608452073,0.0,1.0
4649,hes1,rxrb,1,0,4.0554699499516165,0.918285565602887,2.923820328883913,8.038098313474338,11.179129908118098,1.8240857163424544,1.9175621986846276,1.6989500377715683,0.8241350254541441,3.823466783400271,0.22693000821907378,0.6465355482087997,1.114027940151864,1.0,0.2210269844767489,0.03926565435321635,1.5259185961556117,0.3908527412081097,1.0,0.0
4650,hes1,setdb1,0,1,3.3561738342418495,10.737715321376099,30.150644532954704,15.375640332123313,13.445001505703669,18.855455821740325,2.7026350536127826,3.020006350889354,6.322406471268049,0.4459274988635238,1.2263200370489198,0.6570052792261721,0.45562002158783854,1.0,0.2799798208768234,0.06821054812025279,6.693498435265655,4.556478982884194,0.0,1.0
4651,hes1,smad1,0,1,15.407631215423317,2.0469074882006373,0.00010000000000000044,15.056566892342733,12.539934025829192,3.9269693676449813,1.1359552558339667,9.999935097517906e-05,1.8019379473909571,125399.34025829137,0.260814393860403,0.6534820101776311,0.9989019433599441,1.0,0.2934336890300359,0.05755804673589101,5.8257760087579795,2.0595436296923104,0.0,1.0
4652,hes1,smad2,1,0,0.00010000000000165432,1.6837638640402746,5.277830520017939,5.911943383087333,12.208949684837696,1.8879371632539215,4.3792955469344985,9.999810531964545e-05,1.3105187325984404,2.3132515601876884,0.3193429031568302,0.6543373572648978,0.752975060002087,1.0,0.17502424739874345,0.037519516931952955,0.8526469403468981,1.6792130333714386,1.0,0.0
4653,cxxc1,polr2a,0,1,1.3082016144067299,5.851637294672366,18.750815181445066,8.626068816831017,2.535952032396752,5.354227071118433,2.6467433858481577,1.222883800410468,3.486507158400742,0.13524489510761176,0.6207030322632449,0.6690148245449428,0.776634495786924,1.0,0.17819688849281518,0.03332936954495065,0.7420625733422029,0.7600314410325958,0.0,1.0
4654,hes1,smad4,1,0,15.381725308122245,0.38103698893038385,0.02218657919840994,15.420272029235665,13.232465337798686,4.162094331675077,0.9878694906413195,0.022154623400419918,0.3718485611383436,596.4175558324479,0.26991056472830455,0.6588865920685294,0.9498227964318088,1.0,0.18440625455708007,0.03662623690670553,6.34752450490946,1.3139768893035486,1.0,0.0
4655,cxxc1,polr3g,0,1,0.7600093867981054,10.780307890426803,10.614669532270035,0.39430078734152385,2.8090928624656986,8.522538853364344,1.1045210202747544,0.7092286771067805,0.38038771750781625,0.2646425170303866,21.61430848471155,0.6801348648796945,0.6477779015370908,1.0,0.27190580733403175,0.05810649742180961,1.4746061066523175,2.781727742606777,0.0,1.0
4656,cxxc1,pou2f1,0,1,0.8563466118175043,7.964756652588694,12.467739044380698,0.001508350649374816,2.503641911955543,3.397386388462224,1.0688875731281886,0.801308724904027,0.001508065054848329,0.20080961776978745,2252.385007339228,0.66993765814438,0.8401653493621565,1.0,0.24931942306098134,0.03848196165109925,1.183610599466767,0.8290979999725304,0.0,1.0
4657,hes1,smc3,1,0,2.1333891920614527,5.737557814014976,22.002483713634398,22.192945810182145,9.645091010078099,87.02186390488386,5.340015741715498,1.9448172078374832,4.558933535982088,0.4383637381856701,3.921149749527985,0.6300671901433177,0.24778003364020126,1.0,0.3089190698506134,0.10735340704993898,10.24951675647739,21.86066691770865,1.0,0.0
4658,hes1,sox2,1,0,0.007989318507119703,2.414657219792368,175.07256418314802,239.70399366578349,7.847478230476874,1155.8445534554917,72.29767885541503,0.007988953936589558,2.3905757644077066,0.0448241463023722,4.821966191631636,0.6011710951459381,0.361036389955961,1.0,0.3616146123577628,0.14363935684288642,10.747879678690973,27.85480786376992,1.0,0.0
4659,cxxc1,pura,1,0,0.8515578778070099,9.985042251566878,3.141676811532941,15.843628215433856,2.6283199911628845,18.05936139752129,3.2878763261276305,0.6699630366144828,6.1249493020302,0.8365978262036537,1.1398501121055724,0.6740405830515326,0.6662390376434938,1.0,0.2713296460532394,0.04602337213596168,1.3394942804002896,2.0496144883669487,1.0,0.0
4660,cxxc1,rad21,0,1,1.2263956465786257,5.012257256026444,13.060275276105598,3.1205625633785936,2.3428567550359647,14.163812556483036,1.7749524719871204,1.121119456619011,1.9232028617994228,0.17938800718253878,4.538865114483734,0.6638720032784645,0.3836057613129996,1.0,0.29172490042277965,0.059976674740357956,2.7288418044887273,6.4432236032894,0.0,1.0
4661,cxxc1,rest,0,1,0.9356696707754306,7.550115161329252,62.29142060709244,64.45196270223387,3.795338530625165,249.7445306558359,9.368162608289532,0.9218231102432047,6.758412468285431,0.06092875220432894,3.874894110046704,0.6907982763573687,0.28883042218839733,1.0,0.38612731080382773,0.0944682494108699,5.1603274774354375,27.73976344566375,0.0,1.0
4662,hes1,sp2,0,1,9.586279714100925,0.0001000000000000509,2.415915305362284,11.944344104665543,13.537652948987116,8.036122262012292,1.181871631317824,1.929617027987286,9.999916279072475e-05,5.603529610056859,0.6727972830984773,0.6583135029730965,0.5835203802283547,1.0,0.19885955551226348,0.05164573823255688,5.372785739273384,3.2498555971555416,0.0,1.0
4663,hes1,sp3,0,1,1.1116753971622897,6.618019647762703,15.54891582240947,31.152297798495827,10.45450681277888,13.926115602957367,6.115230624402082,1.0374990265660184,5.4584269564783,0.6723624291355152,0.4470333358083712,0.6390853164717674,0.5711099698954147,1.0,0.10482893704742346,0.04501996205790528,1.785976475066109,1.2687158531502858,0.0,1.0
4664,hes1,sp5,0,1,57.574508223802916,6.263237137610184,48.306458731190226,166.82012264389164,87.69460623094312,143.695833904409,0.422557456980158,26.267427333412268,6.0365940940994705,1.8153805626476403,0.8613818982207219,0.6865034841985965,0.8993725379779647,1.0,0.16556122774952517,0.11083694965804503,12.222244533927931,21.824339227113114,0.0,1.0
4665,cxxc1,rxrb,1,0,1.003660190768275,8.774986142636456,2.16805589330211,11.148784681286434,2.49382715595966,6.036087369817228,3.32161221182782,0.6860612153769278,4.910236719248899,1.1502596236858895,0.5414121397419199,0.6731181729077362,1.1646625876668049,1.0,0.1853099204769696,0.03724466299230089,1.4015976503215248,0.9352542150456484,1.0,0.0
4666,hes1,stat3,1,0,14.498755018689446,7.589192123622159,0.11758324258193302,9.17092440927299,11.686875253458398,3.3273417165598764,1.8423485359578722,0.11663732721729511,4.152710224692338,99.3923538493581,0.36281421240322337,0.6495758930613861,0.49158911812978706,1.0,0.15454697011611312,0.04293567856577683,2.1095243861341952,1.7321947356761838,1.0,0.0
4667,hes1,stat6,1,0,6.823834871117797,0.6519419867099884,2.890444577532584,9.582106289366347,12.961538260317091,3.4553319937149265,1.5033713827286341,2.0304044788355835,0.6104111728453581,4.484271506558916,0.36060255327677265,0.6574884283202546,1.020821768707483,1.0,0.19948057887200826,0.05029099443125267,4.340141813599185,2.154809426949427,1.0,0.0
4668,cxxc1,setdb1,0,1,4.826153792780958,0.0001,29.197446905445275,15.25009471744877,2.0925782230636534,14.362770161186015,7.049883875087438,4.1415772061297895,9.999934427066767e-05,0.07166990421595358,0.9418151445808727,0.6519274376417235,0.4515843953442199,1.0,0.3060702238863173,0.055811498990796786,2.0510854080724097,3.97677071100418,0.0,1.0
4669,hes1,tbp,0,1,7.042174319302383,13.371134446277981,62.14184722810322,26.631877737813795,12.411131105315572,6.1441430018998116,3.330781034219169,6.325358239024933,8.901790098965535,0.1997225969121614,0.2307063385611721,0.6559821881811938,1.1369791926701553,1.0,0.27167627816197526,0.046504963812367954,1.656535489541403,2.5340419374565646,0.0,1.0
4670,cxxc1,smad1,0,1,6.554415738744708,5.067837822409945,9.999999999998899e-05,0.1977429215736355,2.6872985200490365,2.0109349298914267,9.737408597482354,9.9998474334265e-05,0.1903169100976639,26872.985200493324,10.169440776379927,0.6762013660102195,0.9473546066130365,1.0,0.2360821645217342,0.034568124112066105,1.0946308325994296,0.6456552304294746,0.0,1.0
4671,cxxc1,smarcc1,0,1,1.0725946800455755,9.454160003684606,1.4136000941183806,17.447523794301727,2.4038295499960336,60.90220651521055,2.999046261037371,0.609855654279205,6.131648965101952,1.700501832164371,3.4905931198730276,0.6668848823810993,0.22436169873849166,1.0,0.3171684357019617,0.07314722763247547,2.7336056401468403,17.78918859416375,0.0,1.0
4672,cxxc1,smc3,0,1,1.0817097949476118,11.313731661076154,26.89148666199218,14.34344132327254,3.788349973538945,70.53316354630542,2.3590123416151747,1.03988060741494,6.324852949578225,0.14087543842986242,4.917450558525578,0.6891734478379018,0.24805520214584048,1.0,0.39983351563520386,0.0971882880536819,4.540521500248,15.486826649995336,0.0,1.0
4673,hes1,tcf4,1,0,1.660995171747244,5.065720881488087,17.50162076844768,15.882041629568766,9.932222237373152,18.275951122563743,4.527651618109399,1.5170218765991292,3.8406961068564516,0.5675029969383857,1.1507305892296655,0.633888398062352,0.5408428353873126,1.0,0.2188493495376121,0.051625524052585116,4.259961433877522,3.409688892454256,1.0,0.0
4674,hes1,tcf7,1,0,7.32794909513655,0.0001,1.868492275279154,9.338609058523492,11.631058836538626,6.6667169130162645,1.2072346852101479,1.4888602804502613,9.999892918818463e-05,6.224836457940903,0.7138875683987916,0.6506484970647561,0.6037003403745618,1.0,0.17911948946385475,0.049404668210874726,2.6249090372870563,2.0866366394169393,1.0,0.0
4675,cxxc1,sp5,0,1,0.4217483855463636,11.560628793409572,10.987049096212848,29.588968653237814,3.02387821822693,229.26505235352522,3.696093431183313,0.40615763630260227,8.312768634575884,0.2752220538696999,7.748328609907043,0.6850074719236808,0.9316254538789659,1.0,0.24892789128916973,0.0816916449649619,3.7266231004342907,19.700612050215412,0.0,1.0
4676,hes1,tead4,1,0,5.27173337531649,0.8001429715167897,1.952484221208435,7.608709475710566,10.42418121884452,4.347709420543868,1.5144776742445907,1.4247876806305746,0.7240054986706796,5.338932374261528,0.5714121999825525,0.6389605525254167,0.7256358715987505,1.0,0.28870280851837876,0.0690522531895501,4.258546116040189,3.1343218044989007,1.0,0.0
4677,hes1,tfap2a,0,1,1.9005411638357794,0.7841404994540875,4.558704732286174,5.922686151845355,13.338282536584178,2.2844018919870495,3.7676995454705455,1.3413339787365266,0.6924613261501266,2.9258930595171666,0.38570368805973104,0.6588233422723588,1.1584446780784396,1.0,0.18774554408387167,0.038251034726824326,8.77039973163253,1.0701927361541173,0.0,1.0
4678,cxxc1,stat3,0,1,3.278250236836756,11.73805126478277,28.86341156097956,5.792328964947659,2.4016213761253242,3.9364267741276033,1.6630913009861001,2.9438890366311585,3.8784472123276506,0.08320642800839509,0.67959309596346,0.6669152076740356,0.5007251415258326,1.0,0.1523029541698054,0.026141976024283493,0.7744904703760328,0.7310830772843602,0.0,1.0
4679,hes1,tfdp2,1,0,3.2570966863318955,9.002508336069857,22.469056224760298,8.078829890068725,10.650570134404475,10.504218456831575,2.1724438480930317,2.844727263636746,4.257847509847907,0.4740105693744196,1.3002153281806776,0.6411225534202085,0.6277573846702647,1.0,0.31825831108867125,0.06070229430230652,4.377730773554977,3.081929174254224,1.0,0.0
4680,cxxc1,taf1,0,1,1.1066650529876887,7.655942198839716,1.161921603489406,27.915686312962958,2.3577297785728466,28.715162181694378,2.364658595861826,0.566810189604995,6.0081837631378825,2.0291642495434017,1.0286389472846373,0.6623326250782835,0.4839819565717486,1.0,0.22187888978500586,0.04724321747906812,1.3355312597769036,2.5079395497311516,0.0,1.0
4681,hes1,tfeb,1,0,0.7766251078649612,4.363708102815893,8.749654042285433,4.265423341163841,10.523834397564507,7.408489451167073,2.152997723424477,0.7133111372517086,2.1570029981131444,1.2027714863587513,1.7368708469498906,0.6395441491152116,0.9012318087045015,1.0,0.22238098274634702,0.054087041763108086,3.405245543024976,2.556664027987116,1.0,0.0
4682,cxxc1,tbp,0,1,1.0847624589162406,13.372406110840988,1.6446787517726955,30.055463960791904,2.4481172177145782,6.613780441507502,2.9416067307696494,0.6536450610892339,9.254745150303494,1.4885078408630907,0.22005251524765487,0.6660048789641586,1.1504941773455395,1.0,0.2674108974957051,0.04435776265415296,0.4275924585604839,1.3848220459622071,0.0,1.0
4683,hes1,tgif1,1,0,2.8833365540777214,6.984377219446971,31.587559052692168,25.75917868436557,10.938732676790158,61.66852534284834,5.116048519727544,2.64215832131814,5.494571857841457,0.34629876460358733,2.394040823214515,0.6415089651838943,0.3194365193300437,1.0,0.33173859522111676,0.10293034473320067,13.912357664542089,12.31208748749074,1.0,0.0
4684,hes1,tgif2,1,0,3.0774568797403687,0.5256344565998854,7.395718667715099,2.197863154080922,19.08890009933571,2.7102545091310746,3.957014484373758,2.173171373997814,0.4241871188524545,2.5810743968216965,1.2331316006179731,0.6794695189157628,0.7078859729442344,1.0,0.10171771839548413,0.038594743402775335,4.999656110988702,1.4742123584232625,1.0,0.0
4685,hes1,thap1,0,1,3.4104605329960758,6.176268897101804,34.8546526112162,24.224984406383367,10.371700171177668,10.525412326885814,5.403900754367728,3.1064959006875696,4.92150820982007,0.29757003424673534,0.4344858246477274,0.6389543598781808,1.0167476541863607,1.0,0.23974092690129434,0.04864418020088347,3.3462459403744846,2.239454318210594,0.0,1.0
4686,hes1,thap11,1,0,3.3920871683230294,8.93281902181041,27.346853712036562,13.639474856966578,11.255102842320294,17.961605630801262,2.840329293110688,3.017765378828533,5.397721698297211,0.4115684736839187,1.316883957715358,0.6472914486243636,0.4805151959926208,1.0,0.31861842807801927,0.07705871895482394,7.287527025773068,5.127739379065283,1.0,0.0
4687,cxxc1,tcf4,0,1,0.9971484956936559,9.796748833781859,1.2687116695302567,12.419263098332014,2.3445845531985414,17.02704040245193,3.19307518005526,0.5583283347125994,5.476608567136171,1.8480042467542126,1.3710185755496855,0.6680950332944212,0.5414776294155931,1.0,0.3374132453125564,0.06290966457361648,2.147881969048912,4.510188192341426,0.0,1.0
4688,cxxc1,tcf7,0,1,2.1248289401678564,5.40347379239667,26.23720822894929,8.439100544630422,2.391609892228964,7.84070023420619,2.736362017911919,1.9656408678141881,3.2942180777989853,0.0911533678186896,0.9290919325750919,0.6665209365818354,0.6079859231872845,1.0,0.2921843044006205,0.045727780943961606,1.075392275613443,2.079307454494488,0.0,1.0
4689,cxxc1,tcf7l1,0,1,3.374799693390704,2.9073549833052397,0.7783936827393302,1.2487025383062142,2.349666601040021,3.0495035545623215,4.049102449885646,0.6325067301089004,0.8735253370609819,3.0186095457134914,2.4421377077512627,0.6673089829443417,1.017594136386132,1.0,0.16852660087401844,0.031815876334336975,0.8891012233884815,0.5154472846738247,0.0,1.0
4690,hes1,thra,1,0,4.914901301183468,0.5153532429868194,16.305149438252474,0.578007385003618,34.48290136447258,1.2580898489551373,2.438141587151538,3.7765319778961173,0.2724425708281046,2.1148473060648216,2.17659822624457,0.6855626272256435,1.1987771483798222,1.0,0.18203250687802178,0.039809689630835206,1.5469122241441418,1.032332504929393,1.0,0.0
4691,hes1,trim28,1,0,2.2132559672003564,5.873537136419518,24.84515562601179,23.63548087651757,10.449071842376513,202.22904856071625,5.471613833009329,2.0322216164043616,4.7044559261340835,0.4205677758539292,8.55616391378928,0.6392685374229939,0.23776702738702976,1.0,0.33771191707116505,0.17511401391466094,14.498910276804573,46.803177768302035,1.0,0.0
4692,hes1,trp53,1,0,1.1136375996999337,2.193692002692236,174.49034266325864,201.3839206302197,10.757622635120105,1576.0273058612088,49.491741548964534,1.1065751817433003,2.1700534279961405,0.06165167923293483,7.825983826956589,0.6413457870800529,0.28148770562446296,1.0,0.4106730013237291,0.18651003503018512,18.618579359987827,61.24413414464777,1.0,0.0
4693,hes1,usf1,0,1,8.877458392419314,0.00010000000000041504,0.00010000000000000076,7.992576146976669,9.494161638070326,9.148550502626598,1.0000185109111452,9.999887356415457e-05,9.999874885501439e-05,94941.61638070253,1.144631009375769,0.6261935702442654,0.42510937452975694,1.0,0.32386779931689286,0.0719967209048551,4.699544414339639,6.794508060914659,0.0,1.0
4694,hes1,usf2,0,1,7.196756140106285,11.230831780888263,118.58584761993122,80.48165963683888,16.005300767474743,42.54810711731253,8.661723184420795,6.78498776044254,9.855538398920125,0.1349680513206929,0.5286683613298275,0.6725948489724143,0.7022938778050982,1.0,0.287546194085082,0.06694893702519136,7.045052505461841,5.288247048069693,0.0,1.0
4695,hes1,ybx1,1,0,0.5609266030443072,2.0625483377082996,80.74359266255728,104.30126950174862,7.774400366812837,4284.932989753344,32.4444987608995,0.5570567240161196,2.0225525409063807,0.09628504393287929,41.08227071657557,0.6027990746829975,0.26711349120545375,1.0,0.4192346907338626,0.3272210407184129,23.86942877243304,286.7930968034809,1.0,0.0
4696,cxxc1,tead4,1,0,4.066041964447323,3.2066381512218136,0.00010000000000887077,0.31580182692200376,2.560296673636325,3.44432827916792,8.96905575511165,9.999754067516104e-05,0.28748884089354365,25602.96673409207,10.906612899419974,0.6736976918746482,0.7017095530004706,1.0,0.23270402025506576,0.0397412339931081,0.979642725691058,1.745266413030684,1.0,0.0
4697,cxxc1,usf1,0,1,2.2647976290203706,3.324810991549992,22.398215766703444,8.238724416924445,2.2928534389390665,13.124769643238592,3.3706512371584694,2.0568218955560393,2.368843137512,0.10236768244493642,1.5930584613653251,0.6632739818748405,0.44206181674889866,1.0,0.31737615613422804,0.06373324858283329,2.3706215612372676,3.3340552526369076,0.0,1.0
4698,hes1,zfp148,1,0,0.09112333686797025,0.09642858721255454,3.5303478988242367,7.01477916449769,9.981267043915704,4.114774742809126,5.7801717901448715,0.08883049454463023,0.0951210072969526,2.8272757614737944,0.5865864977808998,0.6317851901454544,0.8345935860058311,1.0,0.19441570060749677,0.044672443085957775,3.1110027600880166,0.9023479667669675,1.0,0.0
4699,cxxc1,yy1,0,1,0.9025129358231629,9.06316833264401,2.915089282180527,56.56379327603119,2.6409311000726885,86.5384833513663,3.125145173335099,0.6891513667506051,7.811533056343438,0.905952046208765,1.5299271555049125,0.6775664230585342,0.47708539316003457,1.0,0.2831314009595277,0.05590956359006742,3.0766474422971535,7.0498658712312245,0.0,1.0
4700,hes1,zfp219,1,0,2.853564554945799,7.120357323512778,27.93613134639356,22.830031605640283,11.106348913446922,16.724715769659024,4.635961423583232,2.589098459037109,5.427575018266909,0.397562166920464,0.7325752350481676,0.6459048622502125,0.5449033853240531,1.0,0.23227451956696482,0.05387422900411055,2.763005290770416,3.0304441464257006,1.0,0.0
4701,cxxc1,zbtb7a,0,1,2.558841116606991,1.625313576452832,9.999999999998899e-05,0.20277037448040125,2.475644155776506,3.103054496953748,8.591561127994423,9.999609213359257e-05,0.18027916189362006,24756.441557767786,15.303293219758164,0.673645135432875,0.7217284498200242,1.0,0.18500097017228254,0.029962166417431123,0.9484030973165003,1.580844695699072,0.0,1.0
4702,hes1,zfp281,1,0,3.110587873521015,0.7385774448594506,2.5188705505167914,4.890093005094771,10.472982923394879,3.6427447604701473,2.083113073246069,1.391815624030642,0.6416635027650878,4.157809110613548,0.7449234107970816,0.6396095124851368,0.5632568511974028,1.0,0.18977814834863407,0.03923181937107936,3.033374460446506,2.191068744522015,1.0,0.0
4703,hes1,zfp57,1,0,1.4365372892479153,5.855892185477229,11.375631565270247,4.985986055091896,10.05511368524885,23.941194984925396,2.0852522068096224,1.2754685891057052,2.6930201694811142,0.883916961230273,4.801697140824462,0.6357894736842106,0.32682737099127995,1.0,0.29031891742704713,0.07970304069842621,7.069180298138576,9.990657805507245,1.0,0.0
4704,cxxc1,zfp219,1,0,3.8313948721907503,9.999999999976694e-05,35.735765945434665,22.051662273531186,2.166338030445264,14.945816618357252,9.365462911870608,3.460390575614826,9.999954652127048e-05,0.06062100456313346,0.6777637183522829,0.6570838603052427,0.5462431389373422,1.0,0.2329702789844241,0.04271126852715209,1.0075413632634367,1.9874020139656703,1.0,0.0
4705,hes1,zfx,1,0,4.312864367056785,0.4116219339634151,2.4434367832149992,5.609581017027697,11.258393942415193,2.541240037260258,1.6738750209741795,1.5597604667251854,0.3834826040157519,4.607605983405776,0.45301779750509147,0.6460899733359542,0.7884711481261155,1.0,0.1527554320013482,0.039053914515588393,1.7817635497896214,1.3001224297950653,1.0,0.0
4706,cxxc1,zfp42,0,1,0.6134960373185936,7.584637250007543,0.2551793886613607,138.50159191494456,2.093110424268949,1539.3872703154852,1.4772738029428183,0.1802186859062117,7.190851178979273,8.202505834225663,11.114581782286235,0.6491641272808946,0.2616811461002949,1.0,0.4378847511506556,0.1480843795811898,7.2412254515000285,64.17574907076173,0.0,1.0
4707,hes1,zic3,0,1,1.2433840836755052,5.386671277949677,12.567599848646788,7.400305659496404,11.951233920027496,7.26715335062229,2.608673219012503,1.1314439071382338,3.1174697615447085,0.9509559553103006,0.9820071879459131,0.6530305876192428,0.9976953926481429,1.0,0.1751807029203783,0.04243647886267881,3.208192330264413,1.5823572882874992,0.0,1.0
4708,cxxc1,zfp57,0,1,0.7442020511228021,12.890486937427283,5.6594905802464845,4.563262037771657,2.7217842775342027,29.264378868759067,1.5320488531876009,0.6577149686256898,3.3702025721544375,0.4809238992347015,6.413039318480497,0.6789623461489067,0.33589527322375295,1.0,0.36231062190510493,0.07331701409845195,3.2381968327318367,11.368567051004412,0.0,1.0
4709,cxxc1,zfx,1,0,6.717451204959087,5.009155743791283,1.0950369528466348,0.028345792508377737,2.300195412435284,2.6199631229216394,6.859326738918135,0.9415511613959846,0.028186292020459632,2.1005641923368383,92.42864252771541,0.6631322303958975,0.790700545589707,1.0,0.1859726728519019,0.03645221813666599,1.1098486059460675,1.4127375155122297,1.0,0.0
4710,nr5a2,polr3g,0,1,0.2898969045346864,6.641558753229642,11.384687915196114,6.706254517040677,5.277765326486452,11.857092361051308,2.060916607710256,0.2826983431677109,3.3368749237930655,0.46358454142970124,1.768064771613169,0.5191634167581689,0.6692176927380256,1.0,0.20744350103896886,0.03929914310501953,1.7798777715539154,2.230276025272273,0.0,1.0
4711,nr5a2,rara,1,0,0.9306099200607297,14.269702614458112,25.013038548867854,12.844781561363934,8.668173756666802,6.492139608353104,1.96975348025601,0.8972285387044164,6.759900422217099,0.34654621187793044,0.505430129530652,0.5330480579328505,1.0450630710830424,1.0,0.16026477085933652,0.03504419298203141,1.4449056320841345,0.7811367144019093,1.0,0.0
4712,nr5a2,relb,1,0,0.2729489822810283,6.408540444529773,17.598013277900215,20.634219363408246,5.288051390863825,17.2717681650893,4.284620212058137,0.2687801442608033,4.8898570364436456,0.3004913854397769,0.837044903948159,0.5173597187583202,0.6400650488543042,1.0,0.18025853446573437,0.036613334840497884,1.5070117843193906,1.354986382225713,1.0,0.0
4713,nr5a2,rest,0,1,0.23752495911362026,6.25269729608143,22.572879553747075,31.268065147308334,5.008189613150045,133.80854385731465,6.044028067899854,0.2350516094555676,5.210708249739121,0.22186755576422199,4.279399547970859,0.5167471973817929,0.28309641331614355,1.0,0.2705923623663041,0.09400506371472855,5.135098948587494,17.152240276521496,0.0,1.0
4714,nr5a2,smc3,0,1,0.4924940059772719,7.890170003564683,26.47355562021168,33.230516532102534,5.677446410931924,121.98391628835739,5.2989575472079276,0.48349934976007125,6.376217102239618,0.21445726793862863,3.670840210097671,0.5217878000873551,0.25410069431120347,1.0,0.2970884667941472,0.08911256958567303,5.162309129856055,17.388460089454526,0.0,1.0
4715,nr5a2,sox2,0,1,0.00010000000000021103,12.445647102186912,12.654239319510324,355.8493531907143,4.601307556631491,1816.8904905480697,6.7177202347508,9.99992097574534e-05,12.025076278067694,0.36361787069549006,5.105785564191607,0.5076553140327918,0.37755015955493343,1.0,0.25538162236586553,0.10836831160724128,5.183562941512289,17.184897806807328,0.0,1.0
4716,nr5a2,sp1,0,1,323.4716611467373,38.58206336468705,16.891080333798946,86.41552919914304,5.502758806503357,1.3667108492553797,1.5220034225386205,16.05283172408981,26.673229098806416,0.3257789731478791,0.015815569978236424,0.5209413580246914,1.0000101824594918,1.0,0.18557859974715826,0.02789035064388292,1.5603043183158478,2.425781799084298,0.0,1.0
4717,nr5a2,sp2,0,1,9.394960384219388,0.43971687157687794,4.085695503801996,13.037107517785905,7.791016899747729,7.249027071064597,1.4574985184227724,2.847409482079507,0.4253699511479104,1.9069010141596943,0.5560303204660308,0.5348762584225127,0.5791416369110132,1.0,0.14861523846366245,0.029542560670276757,1.1964261238051421,1.3400917945939521,0.0,1.0
4718,nr5a2,sp3,0,1,0.3644389390181184,10.642490614448652,13.886863751337094,4.545346971714432,6.539544696514709,5.716011972796734,1.4572246856619575,0.3551193881561094,3.1850361983034716,0.4709158823485289,1.2575523955304881,0.5274696399171923,0.5490940566574618,1.0,0.12297195969237651,0.03492799373796018,1.8865117381379228,1.598081426272337,0.0,1.0
4719,nr5a2,sp5,0,1,2.004053202776671,22.238960973917205,41.10289829946766,13.657565425092306,20.737241642810222,120.07587196196275,1.5324527338199516,1.9108842567112008,8.461266171306468,0.5045201798598907,8.791894325569464,0.5434875789164098,0.9056122594706024,1.0,0.08965575834615017,0.09222543925945596,4.501621825939617,13.25160115550406,0.0,1.0
4720,nr5a2,stat3,0,1,10.129030434283147,6.193661932539641,0.00010000000000005022,9.067362016848755,6.129746115451436,3.6398060615690153,1.6802186119438316,9.999901274847272e-05,3.679974236234829,61297.46115448358,0.40141841197093653,0.5223368323224757,0.5029952727115347,1.0,0.07393610868009005,0.03021016484131808,0.642280746882568,0.8198758985703896,0.0,1.0
4721,nr5a2,taf1,0,1,0.06878590530728715,6.2762542557403895,10.193241195426337,9.112687243871143,5.632372517355475,13.993412615363027,2.4684769506144457,0.06832483648311645,3.716535155911872,0.5525595254120639,1.5355967170687745,0.520996170512512,0.4774551109306295,1.0,0.1441680180393031,0.039398860956689326,1.6863823073162676,3.3853100388140014,0.0,1.0
4722,nr5a2,tbp,0,1,1.133370846000666,15.143741612827096,25.08690664624984,35.556311492586424,4.764556961864794,7.694075709455128,3.499172831816598,1.0843809192180867,10.620414791862013,0.1899220589070527,0.2163912786920927,0.5096084447549648,1.1658155413596647,1.0,0.18336712366360308,0.034632806597316934,0.44166684375243204,1.3489830063898485,0.0,1.0
4723,nr5a2,tcf3,1,0,0.15747824421533987,5.485190424452383,11.92467221484434,13.97686610996425,5.00716840148442,30.88014412804561,3.594966190200779,0.15542567936066612,3.9392431120859936,0.4198998774365708,2.2093753982540365,0.5126371349979024,0.4250642985678616,1.0,0.18721972565152742,0.05595767973272317,3.2081833649746265,4.987190595769936,1.0,0.0
4724,nr5a2,tcf4,1,0,0.1566963992662657,6.190916712965838,11.480013450852525,11.141387896608828,5.536174174944096,15.08340639120272,2.8378482011229367,0.15458637316273074,3.9795864478776632,0.48224457215535493,1.3538175433056907,0.5207808542230762,0.5414713386108271,1.0,0.15742223380495415,0.04220513475131403,1.980508095503184,1.9653831226474734,1.0,0.0
4725,nr5a2,tead2,0,1,0.00010000000000021103,6.488041370148101,12.669090716439829,57.48084651485062,4.599295757033578,57.239783605537966,7.1242350757442665,9.999921068381161e-05,5.829992086933584,0.3630328221634233,0.995806204606775,0.5071188288397612,0.5423312415139105,1.0,0.11328246783904547,0.041782791889502915,1.106388762317811,2.0122665298775533,0.0,1.0
4726,nr5a2,tfap2a,0,1,3.0213223507869587,2.0429522699090104,5.972450267127962,4.345707021260927,7.0184825538459465,2.1835932303194427,4.3722982386986455,2.0063546464465385,1.3896612135374522,1.1751429044918613,0.502471340022794,0.5299838861642653,1.1595023027286961,1.0,0.12187083245219425,0.02711364834442215,0.7946297705939123,0.8627362984450173,0.0,1.0
4727,nr5a2,tfap2c,0,1,3.6748161408424687,0.5979928094590002,12.185980070839351,4.381189073448221,10.613171939939594,4.2310500618706754,4.904963277795323,2.8233914400414997,0.5261747058881627,0.8709329802152365,0.9657309901352013,0.5363408186251082,1.0518816748165631,1.0,0.08342157130869222,0.029207262758655164,1.472607558084416,1.201577000964937,0.0,-1.0
4728,nr5a2,tfcp2l1,1,0,0.4335582473592971,8.268921604730748,14.254092211734132,10.99848678825219,5.855434214055659,28.890441149069,2.4009725561307054,0.42076023351924907,4.720179443325964,0.41078969653608655,2.6267650909875835,0.5254822174267687,0.2858583219683398,1.0,0.2169250257811822,0.05986889442124269,3.754829727989366,5.189689903627061,1.0,0.0
4729,nr5a2,thap1,0,1,1.7925525955021884,15.251932161295784,52.843786867709525,54.43269202615913,11.9674105662372,22.477147647295098,4.723889824955906,1.7337411004567485,11.913728972784556,0.22646769422858962,0.41293470542469374,0.540527430182051,1.0330896826156812,1.0,0.13145036635452925,0.035703948664673094,2.006144080915882,1.5795872656281937,0.0,1.0
4730,nr5a2,thra,1,0,2.1084611391615717,4.54448333501022,8.618299925242754,7.545324361165253,7.645155074601355,1.1827085553575019,3.3111730664489762,1.694020251678134,2.836240383493396,0.8870838960023791,0.1567472117494034,0.52392418535819,1.1896529392115291,1.0,0.10776335225047029,0.024652037764963906,0.35177428460265353,0.4630880479840503,1.0,0.0
4731,nr5a2,topors,1,0,0.240643786723051,8.545105670105746,13.93696500973533,27.09295329668875,4.5789312533666395,38.81743948361867,4.242593126481556,0.23655921696803875,6.49620533629946,0.32854579531254746,1.4327503930094938,0.506878119523117,0.28957088717840074,1.0,0.18322309204319798,0.052681732140543044,2.7014634178801655,4.307216293499244,1.0,0.0
4732,nr5a2,vezf1,0,1,2.935274840451534,4.1928953841627274,4.2078580555460015,4.3396231748256255,5.967020522156973,1.3389884729073562,3.454544859975288,1.7291040307476526,2.1324988457908844,1.4180660191929186,0.3085494797508909,0.5258282494597565,1.1257831325301204,1.0,0.11773210759487637,0.026649287157455376,1.4976743386812963,0.40725898885428624,0.0,-1.0
4733,nr5a2,xbp1,0,1,0.7944056548527912,13.534586232878482,25.192431736774207,15.192115877326954,9.650873720055237,14.651163234637698,2.1842457473405563,0.7701210397243099,7.157765677826131,0.38308623085271853,0.9643925410352757,0.5348731371894626,0.6913961987808034,1.0,0.1680479470739674,0.03073986849613271,1.6555170466293923,2.009507574130921,0.0,1.0
4734,nr5a2,ybx1,0,1,0.10060206454629662,6.011393462412975,25.52232810379812,39.02645956331979,5.115614824079065,1784.446760557705,7.5038442251198845,0.10020707555305959,5.209027254163787,0.20043684115626514,45.7240236630348,0.51466617855672,0.28045841145339007,1.0,0.2765082441523157,0.2706956753557488,13.206363910082954,142.84984552335598,0.0,1.0
4735,nr5a2,zbtb7a,0,1,3.0646021628515565,2.27550926554896,4.063238054176137,1.965792330868571,5.942788228756769,3.4506783533527825,3.2696874186991707,1.7469819398114264,1.0546712044281046,1.462574466354207,1.7553626083321454,0.5240339257645996,0.7483394299649442,1.0,0.13316283890601352,0.028884374479997855,0.8997781526644218,1.6282093174316432,0.0,1.0
4736,nr5a2,zfp148,0,1,5.861537476387223,0.7536994898151951,4.104928776918376,10.512214256902011,6.780475562888797,2.3630999768241723,1.8222251505137108,2.4142151543258374,0.7032763342932371,1.6517888449160838,0.22479564429279306,0.5272605253921854,0.8060702109814942,1.0,0.15417779370231238,0.030152752417244518,1.6751764726035299,0.6097845299658222,0.0,1.0
4737,nr5a2,zfp281,0,1,3.359617715753135,4.242787592665222,2.3516019967974104,2.729105043006348,4.944956214607017,3.379916107403853,3.990453293866933,1.3833268770030893,1.660813443440537,2.102803204513958,1.2384705074160796,0.5141530031213875,0.5504825758474744,1.0,0.18757717248651085,0.03136008247109526,1.4322018006073536,1.2105142594449494,0.0,1.0
4738,nr5a2,zfp42,1,0,0.0884002415337352,15.659419987098524,23.54415342106432,130.5318311259051,4.828590078462579,1418.1180640027546,9.370726619087014,0.08806957042578843,13.982045777182288,0.2050865874048616,10.864155139560573,0.5078661641208756,0.25453423488014604,1.0,0.31017131185378577,0.1681899574559538,9.172236876813269,52.9335531278883,1.0,0.0
4739,nr5a2,zfp57,1,0,0.16389018018197382,8.949286577285973,11.27216295980785,2.498079228011047,5.666009591241159,22.5301080111278,1.282511342910503,0.16154146853895468,1.9529407275419994,0.5026550460141452,9.018972560396378,0.5217439220613194,0.32229998164670687,1.0,0.25118439988280894,0.07219715412410072,3.415044968391546,8.054013198132765,1.0,0.0
4740,nrf1,pknox1,1,0,6.494266200479146,0.42541725378770634,19.04493391093133,0.46773520722484685,29.980661226185276,1.5335736808453941,2.4992012463347777,4.8428639130659805,0.2227868544770448,1.5742066297734487,3.278721928897227,0.49779537465936213,0.9881479665972234,1.0,0.2635579356947517,0.04859825548998238,5.4010348367398935,0.45627774467244586,1.0,0.0
4741,nrf1,polr2a,1,0,14.745738494957708,1.6828361587817733,17.297713481231003,34.21342970296195,28.679080696792365,4.389901285440845,2.27995056101336,7.960052485745793,1.603943898840008,1.657969460987476,0.12830930203588445,0.4940250554733727,0.7765064548910384,1.0,0.3266112807688262,0.060886971303193996,4.751458528441535,1.9446341690050093,1.0,0.0
4742,nrf1,polr3g,1,0,9.485500102437596,2.3780831607812174,6.221632555824511,20.434423792748966,15.437896687619384,6.223577793634581,1.8486189716583354,3.757229121927601,2.1301805724724807,2.481325688892841,0.30456341009443977,0.4747545980469144,0.6312719563513892,1.0,0.3794235057751351,0.074547640093119,5.804880032818709,4.463948383278084,1.0,0.0
4743,nrf1,pou2f1,1,0,10.208885163081112,0.4046163097744975,33.974204121483346,12.98353040589647,46.288956578183274,2.756111518053438,4.462779505682571,7.850033893045818,0.392388003526262,1.362473611233553,0.2122775109612521,0.4990085222968581,0.8232370445637974,1.0,0.20273744878403324,0.03883180354327621,3.6013527913906223,1.2487704841989222,1.0,0.0
4744,nrf1,pten,1,0,18.158529339494372,3.1551374843647615,37.02358807608617,64.66332739367515,50.270606351347936,9.263001897028866,3.1871873709484215,12.183184368766975,3.0083501372440944,1.3577994182529844,0.1432496945391477,0.49840569440142674,0.6328568585048565,1.0,0.37094248460451335,0.0723625738073543,9.041563586915741,3.67345205642504,1.0,0.0
4745,nrf1,rad21,1,0,10.729838054611989,1.5152846336159853,9.780131693894052,21.74462789800252,19.86005229032418,15.205704904159633,2.044692267228626,5.116498489028978,1.4165702675257634,2.030652849257975,0.6992855879385474,0.48559476300497095,0.38777897629656116,1.0,0.38676140419219773,0.0963164955530111,6.534571650757387,8.719872341764233,1.0,0.0
4746,nrf1,rara,1,0,10.184503792943694,1.598324814929543,13.81338029367503,27.41262001065837,23.70279771168946,2.7010359710962506,2.4937011979914807,5.8622845033555215,1.510266937829093,1.715930294233821,0.09853257259050956,0.48740734141175174,1.0316188644982105,1.0,0.2872107198546767,0.04931656592087412,4.764428697092919,1.7764463184354442,1.0,0.0
4747,nrf1,rarg,1,0,5.426059021160208,0.6954117673972539,14.561986011368422,0.5929150586416645,24.267109975794504,1.8529222013041173,2.349265229454655,3.9530727209392587,0.3200430981586894,1.6664698041084076,3.1251056526529437,0.49004013333203594,0.8050854836041547,1.0,0.16110609013752775,0.02996584035813456,2.3805337922715246,0.9204199746420546,1.0,0.0
4748,nrf1,rbpj,1,0,3.96437744568221,39.42869192973135,92.89615153518615,29.46028729759743,23.41602673521194,17.285078719588373,1.8163844792413357,3.8021205522169885,16.861631643360727,0.25206670403717085,0.5867247167341108,0.4903797884694206,0.5716677874029246,1.0,0.37728582805758687,0.08865258858986523,6.810591620737781,3.926644809768805,1.0,0.0
4749,nrf1,rela,1,0,6.212654782009595,1.1236572458236629,120.6830703557926,1.0239395591575178,143.17107261735524,1.3611026398022048,1.9049602977835036,5.908491033400158,0.5357416728615939,1.1863393282526247,1.3292802564656256,0.5052191599789865,1.0502992807202858,1.0,0.15442896035313383,0.033416309263936614,1.711175091409254,1.237638823980967,1.0,0.0
4750,nrf1,relb,1,0,4.939525436047283,40.753418956044406,133.0949536421761,60.327662638230855,27.533933453059863,40.21585249083101,2.568571192511804,4.76276589237174,24.32263754362092,0.20687436074461885,0.6666237465886076,0.49105030553611356,0.6390242822628589,1.0,0.33343165711044676,0.06523725299814195,6.463567374636794,5.037570368710376,1.0,0.0
4751,nrf1,rfx7,1,0,5.362100554524025,0.35500666184797236,28.929394607789188,0.19806838569890134,40.44479174805832,1.6217484694733788,1.7957975588664468,4.523638357972566,0.12713572368969386,1.3980517842280955,8.187820907162441,0.4972516610690634,0.8734600941067944,1.0,0.19014396308252776,0.04038173412510218,3.603734435018026,0.9128296584220568,1.0,0.0
4752,nrf1,rxrb,1,0,13.065470520849079,2.8433179483771203,17.785441589570663,39.21010987953043,29.26958815318639,3.313853390816342,2.532481617867802,7.532197490859115,2.651075428013573,1.6457048876621654,0.08451527937559628,0.49661836128282755,1.1505337645416822,1.0,0.30971677973325146,0.05734480691527631,2.9688277645321364,1.9170429110949132,1.0,0.0
4753,nrf1,sall4,1,0,7.62608000884955,58.36644313322922,335.21111177243466,193.8168037201842,45.4474749466891,215.41997426312136,4.404269379950634,7.456445273483743,44.85784679889517,0.1355786647596041,1.111461803766643,0.502005116710688,0.549168084594839,1.0,0.27369625633118183,0.07773178713282256,3.9712236818890276,8.446844101515586,1.0,0.0
4754,nrf1,smad2,1,0,0.0001000022791616082,0.00010000092450085374,28.06519017459929,5.011715542581099,31.52483249418286,1.7648130179761676,25.13770342402207,0.00010000192283335454,9.999892917903588e-05,1.123271650684012,0.35213750720322523,0.4924647011191968,0.7397107043835089,1.0,0.2366309514523809,0.04365995052382577,3.2012491009252177,1.1622230379325622,1.0,0.0
4755,nrf1,smad4,1,0,101.27582394128513,6.210006605226024,23.916687795966865,125.22889853067254,46.49397532074115,10.54587252192154,1.2974539118678494,19.347660885393704,5.91660654991456,1.9439972506804037,0.08421277073948327,0.5046848436957465,0.9656786873603235,1.0,0.29470912629537954,0.0513742380763293,3.4903766333641553,2.2074827600889946,1.0,0.0
4756,nrf1,smarca5,1,0,3.311189710234411,29.152740606620647,80.57068042355272,40.79613050921587,22.447349607852594,225.99199663087896,2.4966639916140387,3.1804823561938385,17.002690558357695,0.2786044438230995,5.539544898255172,0.48078787878787876,0.16745030851573,1.0,0.5025728897678438,0.1736891751063992,16.613008409740303,57.589704133055136,1.0,0.0
4757,nrf1,smarcb1,1,0,2.6379994880912756,18.0393420276985,28.55880021218911,5.62505964343732,13.665015143552585,42.79447037819916,1.4329958133694398,2.4149304115825307,4.2879755104029735,0.47848701773263763,7.60782517712979,0.4735856293830987,0.29668843355691044,1.0,0.48558479754244804,0.13246746589391048,10.647479677505466,19.236621573095533,1.0,0.0
4758,nrf1,smarcc1,1,0,26.822251005674094,2.256595474862697,16.51530012942154,42.26954848730883,30.277472941269224,54.853234883888064,1.7019885029151187,10.221563376400706,2.142230684111963,1.833298378110051,1.2977009891732676,0.4973262993690561,0.22105950887214337,1.0,0.4388988234750917,0.13415669443683334,11.981344853239767,24.04254298445546,1.0,0.0
4759,nrf1,sox2,1,0,3.521231603625955,10.518371764886812,115.75806042486002,102.2438112233292,14.074982140608855,516.8580240422646,10.732696016985297,3.4172816908161683,9.537225944076214,0.12158965076773291,5.055152168704876,0.47078133709226416,0.3614952335631989,1.0,0.4545660058118683,0.15373157599609588,15.755591758091706,26.16413918844923,1.0,0.0
4760,nrf1,spic,1,0,9.999999999998899e-05,1.3901242624444017,37.68687242788582,25.307139598974288,51.33135618349139,4.149993228862614,17.55167133292654,9.999973465630771e-05,1.3177406101320295,1.3620487155498089,0.1639850767263644,0.5069880885360888,1.8734313507091411,1.0,0.16506079455349001,0.05802257582435945,2.768681578041937,2.163032576875291,1.0,0.0
4761,nrf1,srebf1,1,0,7.520040243403832,1.1075372117424702,55.48501376371179,1.1826449941492947,71.05840771772918,3.122370035261223,2.150165822353486,6.622477243838331,0.5719297512362223,1.2806774820375493,2.640158332135181,0.5034360459279974,0.5250752206065797,1.0,0.31363145874433146,0.06486028247711197,6.899023806054838,1.8205063672269117,1.0,0.0
4762,nrf1,srebf2,1,0,8.468219826991902,0.8464566599070417,28.48453045809548,1.7779212046399673,41.12320035908219,2.606566684339977,3.0047543528392424,6.527613336676125,0.5734438111171981,1.443702939726525,1.4660754804754197,0.5015663499139519,0.6665497550433755,1.0,0.31383704246367494,0.05330464356121602,4.390766989756684,3.158013576912016,1.0,0.0
4763,nrf1,stat6,1,0,14.198636220676486,2.6875363454383967,30.17876477869178,49.1800191088844,43.2562499090629,5.2937927888328185,3.296266511130948,9.655754799342773,2.5482806673023184,1.433334009071329,0.10764112915678985,0.5013392781579883,1.0456313403288056,1.0,0.24194103418649138,0.044009952135297147,3.3414734975735003,1.831440891318785,1.0,0.0
4764,nrf1,tbx3,1,0,18.432114678889793,3.3883362274968745,122.37952597000964,110.98841465016571,148.7810289635414,31.367976379067205,7.871560814937592,16.019367764145283,3.287958989094223,1.2157346401227418,0.2826238799602529,0.5098889796794009,0.34996340505873064,1.0,0.24984473618363576,0.0899813747814743,12.357566689968543,7.6917713524673745,1.0,0.0
4765,nrf1,tcf3,1,0,12.50900114750566,1.9007466175485312,21.4075755705671,36.881850830176646,31.79971390737996,16.13700125510277,2.851107331213925,7.89547216405378,1.8075904613887512,1.4854420951385465,0.437532306320688,0.4888521464676218,0.40181022592152194,1.0,0.431779024311805,0.11150489237760815,9.046259931392004,7.351579243870395,1.0,0.0
4766,nrf1,tcf7,1,0,8.777384926663165,1.8668984708894494,135.09036162751673,130.00787480698546,162.34507360266167,6.819850513793938,15.55145842948097,8.241875835876094,1.8404695352107097,1.201751713792092,0.05245721094909783,0.5110461754239122,0.6045673076923077,1.0,0.32312734744094196,0.05798963837088425,9.56403135856667,2.676327789286943,1.0,0.0
4767,nrf1,tcf7l1,1,0,2.6314953719702627,0.6736260055570943,16.532316386470477,8.741360219816078,25.940236977173743,3.0266220042560223,7.392185756668477,2.270149310968026,0.6254292281534375,1.5690624574788812,0.34624153771799415,0.4933595270254801,1.0094352552742172,1.0,0.14724522809471302,0.03707494762179064,2.4303787988249392,2.7548853777726396,1.0,0.0
4768,nrf1,tead1,1,0,8.82062935505161,1.2249101496979489,19.077241478374688,1.4072368428479405,29.600768481134434,1.4159469962163616,2.683256463451457,6.03176053119941,0.6548793424967841,1.5516272892330298,1.0061895432973411,0.49440781713763426,1.0094966309948474,1.0,0.2457954012582798,0.04422119204667908,4.883639191765963,1.3846471049371867,1.0,0.0
4769,nrf1,tfap2a,1,0,2.5125910752074585,1.0720083980589623,81.76366960259396,67.66597823812907,103.0499846446918,3.0741480165453403,23.695813934881063,2.4376813217319455,1.055289811121126,1.2603395266572346,0.04543122107430186,0.509693872058876,1.1991438533734606,1.0,0.21320642405656193,0.04937279094056072,3.5941334600499637,2.4560211072861877,1.0,0.0
4770,nrf1,tfap2c,1,0,3.110221231477087,1.3704046275141815,32.96085326125672,23.57651844290128,45.908801348035006,5.205010263631511,11.021543013050133,2.842043023736714,1.2951244481585393,1.3928280613414135,0.22077094530463645,0.5042814222970835,1.0739751783857434,1.0,0.17062404986118365,0.05267492645304934,2.8286424498712104,3.4106577508511795,1.0,0.0
4771,nrf1,tfap4,1,0,9.566738348190365,0.24267777031906052,15.446358712648307,2.6162418465732022,26.353242199580325,3.681943329672353,2.8571145735078916,5.907755919899758,0.2220782054138224,1.7061135695366751,1.4073405845468852,0.49272518562163514,0.6068193795917358,1.0,0.35621242347899024,0.06966693692278678,7.473397041881504,3.1135821952332994,1.0,0.0
4772,nrf1,tfcp2l1,1,0,57.200252497472555,3.5951072022378083,9.4817058769426,63.93070652571769,28.20970157885503,50.84940312394428,1.2268292880030032,8.133473933422744,3.403701944277454,2.975171550876172,0.7953830934668126,0.4923082141443835,0.2938385824073769,1.0,0.39164480714910593,0.10553826929513371,9.095297004170536,10.583082216887847,1.0,0.0
4773,nrf1,tfdp2,1,0,2.7576706584990194,18.90192191081953,26.67169636156561,3.6923546459927015,14.004821641199028,9.973078344844613,1.3189330725067423,2.499263895772469,3.0889503813107524,0.525081774002955,2.701007704031994,0.47356111217600966,0.6291438330734389,1.0,0.35088845621659753,0.0680087310370994,6.011989941028485,1.9712365709079744,1.0,0.0
4774,nrf1,tfe3,1,0,4.548450759848473,74.36498761511768,151.93193333085097,44.96271589651842,39.43382734373382,21.569421581006615,1.642298089118583,4.416239911600716,28.020750524714447,0.2595493026331843,0.4797179429874429,0.5041600945055972,0.9099844372578669,1.0,0.2696883237419075,0.05618662806108058,5.129649289982447,2.248448758436744,1.0,0.0
4775,nrf1,tfeb,1,0,5.7150036950258025,3.114086396051667,36.35357269508988,42.86290687333958,48.71158381243579,6.200031903879824,7.762716529073295,4.938622128621464,2.903164946159247,1.3399393842524603,0.14464795684998674,0.4993718858836843,0.8846671597633134,1.0,0.2616517401665863,0.05874442280931206,3.917744481753493,4.044480190728577,1.0,0.0
4776,nrf1,tgif1,1,0,5.314425419101497,49.1600628479763,158.496773282957,68.75218642296092,31.393310640913484,145.9219362632801,2.4734109109881075,5.142012801655476,28.664212805595287,0.19806908362019743,2.1224333923807706,0.4921042472108918,0.32624362889775776,1.0,0.4406414184358087,0.11530887171515641,10.448472936962848,15.694493167459463,1.0,0.0
4777,nrf1,tgif2,1,0,5.761998209522968,0.7441531634799952,44.47541303954956,0.911079367277009,60.1389272615557,2.4347365584327636,2.2617291921036866,5.101123722938852,0.4095996065461993,1.3521836707413473,2.6723649397412976,0.5095338410846433,0.693105410013081,1.0,0.19838649939631367,0.0401598960558521,3.2993353863078605,1.8811127043739881,1.0,0.0
4778,nrf1,thap11,1,0,3.146853365047717,27.826783772680372,46.02640096967803,10.155865011339536,18.193597072786748,18.845190900653808,1.4529037453750284,2.945469782954413,7.440372610716217,0.3952861116551912,1.8555968280015736,0.48360802411218357,0.48092356027861793,1.0,0.40926403939394673,0.07912395439025463,9.24220762449218,4.6407336885233,1.0,0.0
4779,nrf1,thra,1,0,6.137730700707934,0.5116663538776518,55.8418240216772,0.5549165093960043,73.53138957862984,1.2735273051651337,2.1280117044071574,5.529921588119927,0.26620726513240256,1.316779866468648,2.29498903637107,0.5111836268861454,1.1985195344268704,1.0,0.21497782257432602,0.038132500877896346,2.836030488560127,0.9636071085403396,1.0,0.0
4780,nrf1,topors,1,0,19.031868613366996,3.3755469698120337,137.93508132604026,129.5599805470567,162.6339703445812,27.09051152486007,8.397409033168156,16.724299898702633,3.2898338609220015,1.17906169178354,0.2090962920067797,0.5107093693919766,0.2833705499879013,1.0,0.3587912406865668,0.08994099970985275,12.700005220500138,8.404609932283392,1.0,0.0
4781,nrf1,trim28,1,0,1.9750166348508995,11.385756240959322,37.42491762603381,24.213514262193574,11.315931721997218,209.0699785007307,3.2916516591377936,1.8760141674328183,7.744236531529804,0.30236357057805635,8.634433491844172,0.46273567387761005,0.23627435585911863,1.0,0.5345302947743634,0.19918754812691816,16.531811878818132,67.08439071050964,1.0,0.0
4782,nrf1,xbp1,1,0,56.12759364720297,3.740743915783074,46.71891005319741,122.14428332853093,65.85338016753944,20.38030496931666,1.8745062589931862,25.49644280319742,3.629585620394135,1.4095658501569104,0.16685434974062474,0.5080432947520328,0.6936974577466476,1.0,0.25368533809448346,0.057931641022144556,4.837586687521513,3.0436765008370177,1.0,0.0
4783,nrf1,ybx1,1,0,2.1190637816540323,10.45594607742166,46.15407142176288,31.07824399496519,10.746622744600193,1465.5191317549102,4.154683100007963,2.026042450186835,7.823733719761336,0.23284235634156586,47.15578949674025,0.459938067978737,0.2751547397962295,1.0,0.5853713574173797,0.3318028220726681,32.20471183091584,330.94785607185065,1.0,0.0
4784,nrf1,zfhx3,1,0,8.511003769727665,9.999999999998899e-05,149.15495520806758,5.821859100804109,182.96209637712187,1.8773094577857485,6.679032323110192,8.051569243480182,9.999828236511268e-05,1.2266578480204975,0.32245875849631206,0.5174557722760047,1.1462390225276826,1.0,0.1435269726627292,0.043149637915385106,7.396034479393816,0.5627536029437891,1.0,0.0
4785,nrf1,zfp219,1,0,2.29563960352402,14.088157661177961,21.63323179419802,3.205121477841114,11.503064336565979,7.995436054061716,1.3577629709431929,2.0754051803589726,2.6110870205738546,0.5317312016067369,2.4945812847777717,0.46416218932942577,0.5254231705356838,1.0,0.29448838256651577,0.05071234619412414,3.772264463374252,2.1793366909475127,1.0,0.0
4786,nrf1,zfp263,1,0,5.360476176575666,0.4894379917422207,133.14530105343536,0.08881849716349748,163.23334372131578,1.4111956866379163,1.226883022607609,5.153014037347231,0.07517623704236907,1.2259790051156605,15.888533714325082,0.5125239353338874,0.8129982512458847,1.0,0.11338234300732589,0.03819063834062946,1.6313162395417742,1.2119378716540155,1.0,0.0
4787,nrf1,zfp42,0,1,0.9930417233020831,6.522391407167477,96.9628948933248,107.70164616554142,9.800082449363398,1148.6271382211607,16.54970269146255,0.9829746268270809,6.149951502465173,0.10107043998784387,10.664898626114574,0.4541189716644775,0.2461115116195088,1.0,0.5124617913093427,0.2200634865857336,19.58591711401532,106.35175637334304,0.0,1.0
4788,nrf1,zfp57,0,1,8.880365584344776,1.3113046752203943,46.25512744940988,46.29767625457053,61.24133600883721,22.68748791821551,6.366710643779504,7.4500547523851255,1.275187120975941,1.3239902122379412,0.4900351325078824,0.5058482142857145,0.32506353106153646,1.0,0.3784845412942857,0.09932194270676488,10.1575292990772,10.351360262884214,0.0,1.0
4789,nrf1,zfx,1,0,8.131016953506174,0.9382817917126283,6.567116574035386,16.964018846706864,15.845205610075288,2.73091456256648,1.907644454513516,3.6329331271264107,0.8891052786799891,2.4128101627924456,0.1609827592885879,0.47949463870752757,0.7912809478861926,1.0,0.27687048449512636,0.05151336366157432,3.6215321406572,0.8649394596102988,1.0,0.0
4790,hic2,hmga2,1,0,0.8997913895445948,10.064547127814594,7.832555426370052,0.1686509439344907,4.666292107618373,10.912691837479203,1.126628291617008,0.8070758158544779,0.1658714471739894,0.59575602770818,64.70578570682672,0.4348460933111864,0.5803087465765399,1.0,0.2724637381950968,0.05786520043389365,2.844167399442222,4.664836345167185,1.0,0.0
4791,hic2,irf3,1,0,7.2804027629289285,13.991406310222555,0.4559735037550827,6.653635718038212,5.267802563019326,1.5033573897325079,3.2929607677528434,0.42909892721437853,4.509253148714692,11.55286989186289,0.2259452506028936,0.43546835688234764,0.8954808352122339,1.0,0.1790501108123183,0.029175662816074675,1.7123922724244842,0.3767451436284291,1.0,0.0
4792,hic2,junb,0,1,2.8702541418610994,1.9801880905057065,3.565568808501107,7.486384813408194,4.7400773277589225,9.138783006475558,2.6081231196796697,1.590175602968549,1.5659785435471172,1.3294028477188624,1.2207204457494492,0.4337978913440831,1.5517774307838406,1.0,0.040075725033095866,0.02334196713458963,0.7469288455255354,0.9912926245186281,0.0,1.0
4793,hic2,jund,0,1,0.00010000000000021103,23.499307791627103,24.750645996720174,204.91834095985394,5.168459530812194,862.8021288070504,8.242682100137245,9.999959597198493e-05,21.08172986056959,0.20882119729307635,4.210468056522496,0.4356107817213946,0.866423659690264,1.0,0.28554779445938683,0.09374466371570063,3.9435506093619885,23.62951311549091,0.0,1.0
4794,hic2,klf13,0,1,1.1745141189952146,23.86805513059704,60.19953180426702,123.29531732954513,5.396741901456465,176.15489227522917,6.2691584048343305,1.1520374613956177,19.99695564304273,0.08964757265892784,1.428723296963504,0.43874383800383815,0.5868815416658265,1.0,0.32520599554642676,0.06365085237517186,5.141727047883297,4.412693019090451,0.0,1.0
4795,hic2,klf2,0,1,1.847617325468808,8.67949424499669,3.3294492719474604,103.20439734442436,4.0161449579090736,2319.807394950176,2.491129109323964,1.1882304473714334,8.006174616239214,1.2062490309575888,22.47779604979694,0.4282039724568622,0.3317839699841906,1.0,0.3617595246682454,0.20803008315472551,10.513734358841301,118.7505533031625,0.0,1.0
4796,hic2,klf3,0,1,1.1395558932943028,9.031014034293506,6.616238354436217,6.91398562726018,4.216001023425794,24.20820034751147,2.0696796717223123,0.972121380146695,3.9159800914417873,0.6372202447330131,3.501337962298384,0.42722632470179916,0.4254437468660434,1.0,0.2420620997667267,0.06415463484140997,2.6420299832574266,5.472168186947897,0.0,1.0
4797,hic2,klf4,0,1,1.4126496389661456,7.61553302428236,5.797499174313328,5.875729928065652,4.127154790590419,54.894423643899096,2.2029998995909597,1.1358760169299718,3.3167254590616717,0.7118853606528112,9.342570934326602,0.42869298833039904,0.3003237780741774,1.0,0.22362900237930702,0.08915415732819684,5.012106635743548,13.579373365079867,0.0,1.0
4798,hic2,klf5,0,1,0.10874566624393855,10.92866751610378,8.16090785070718,42.70107256581089,4.5292525179189695,91.64265054957927,4.477926599830411,0.10731566438199863,8.701623836699135,0.5549937091283894,2.1461439969298106,0.4300160183271139,0.294755849826606,1.0,0.25394162094215256,0.06562764873735395,3.7570259589403405,7.9455182691569615,0.0,1.0
4799,hic2,klf6,0,1,0.00010000000000004259,6.773530098645702,10.18897212349133,7.2833563658111835,5.411880627029642,22.732494261019625,2.073526611341304,9.999901855640583e-05,3.5095989206234894,0.5311507933712177,3.1211563898930264,0.43640904673970016,0.6528764994306918,1.0,0.1876153343715732,0.04137108780778078,2.7014861179675225,3.4083060476364597,0.0,1.0
4800,hic2,max,0,1,0.5190742592131665,9.106791520284634,26.0798641557287,25.17131288623999,5.459131048387362,35.61899594061089,3.8322048498421157,0.5089446035714834,6.687356337686199,0.2093235998389282,1.4150630958976387,0.4403523341476434,0.4430460902021416,1.0,0.299250930244533,0.05290393771800961,3.324513072514478,3.621577439815435,0.0,1.0
4801,hic2,mtf1,0,1,0.7035885678821892,12.302165272835847,23.94238357559991,19.367196174027015,5.035495702887454,5.759000375885731,2.649941695189249,0.68350265404716,7.523310774803011,0.21031722622718374,0.29735849857342894,0.4348802108923795,0.8642751218134311,1.0,0.17556811862195632,0.023415146830943215,0.543482755222513,1.239850632894896,0.0,1.0
4802,hic2,myef2,0,1,0.6713450175360213,22.483921378832655,28.975021111924804,6.526422212977364,12.163535175036367,8.457213520747972,1.3082468827183291,0.6561423403983819,5.058180833234823,0.4197938330416059,1.2958422309747837,0.44885444147429143,1.4428198484766546,1.0,0.13828829977890889,0.03241927154186492,1.1322076636412703,1.4002253212004612,0.0,1.0
4803,hic2,nfe2l1,1,0,4.622397451127593,8.670215357030413,8.97429689886259,6.958626285921515,7.626738743251686,1.6503363547538341,2.7310513558575122,3.050945034371141,3.860349337869211,0.8498424811662187,0.2371641020718048,0.4474261603375527,0.8310220064218027,1.0,0.11916020547842594,0.029135039873386823,1.0096361931123325,0.6946286523146259,1.0,0.0
4804,hic2,nkx6-2,0,1,1.8697593231272611,6.24358921985996,1.7041324848305526,35.662633099735196,3.656203489029489,220.7846059088889,2.0807577726334188,0.8915540180206717,5.313359669483058,2.145492513977302,6.190922731124087,0.4232217885180475,0.4676268458797429,1.0,0.25286838189727406,0.09833162129689699,5.470729949913065,15.184074273733671,0.0,1.0
4805,hic2,nr2c2,0,1,0.6566857181592745,12.112049218088892,23.099434452929355,16.62937619247979,5.411162579585796,4.769495838591534,2.440421499677755,0.6385330850976191,7.0078578230628406,0.23425519748599644,0.28681147045963257,0.43609552803647456,0.9402656439420858,1.0,0.15888108167500978,0.020277712577939012,0.7005644221393219,0.8182645804584693,0.0,1.0
4806,hic2,nrf1,0,1,0.5475676371574482,9.062722884491826,25.402676465363236,21.878494358141864,5.381172200356644,33.430623515581956,3.48322705233742,0.5360135910345037,6.408239531848498,0.21183485164226365,1.5280129870153099,0.4401530557362605,0.4991183171865893,1.0,0.3155157092033808,0.06518743417871667,4.129601665301065,7.054633436192891,0.0,1.0
4807,hic2,patz1,0,1,0.16515377268983247,15.6990248603546,17.50138469825565,0.14275336770068614,6.429144605433434,8.440471989440658,1.0118728512063395,0.16360985005447623,0.14146698913279293,0.36735062489508175,59.12625478046841,0.4392332285203515,0.43301672396713475,1.0,0.21263423635917172,0.05353850641667179,2.5913812002817282,3.710441583872165,0.0,1.0
4808,hic2,pou5f1,1,0,1.9451845202202978,9.124030890133678,2.31680889899937,110.72422564893085,3.820247670223166,2816.4014401201684,2.1504096864337043,1.0573974108733672,8.42941970355393,1.6489265350599833,25.436180958718346,0.4256686672822407,0.26769016471326235,1.0,0.40421977205827503,0.2435947963509389,12.912153183221104,161.73374233097954,1.0,0.0
4809,hic2,rad21,0,1,0.0001,13.237936676194485,11.20371738340272,0.08620159913814081,5.511406435978485,13.332412725736964,1.0065206933170696,9.999910744707292e-05,0.08564391086289005,0.4919265853798783,154.66549181264432,0.44107928511472455,0.3808706053227391,1.0,0.29333808984210374,0.06247114116400068,4.142101765013438,5.008245099188402,0.0,1.0
4810,hic2,rarg,0,1,0.00010000000000002071,6.296477466177934,22.356222823342645,26.443243180917456,11.614139523764413,1.7790792552370502,5.199263822271914,9.99995526992692e-05,5.085543844922256,0.5195036574621105,0.06727916250911718,0.4477862056327074,0.7957012964021719,1.0,0.1872816782098766,0.031123699250093683,2.4031794185239246,0.45312985531221006,0.0,1.0
4811,hic2,rest,0,1,0.89759548791942,13.19173231850538,30.20085360957475,24.770278735923977,7.327471439099974,120.28595013335062,2.963240453188106,0.8716881618850093,8.607628454419004,0.24262464676749745,4.856059611428662,0.44600051365391374,0.2961287318227297,1.0,0.360813338393921,0.10017419220424315,7.464397984632199,27.327309274250624,0.0,1.0
4812,hic2,sall4,0,1,0.00010000000000021103,10.330589264895977,11.13772191338515,113.77438028782039,4.7747060383719315,121.20353437776431,4.983119764958218,9.999910215859733e-05,9.470663389690376,0.4286968264698511,1.0652972494435922,0.43596438894669903,0.5279935959814699,1.0,0.18220754771199305,0.047265576610488136,1.712911746270012,4.002969152138708,0.0,1.0
4813,hic2,setdb1,0,1,0.2219667137647627,8.331485639074586,14.434664721763891,5.46401438024801,4.141897084118654,11.080216222361587,1.6812893511535485,0.2186051485759093,3.299870050159201,0.2869409968264591,2.0278526832608117,0.42926569514793583,0.44273513691691035,1.0,0.23221249714875342,0.04999475174889122,2.3347896771266603,3.933969944200541,0.0,1.0
4814,hic2,smad1,0,1,7.044628108260371,3.1361982699872315,9.999999999998899e-05,9.999999999998899e-05,4.176759284424076,1.7810052608128455,10.569117244028739,9.999858049878946e-05,9.999681152773951e-05,41767.59284424536,17810.052608130416,0.4297590477248903,0.9359766069693867,1.0,0.18998747493617338,0.0233489319420361,1.0464025983140952,0.514660440913473,0.0,1.0
4815,hic2,smad4,0,1,0.7344234890896304,11.453524513049283,28.835469413176874,27.63603821183597,6.417873330065305,8.896981695589236,3.497957934502633,0.7161827107713145,8.097559016727505,0.22256871348633378,0.32193404956933497,0.4438360851465609,0.9595296040735158,1.0,0.18315831981703334,0.03246968782431402,1.7998569699601523,0.8024731871582527,0.0,1.0
4816,hic2,smarcb1,1,0,0.24299119589920648,9.143482357301494,13.73468569097651,10.482740922668524,4.657998730372368,46.87040961796731,2.1844463144206316,0.23876698026148727,4.883708664437881,0.33914126869554834,4.471197939902517,0.4341272424768518,0.2962870372908475,1.0,0.29280371545490724,0.07472795126899201,4.703268743406001,8.97963892186047,1.0,0.0
4817,hic2,smc3,0,1,0.5179833418641597,10.532556298473644,22.784210691177854,21.3133883536142,5.914829580256907,87.35127537411917,3.0923110547022303,0.5064691152609347,7.049075328056148,0.2596021280011756,4.098422734332932,0.4396034509145189,0.2471262999138179,1.0,0.32683801493900017,0.09593643046835192,6.770763723238732,16.61775186213623,0.0,1.0
4818,hic2,sp1,0,1,11.084085393007374,0.8500844282594323,14.464779586137498,23.746830156972297,10.718778802410158,2.1903444496058313,2.387518452425672,6.275380618851435,0.8207049899292668,0.7410260722315212,0.09223734010506346,0.4523024569095306,0.9458390902327558,1.0,0.1736405722003174,0.025620845318369116,2.107307924768601,0.5441396975728829,0.0,1.0
4819,hic2,sp2,0,1,0.0001,9.375146177285162,12.454108692684569,5.797206649898449,5.914000641509244,8.965892045829767,1.6136650911003185,9.999919705858102e-05,3.5821510600090822,0.4748634195703683,1.5465883118013095,0.4423338704250001,0.588388411045722,1.0,0.1671078821123061,0.04231074924054501,1.6458463633574127,2.256722703977889,0.0,1.0
4820,hic2,sp3,0,1,0.2842451246424753,11.938172558179188,10.94593082248007,29.21785248486412,4.716695833774936,13.424638330678297,3.5369541686094186,0.2770506433392934,8.475253972630483,0.43090860980850343,0.4594669761452432,0.435108848757564,0.5687935259287926,1.0,0.15811020591112052,0.0336144699158705,1.6841263492468022,1.4719547399677912,0.0,1.0
4821,hic2,sp5,0,1,9.999999999976694e-05,5.077886798705239,20.16773241015138,31.53427344050157,5.2383511497200725,232.21755714299283,6.985021360885725,9.999950416066054e-05,4.373614388336712,0.25973922319017684,7.3639736010134405,0.4362303781573314,0.9101413333721277,1.0,0.17574992211920024,0.08770686217569529,5.352896977170156,23.464201491183246,0.0,1.0
4822,hic2,taf1,0,1,0.00010000000000028389,6.701747655330134,9.084051923796759,5.520005524206832,4.521955388807225,11.269185526052562,1.8213782816267967,9.99988991820585e-05,3.0268721300313532,0.4977905704129038,2.041517073965579,0.43270721774359266,0.4696956655365121,1.0,0.15828266047788378,0.03696229769847363,1.5655568003572824,2.0278261631539602,0.0,1.0
4823,hic2,tbp,0,1,0.6482059368185102,12.02968423439202,22.769035263391277,11.886382305136715,5.042968209884817,3.4606455527872977,2.044686007937835,0.630263134208483,5.978801973297947,0.22148361366864977,0.29114371925356763,0.43691795551357465,1.1412558942513336,1.0,0.16318200487295298,0.03221958014184656,0.299389723704566,1.2857994161478774,0.0,1.0
4824,hic2,tead1,1,0,8.941718089202837,6.140562575693518,9.999999999998899e-05,9.999999999998899e-05,4.330741964311887,1.555739188575336,9.61033067870492,9.999888165918847e-05,9.99983715112263e-05,43307.41964312364,15557.391885755073,0.4319917525388466,1.0230043109855804,1.0,0.16961596410161453,0.038501533703626065,1.1205636690396483,0.5803798586214087,1.0,0.0
4825,hic2,tead2,0,1,0.5939809881415468,10.695213700569987,23.761374581336188,20.31378814652893,6.386680132832104,24.097508692279785,2.9718113285196672,0.579494916966476,7.006362422322164,0.2687841189898433,1.1862636608424701,0.44317790855590766,0.5246155948130992,1.0,0.26010281731009266,0.04704311215090288,3.087391331121856,4.089531185893833,0.0,1.0
4826,hic2,tfap2a,0,1,10.5547821636614,0.19990085773495744,13.669664011471177,2.395553040029383,10.120706381498204,1.813197021279926,2.486635390858701,5.955980369930191,0.18450457080510962,0.740377113366152,0.7569012211300009,0.447821419919413,1.1371960603262545,1.0,0.15259735048347153,0.029405665595135612,2.2040536330288427,0.9736981160784128,0.0,1.0
4827,hic2,tfap2c,0,1,3.360419404194141,8.77771444918645,5.861355771748877,0.8968694210994731,5.6150468177499295,4.2203904962121985,1.734072665739225,2.1358809225422344,0.813726335124083,0.9579774776364658,4.705691148482259,0.4370771246030485,1.0509259367169745,1.0,0.17370926650858706,0.030736658602636795,1.0629625400230562,1.6342374433472002,0.0,1.0
4828,hic2,tfap4,0,1,5.9884351462413425,2.783268473367154,3.676264948531718,13.851935211142237,5.769002009260948,3.6857211483874974,1.938173729085207,2.277884880937881,2.317594379935217,1.5692563213010693,0.2660798720328097,0.437023988635633,0.6087073030865239,1.0,0.2660236385273183,0.04104876588853864,2.005815210290743,1.7706064999186883,0.0,1.0
4829,hic2,thap1,0,1,15.090369992832233,2.1798859564196946,17.432195868786742,34.75549738931051,11.61971552140459,3.5656859807874683,2.290361434450614,8.088484978916064,2.051231469785129,0.6665663700010563,0.10259343840908862,0.44796939414734543,0.97648279242616,1.0,0.20342747605507142,0.03116481895241517,0.8437709396345036,1.6552462074586236,0.0,1.0
4830,hic2,thra,0,1,1.5697956629066399,5.8338539497905515,15.42755517630677,17.000031389602622,9.453341355549725,1.2412167178144664,4.312294316816402,1.4248166925605448,4.343356323056332,0.6127569305386712,0.07301261329279699,0.45050071455697027,1.197113445539882,1.0,0.16275947932952395,0.025264873505020383,1.4000328554635018,0.45738487492858454,0.0,1.0
4831,hic2,trim28,1,0,1.639034939472343,9.705800753761057,4.225621512269469,13.41389893250064,4.0492933920542615,142.6450430142786,3.3059996140353856,1.18096283330264,5.631242279816596,0.958271672059785,10.634122392905676,0.42885485142630403,0.23058905800048507,1.0,0.32067415315986164,0.13072950547356885,7.882008560936659,30.342040515706195,1.0,0.0
4832,hic2,xbp1,0,1,9.999999999976694e-05,6.882341080604928,40.86676872267246,85.16491513543224,5.508451862410534,56.69864796986729,12.186301405908438,9.999975530277124e-05,6.367750850575566,0.13479049199587198,0.6657512413380922,0.4396164341555631,0.7024196335057498,1.0,0.16356156091539384,0.0333269746724201,0.8754636155504194,3.0661075448087205,0.0,1.0
4833,hic2,yy1,0,1,0.00010000000000021103,12.803001747037056,9.700614781287202,89.07941134468705,4.620972119989018,123.1825643265416,4.561706534590456,9.999896914833821e-05,11.194119028612823,0.47635868696724476,1.3828399005679841,0.4328183763781841,0.4659237505569552,1.0,0.2767097149243689,0.0655106370671636,3.108096872843254,6.722916878360693,0.0,1.0
4834,hic2,zfp148,0,1,0.00010000000000000286,13.636672078030212,12.06848984434235,0.0001,6.190215037268449,3.4344057476720846,0.9987976560221412,9.999917140278239e-05,9.999926668863109e-05,0.5129237474703923,34344.057476720845,0.43482155987751847,0.8316863392219819,1.0,0.14875982546534866,0.023624219992643324,0.7503515400985066,1.1519413007932642,0.0,1.0
4835,hic2,zfp281,0,1,4.8649931609988135,3.6415672863543103,1.8203977516873058,1.244643075067683,5.147384791325566,3.396165117954358,4.843033623113566,1.3247127547098099,0.9276005677403673,2.8276154409411425,2.7286257289220663,0.43819941206542107,0.5494355966119351,1.0,0.1357137589415099,0.03222627788992485,1.6891594493842603,1.0069881922096242,0.0,1.0
4836,hif1a,irx2,1,0,1.6891508204715626,6.104310888760802,5.134361613324007,0.9196983981663199,4.992492203868814,3.701086840398196,1.5180889515854847,1.2710039317565598,0.7992764127962326,0.9723686370108734,4.02423973748064,0.4531887725182961,1.388519955759806,1.0,0.15649060566056253,0.030709958642614856,0.9907686851958042,1.2060909025119066,1.0,0.0
4837,hif1a,maz,0,1,0.559689030498861,10.755943913139795,5.3862213507783006,25.445049600153226,4.375746426656489,49.32384838196503,3.7154046705914694,0.5070054562816745,7.560166166870829,0.8123963241919496,1.9384457549521934,0.45069351294136634,0.3451030985953991,1.0,0.30626732537171775,0.06881429867403023,3.8139805737150465,6.556963179864418,0.0,1.0
4838,hif1a,plagl1,0,1,0.10317173967800132,5.743535127789019,13.536031386207748,14.779097657134157,5.290512546808072,9.867357868757546,3.600405672872724,0.10239131227546609,4.1361294839877525,0.390846651862726,0.6676563141860276,0.46213637647212724,1.0118400126261091,1.0,0.15085444316309976,0.02701739918721612,0.5235056120358578,0.7951543048189145,0.0,1.0
4839,hif1a,pou2f1,0,1,0.9533762617377444,9.007557771518284,6.725948542565059,0.7836043348604012,5.300047490322594,3.13696847200037,1.2410708780671575,0.8350160777882707,0.7208910688618755,0.7880000057659269,4.003255638649855,0.4599578571598441,0.8357086393127324,1.0,0.17416482552239332,0.026487506741843837,0.7389349319096311,1.5980980077371805,0.0,1.0
4840,hif1a,pou5f1,0,1,0.9508865256307051,10.232947580999298,4.739017406893405,90.97964849120635,4.301828245978444,2493.783016313641,3.341216474438113,0.79197607734394,9.198360777981456,0.9077468759074355,27.410339099679835,0.44662684223826904,0.27050161209741497,1.0,0.3845859462367734,0.2507132824981627,12.213297698282922,132.41130620102174,0.0,1.0
4841,hif1a,pura,0,1,0.41084518190126784,9.464250569875084,14.016592529366676,13.362714446864723,4.794280974691632,15.359964678495862,2.4826111626407243,0.3991456849518091,5.540293145675478,0.3420432579920518,1.1494644100622649,0.45125546499210484,0.6574759572022616,1.0,0.246734422423499,0.045795906792965815,1.5250145306371814,1.919329891823461,0.0,1.0
4842,hif1a,smc3,1,0,0.5689782645149035,11.386310979785712,16.765919876784686,23.831515825585424,4.957704581873672,93.92317963525213,3.1979628962195874,0.5503028582418719,7.704991333207866,0.29570131661779386,3.941133259111305,0.45600475624256837,0.24474175545703453,1.0,0.3421344376019017,0.0856290729690579,5.435508412527314,12.907227655222417,1.0,0.0
4843,hif1a,sp1,0,1,0.0001000000000055271,10.65707189998077,11.094949734825537,0.0001,5.389882881946985,2.430651557947553,1.0000160857612705,9.999909870267222e-05,9.999906166475555e-05,0.485796061340312,24306.51557947553,0.4631917268298938,0.9514386357093263,1.0,0.13644389132395585,0.021576944114623433,0.3524659714088593,0.48842456887113717,0.0,1.0
4844,hif1a,sp2,0,1,0.0001,8.074313439903815,10.028108400075759,3.0328443430702854,5.431441553360777,7.154796472941567,1.3641246194996732,9.999900281290525e-05,2.2047166627925234,0.5416217432711182,2.3591044127567864,0.4625768869730333,0.5782092495696682,1.0,0.16891871913177173,0.03753781888275097,1.504922159369887,1.6244083050747422,0.0,1.0
4845,hif1a,sp3,0,1,0.5847314020749173,11.243810189787448,18.36142630781966,21.825396035536787,5.051485527207651,10.443314583622016,3.0347645351629122,0.566684956045708,7.42081949800744,0.27511400489930093,0.4784937036935269,0.456550494399831,0.5582102185287781,1.0,0.17926645882113118,0.03182990565240349,1.1205502947233767,1.219231718243536,0.0,1.0
4846,hif1a,sp5,0,1,0.08752945225896779,5.907018455590185,14.441187318214563,13.866023488527187,5.940337045509535,114.63196648257643,3.3676699065899514,0.0870021238559305,4.142349815666324,0.41134685913373836,8.2671118058774,0.4644449808604031,0.9050537185611789,1.0,0.2157753447236777,0.08448556935334758,4.5564751191815525,15.348476694061215,0.0,1.0
4847,hif1a,spic,0,1,2.198408677261046,2.453443883976143,2.814101765877976,1.927794138088109,4.683610657820662,4.617547599311446,3.1807989089719064,1.2342210177875517,1.079542977085021,1.6643359222509904,2.3952493204958603,0.4535901797740134,1.8941909744439012,1.0,0.0965538288004704,0.03270315741461871,0.0,1.1717990856382194,0.0,1.0
4848,hif1a,stat3,0,1,16.979295155807044,1.1347062194485384,2.073469205884374,20.71531588086259,5.249452216197484,2.494577248660971,1.1835828808168634,1.847818246992805,1.075779130105372,2.531724223972014,0.12042187833425866,0.4567116543910677,0.486507007331631,1.0,0.14338648845387342,0.024608117737349163,1.3939242022572957,0.9800964819500819,0.0,1.0
4849,hif1a,stat6,1,0,3.5293937703633143,3.598065133800573,2.7507907965488014,3.0375825363351643,5.405932121734896,2.506503567911528,3.8865967151062364,1.5459137860474828,1.647076571623565,1.9652283730617717,0.8251639380754467,0.46033588044123985,1.0008360614454794,1.0,0.1722228427462379,0.027466080141162977,1.1837639235309263,1.551707650722773,1.0,0.0
4850,hif1a,tbx3,1,0,0.0001,6.903917146537687,8.467613363548276,3.613074885806335,5.048643847419216,15.499467658910294,1.5155444356607424,9.999881904363425e-05,2.3718159697306023,0.59622985021409,4.2898274042972835,0.4560331317895136,0.33334381334901525,1.0,0.17362000960299195,0.05683534194983452,2.369274911486327,5.881645356188168,1.0,0.0
4851,hif1a,tcf4,1,0,0.40354845696699426,10.972232463172244,6.942064611150575,14.107838058201736,4.455768568506502,17.92843816608935,2.418650706982506,0.38137857739257564,6.172011302578176,0.6418506335059888,1.2708140036854527,0.4478912185562029,0.5402321125278563,1.0,0.26374420518538505,0.05084654793875812,1.855172987889923,3.271731479166187,1.0,0.0
4852,hif1a,thra,1,0,4.821166377704314,4.479919000036017,0.0001,0.8589795179917724,5.026492479848088,1.2625247178459933,6.092530889355932,9.999792585615135e-05,0.7207776379901386,50264.924798480875,1.4697960677778188,0.45965104033921406,1.201024416557737,1.0,0.1435369257807493,0.0215855535667114,0.19958891411818194,0.6606620889089673,1.0,0.0
4853,hif1a,usf1,1,0,0.5214015795492586,10.26572572711065,15.185371744858545,1.256486436630032,4.616034006162621,10.842620835320687,1.1609346108745182,0.504093148241219,1.1194677684264176,0.30397899265953204,8.629317849543376,0.45386918459187753,0.43394931042710944,1.0,0.3312899631968139,0.05863281030388163,2.591857657166855,4.710031872563806,1.0,0.0
4854,hif1a,usf2,1,0,1.2687786757426553,27.80837520843097,40.8416995956258,136.58542047899462,5.408312322619522,69.9242355668353,6.09036241949029,1.2305506765818428,23.104391530097857,0.13242133349413204,0.5119450913693158,0.46334889344761426,0.6899356483457245,1.0,0.30308248441182506,0.05163076037778287,1.955742203176134,2.919395357578817,1.0,0.0
4855,hif1a,zbtb7a,0,1,3.73385323947671,2.2858007521555592,2.285899745931123,0.944485396133873,5.457655072982683,3.0496126885570316,3.6048679596825717,1.4178678414469292,0.6683325655301393,2.3875303729733774,3.2288616648179223,0.46425223608752186,0.724093906309883,1.0,0.123237421105887,0.02613863522835376,1.2722288944529379,0.7986200340832372,0.0,1.0
4856,hif1a,zfp148,0,1,0.00010000000000000223,10.998264486183155,10.733869118238449,1.21918394759394,4.4440834225182195,2.7746819234772917,1.1108630681751126,9.999906837816785e-05,1.0975211056243088,0.4140243721592485,2.2758517522750585,0.4507654302398352,0.8191601904078816,1.0,0.20177557280735736,0.03887301783297024,0.5137248982494914,1.422959614039964,0.0,1.0
4857,hif1a,zfp219,0,1,1.1058809059220032,11.156735224360062,5.419936030292915,9.01707642847987,4.208909380813634,9.837987685198899,2.1771661123959825,0.918475621643187,4.986719215067433,0.7765607116558843,1.0910396250081935,0.4448784241305016,0.5285796314776712,1.0,0.2132499275325947,0.03680618950664762,1.9000615012916207,1.800101707916117,0.0,1.0
4858,patz1,pknox1,1,0,5.29297224811478,2.901907595198596,8.55857500137877,5.891846507475875,9.60628317240707,1.3696481856723142,3.9055510395638744,3.2704144273386535,1.9442884040376591,1.122416193216688,0.23246501481911228,0.43764366978489355,0.9821879575249578,1.0,0.20443489447632132,0.030329403737829035,3.421110484811476,1.0051528589376972,1.0,0.0
4859,patz1,plagl1,1,0,9.627609807183584,2.1198369175306717,30.459217224436625,33.04193591196899,21.555759652410316,4.300120317489451,4.430865464214352,7.3153571929703505,1.99203595087532,0.7076925021932835,0.13014129465494761,0.4499286316676156,0.9800061371751636,1.0,0.18010031894825215,0.0334841908074705,2.3845302002388693,1.3038564190992967,1.0,0.0
4860,patz1,polr2a,1,0,9.121418359333651,0.6782567517822252,30.318201977116324,26.043524823527008,21.50987220327692,3.564692479129081,4.436454145950607,7.0118576643719015,0.6610411248959086,0.7094705754487755,0.13687442476714345,0.4508889471636475,0.7685434582532543,1.0,0.17372003783199713,0.03853007319858465,2.497321521299117,0.7889532040599723,1.0,0.0
4861,patz1,polr3g,0,1,1.2440739457330412,23.07771652403578,21.797297793818096,0.0001,9.435747927331725,9.83183824181567,1.0570792687536752,1.176902598473578,9.999956668344296e-05,0.43288613187675884,98318.38241815669,0.43655001976248387,0.655057362963829,1.0,0.34071444377089083,0.06527747664078948,5.507496641708827,4.263561645127017,0.0,1.0
4862,patz1,pou5f1,1,0,0.72704530890533,18.72401954530153,27.048322862386403,78.05619373868426,5.787918983119987,2086.1893395043985,5.30560942035896,0.7080142423163515,15.101492832076714,0.21398439424755275,26.726762343658752,0.42181018698799616,0.26783205417281575,1.0,0.44927905710119953,0.258314374036212,13.830371045787992,152.12584553994486,1.0,0.0
4863,patz1,pten,1,0,0.0001,10.295762670173282,11.813401486201897,1.593051452440907,6.4577698215037005,6.941415830517687,1.1415428497584994,9.99991535109204e-05,1.3795892093651398,0.5466477905661975,4.357307995220056,0.4236849563894124,0.6205501801332587,1.0,0.21193674703845447,0.043159109435434176,3.050991655359334,2.216009036826023,1.0,0.0
4864,patz1,pura,1,0,0.6524299758244958,12.66014185628511,33.01759936035614,57.83159374286087,5.926511178776741,49.51671652613165,5.668156470697774,0.639787727458619,10.386411603242454,0.17949552037670663,0.8562225821805981,0.4233073964497041,0.6757250562752493,1.0,0.26471552686549665,0.05182487480016979,1.8239561618385105,2.8259600892007115,1.0,0.0
4865,patz1,rara,1,0,12.973734422620463,1.871479710864074,11.151835625990897,27.40122461770343,11.914917041621825,2.866201431347747,1.98657726942804,5.996996275934669,1.7518311717723913,1.0684265300550577,0.10460121660022256,0.4391601858230702,1.0257684367885485,1.0,0.2222127097415352,0.03778858093354287,2.7655658900973155,1.2262110398976696,1.0,0.0
4866,patz1,rarg,1,0,0.00010000000000000002,3.781324020547147,21.106417525456425,25.417267545693957,15.573445619421557,1.8709827044864227,7.721826997085801,9.999952621269769e-05,3.291628779051375,0.7378535746598608,0.07361069403400106,0.44525731471189356,0.8020167549306063,1.0,0.19610079380115222,0.032083720367263015,2.0551198017325456,0.6118625726119071,1.0,0.0
4867,patz1,rela,1,0,4.637400699426296,2.5248637257916737,6.346735194252774,21.327829162393375,7.709231573796322,1.2851694713132802,2.5931423924162935,2.6795329658875073,2.2576009532526324,1.214676733445149,0.06025786598006773,0.4333914579504178,1.0461457327427148,1.0,0.2093885731818065,0.03245767915938417,0.9910329398817299,0.8343820599308296,1.0,0.0
4868,patz1,relb,1,0,0.2837535683972121,8.48709894118569,15.413094111321556,10.445060602880465,6.468246269812585,11.569789109654002,2.2717655238865655,0.2786241252618122,4.682416846160157,0.4196591692164775,1.1076804194380037,0.42718017238134676,0.6415765009787541,1.0,0.22077046838163109,0.04733960224924773,2.4876708051031846,1.9919824362963054,1.0,0.0
4869,patz1,rest,1,0,2.4510688605224162,31.008356869164736,43.65211653031156,12.724474483667167,14.197463150868986,89.24936596079328,1.4895478838663723,2.3207581562165682,9.02217015355861,0.32524111725511456,7.013992292990303,0.44220858197317287,0.28656847758415593,1.0,0.39876002974974706,0.11855259774137993,9.239383049520214,30.899258424644273,1.0,0.0
4870,patz1,rfx7,1,0,3.893101324066963,3.2836866646093226,4.4117079702979325,5.419411135325603,6.641578258472674,1.509605857504025,3.356425229745959,2.068106025290388,2.0447487186961193,1.50544376535969,0.2785553300549371,0.4257757396449704,0.8593896711529766,1.0,0.15116937198188996,0.025960106037897446,1.6597315381396796,0.7761792810684374,1.0,0.0
4871,patz1,rxrb,1,0,1.611176245745991,19.413399192609283,31.997882132622664,12.753428592513727,9.554823034262123,6.9760127875409115,1.740370687209627,1.5339384705714594,7.696979074057592,0.2986079826989779,0.5469911668800841,0.4375005851027441,1.1618004623724492,1.0,0.2640374376110767,0.039468168487536905,1.9012137880158546,2.0495360301916787,1.0,0.0
4872,patz1,sin3a,1,0,4.16987373326194,6.679733159729252,3.4533998456000057,5.864494494548756,6.676904711690799,4.840997477741663,3.910452264044614,1.888983932906166,3.1228114970416336,1.9334293769074777,0.825475662436299,0.42884250084408626,0.6094766081656601,1.0,0.34126086879304973,0.05606276589357593,3.557946948027058,2.947425811941227,1.0,0.0
4873,patz1,smad2,1,0,0.00010000000000000002,1.604072527164653,15.019882706822893,8.514728041902496,9.986521424616265,1.7838312838913815,6.308235922769003,9.99993342202721e-05,1.3497885678315553,0.6648867783820851,0.2094995019350976,0.43752219347729654,0.7456929728586973,1.0,0.23980044300707049,0.04305950519016555,1.8681745343377327,1.2090917880152494,1.0,0.0
4874,patz1,smad4,1,0,1.1367466363698289,17.448866972794544,25.928272975481416,7.5823028690221275,8.860539641406431,4.919154654105202,1.4974373837135744,1.0890026135008304,5.285513819173682,0.3417327351414895,0.6487678926942698,0.43723886593204775,0.9533264442713082,1.0,0.2178055021296126,0.040021619513946595,0.897095178837833,1.7411260781633993,1.0,0.0
4875,patz1,smarcc1,1,0,17.7032500133284,1.030957017545908,8.663498582723719,26.24870062744424,12.050997295731706,40.56708637580382,1.546708683416,5.816875025047214,0.9919949313694948,1.39100816842784,1.545489315893566,0.443044982698962,0.21795582265298985,1.0,0.32965899386442254,0.09013572959352026,7.206747131535208,11.679067391129976,1.0,0.0
4876,patz1,sox2,1,0,0.0001000004387670117,11.912820430210676,7.154030940398804,225.80821865116772,5.112556791242668,1096.9857556611983,4.127824930284305,9.999904096092786e-05,11.315837970640226,0.7146400167732105,4.858041758683018,0.41324976019540366,0.36201298180028246,1.0,0.3608371861404606,0.12428329680739213,7.201562236329993,20.42685029986834,1.0,0.0
4877,patz1,srebf1,1,0,6.436238640391496,2.0812262811169444,6.5834620855499875,22.89259238312538,8.517262019401594,3.1448078581846537,2.2067788498386656,3.254508990221443,1.907784530319989,1.2937360174210004,0.13737229080716779,0.43336553426018265,0.5263010757864882,1.0,0.3019901292798084,0.052339751605348,4.01766097942866,3.0413891891267677,1.0,0.0
4878,patz1,stat6,1,0,5.137107366651697,0.8406892475513531,15.59090178847457,9.336339052543856,13.369673448083066,2.265106971635644,4.398278335090183,3.8639570173341107,0.7712428050233464,0.8575304770354255,0.24261190161238563,0.44505015912953116,0.996271090583467,1.0,0.09880835626543712,0.026395097107596428,1.1260400538099002,0.626400921485803,1.0,0.0
4879,patz1,tbx3,1,0,0.6761062001999741,15.913061005138744,23.20591161623363,7.479203856098556,11.682037711158628,23.543362636498312,1.499779691370028,0.6569654560022918,5.087879601995495,0.5034078343634857,3.1478434188287316,0.44093887164590284,0.34748021882119307,1.0,0.20303806862055016,0.05734229963409152,5.1564267567180035,5.061703850771494,1.0,0.0
4880,patz1,tcf4,1,0,0.742084376821929,12.44321650348163,22.597766845960518,14.22651294898938,8.59678890755856,18.198120069900693,2.2136987126781547,0.7184900009595134,6.637621916238004,0.3804264804641653,1.2791694025902143,0.4334674866254095,0.5400433933496209,1.0,0.24822742725479374,0.05194598755352659,4.41955174150832,3.032854496591643,1.0,0.0
4881,patz1,tcf7,1,0,1.0761733143989385,11.679559313757043,29.65187122548267,19.08441796227576,6.76266534531456,14.031023414467844,2.729598958721507,1.0384830213794383,7.2454087961045985,0.22806875471328636,0.7352083486225789,0.4264063865742089,0.6198476611627246,1.0,0.3253024942484088,0.06378282440120231,2.910918843588633,3.7261188831972225,1.0,0.0
4882,patz1,tcf7l1,1,0,3.740144683498377,3.146396878908278,4.895768776673095,3.3379485488368217,7.092288341614604,2.9809691513660743,3.6319782353971513,2.120318093292664,1.6196717175304445,1.448656720760033,0.8930542540581866,0.4294803611011201,1.0121760460242357,1.0,0.18420373043060775,0.040455233287065136,1.9235421648678794,1.6440989062509703,1.0,0.0
4883,patz1,tead1,1,0,9.00094426972802,0.8263031732647642,0.3413663002141693,16.278363644790545,6.715364029623472,1.5151871035414077,1.0906115687579212,0.3288928387455648,0.7863855916240219,19.672018079729398,0.0930798166575117,0.427833181169956,1.0154053741267572,1.0,0.17894553165379473,0.030035852862394616,1.211167761343581,0.9689584215923195,1.0,0.0
4884,patz1,tead2,1,0,1.1968412359232607,12.423705015400724,34.833311982951585,27.63285154885656,8.149986578347214,30.912957426676368,3.3349845098682476,1.157084842568377,8.570442040534353,0.23397104996320905,1.1187031266758836,0.4318770767234162,0.5305119653494702,1.0,0.33114046440781014,0.06142680930860271,4.504823111446334,4.332794993869878,1.0,0.0
4885,patz1,tead4,1,0,4.016792804540039,4.296253550723809,2.906256636745921,3.1452168085910213,6.211388710641384,3.538866548457329,4.076198143862211,1.6862266903671468,1.8158573815712344,2.1372471488258364,1.1251582208231468,0.4221401499518351,0.7049650833613386,1.0,0.2264355186774395,0.04012132146364366,1.2385242808666728,4.861333313807689,1.0,0.0
4886,patz1,tfap4,1,0,12.270010177905474,0.42001992479089056,20.946309995063537,5.003925882308177,17.35453913219152,4.012589169168189,2.9343448884179715,7.737504801574773,0.3874943901532759,0.8285248874995883,0.8018882100862151,0.4477869760771788,0.6153803078633323,1.0,0.2772845962801974,0.04873624382749805,3.7319958645432787,1.5258700790907556,1.0,0.0
4887,patz1,tfeb,1,0,0.00010000000000205778,13.221578516331766,13.325857661979073,0.1562195011761598,9.3283793577434,6.97419387668636,0.9804708873554571,9.999924958694663e-05,0.15439524485865602,0.7000209363153296,44.64355489665762,0.4375959962614417,0.8968675730923588,1.0,0.20798271718321387,0.04504448649848754,3.0030245322628355,1.6969830443772926,1.0,0.0
4888,patz1,tgif1,1,0,0.03391894486814208,12.421423840999251,9.658990070834054,52.40384165808619,5.277272739448227,111.19192115879137,5.237153941112483,0.03380025038549458,10.041306011170674,0.5463586462712384,2.1218276683658717,0.4153467879907342,0.3246542939230129,1.0,0.3248023034384561,0.07725650826024896,4.115443786080222,9.712825594778787,1.0,0.0
4889,patz1,thap1,0,1,3.9325768880553698,35.28546261210171,84.9562871494346,45.9414658413656,15.361872151307518,17.18691128333903,2.408552112447066,3.758593778383222,19.95724701346202,0.18082089821423833,0.37410454735347104,0.44290200704664334,1.001917481348263,1.0,0.2603898011494673,0.04519873857413368,3.313166786363381,1.2449104229931032,0.0,1.0
4890,patz1,thra,1,0,2.256888358756081,4.285812410699268,12.643331896511995,24.09813033582371,10.746659865177929,1.3672883325988954,5.064984854623031,1.9150447499619183,3.638679340296145,0.8499863764663715,0.056738357438722825,0.4396141609534942,1.2056370614378398,1.0,0.2513733044027028,0.04609244565044882,2.80489596875459,0.4182768612866067,1.0,0.0
4891,patz1,topors,1,0,1.041217504481042,14.04409844613378,28.386126831665038,22.311356055890407,9.223756370936634,35.25407551833066,2.683617688485982,1.0043764671365316,8.618868480882885,0.32493888390040704,1.5800955993001264,0.43373983249441994,0.28844717642327794,1.0,0.2756299657203672,0.06239232507978243,5.465519783987288,5.883888023574568,1.0,0.0
4892,patz1,usf1,0,1,1.0266521664708517,19.096699987435738,20.587491694950188,9.999999999998899e-05,8.990176544133623,12.486947178516115,1.0496741737642097,0.9778871227255568,9.999947635204764e-05,0.4366814897775421,124869.4717851749,0.4355555891210589,0.4400759576267032,1.0,0.31308432725607316,0.0684407434815962,4.748442030695524,3.767546678174646,0.0,1.0
4893,patz1,vezf1,1,0,0.4873177657272244,6.063702562066723,15.912146209455706,12.672880338887103,12.756716041109886,1.2982400566531993,3.1845892640445315,0.47283688969659643,4.101312250258973,0.8016967587646522,0.10244238262626941,0.44428391275947166,1.1228532960428999,1.0,0.134321474959043,0.023621303275268533,1.586759504095938,0.8137311148151091,1.0,0.0
4894,patz1,xbp1,1,0,2.9764879256421617,36.28888006576841,54.64007342783362,19.372844833379222,17.228416784802288,19.17984147995588,1.6174063961460903,2.822721713924997,12.630202243373262,0.3153073505209849,0.9900374284167702,0.4484761705792131,0.6975628250711035,1.0,0.24946073249422138,0.05355290072603869,3.0610220236849663,1.8390548191531355,1.0,0.0
4895,patz1,ybx1,1,0,0.7091961056540301,8.575295215150673,34.437622238798774,32.83175439159502,6.264932632496935,1511.0526293290843,4.899449530907825,0.6948858738900724,6.799373271293891,0.18192117298500987,46.02412077363481,0.42203438897251366,0.27382128157765834,1.0,0.4622597045051867,0.2894405602731,19.055211890393558,233.62202048771616,1.0,0.0
4896,patz1,yy1,1,0,1.1943424708626624,11.494391507370196,74.74423023015645,90.2391423053357,9.468061082921285,124.7867029690423,8.887898638282072,1.175558157608284,10.195694497906803,0.12667280208474585,1.382844514931342,0.4370588680663244,0.46666764572643055,1.0,0.30982970788699943,0.07228870568249411,6.458405496017388,7.908150399140906,1.0,0.0
4897,patz1,zbtb7a,1,0,8.509715519418013,0.29839166180346216,17.724266433082185,1.4786777240425777,14.565497046860553,2.9507631329498722,3.7049301839231203,5.749354612235093,0.24828805609003524,0.8217827858688799,1.9955417498836323,0.441108010814093,0.7190218602386578,1.0,0.19454674965524144,0.03457173246754462,2.218337872538771,2.188208401289975,1.0,0.0
4898,patz1,zfp148,1,0,10.585018226574487,1.1845950492246367,0.0001,15.314313865245772,6.552413298207561,2.5908173792228864,1.0773624207971249,9.999905527743895e-05,1.0995430353052928,65524.13298207561,0.16917619698930647,0.4274350053581128,0.8188347222222223,1.0,0.23634790593708335,0.04222050847359797,2.396500708145884,1.875748774629382,1.0,0.0
4899,patz1,zfp219,1,0,1.352271031211451,14.0746246715501,35.86244761109885,27.858861910218852,8.577139201176198,19.268659427573336,3.0917115213001782,1.3031335660211416,9.350594408559024,0.23916770250008568,0.6916527850157956,0.4321824489046644,0.5415495242214532,1.0,0.2889794323515363,0.05466993454039768,3.082620548310296,1.823000061613766,1.0,0.0
4900,patz1,zfx,1,0,9.965646871906891,0.6120205906250584,0.0001,13.186813966370432,6.772244252035959,2.7173176500343734,1.0464220675505629,9.999899656291409e-05,0.5848756022710128,67722.44252035959,0.20606324294588452,0.4290019852825434,0.789887260818903,1.0,0.19629920206173285,0.03122085451958872,1.6600721226156356,1.0601661894038412,1.0,0.0
4901,mga,tfe3,1,0,9.21171882265904,1.0507782932393774,7.387347879534831,16.448063446682273,22.709207529083844,3.4237465055395218,1.9170680824630402,4.0996384153602605,0.9876806872404559,3.074067703240991,0.20815499141512148,0.36016359646757723,0.8744589316750485,1.0,0.23196539376935463,0.03926842680671965,4.056729598604342,2.6914117967416287,1.0,0.0
4902,mga,thap1,0,1,2.5906299717136294,11.654211490812756,91.01445246409985,93.55997949546864,21.477476773265018,33.695592411260755,9.164577084525089,2.5189312618177957,10.363314852256638,0.23597875053675338,0.3601496344159922,0.3593345009861933,1.0280796638177219,1.0,0.25086405926513206,0.05052629745313134,3.580055160571922,2.355542670180828,0.0,1.0
4903,e2f1,elf2,1,0,9.280514344880629,0.36115748939349773,11.194299641244847,5.8391268034552,22.128124012004402,2.2382585782650786,2.3426727782961385,5.0739830150283165,0.34012059398928934,1.9767314366389137,0.38332076928704967,0.6845253031713683,0.827134424017541,1.0,0.2189925765651583,0.04471668701547835,1.9576821199167185,1.356987614972365,1.0,0.0
4904,e2f1,elf3,1,0,1.550588822868641,3.483954193547598,253.2407431678601,284.53196298506214,345.3792005072017,15.287208835708784,54.26091062599647,1.5411523727397465,3.4418109087540336,1.363837414891283,0.05372756253929671,0.7183876719542502,0.6813379262873521,1.0,0.2693384759093031,0.07167842587565774,7.89844403468755,4.032863338400491,1.0,0.0
4905,e2f1,eno1,1,0,4.105699930421308,17.68067497094642,51.30379988587418,19.120653995043117,12.734408175502804,774.127923037116,2.2474441998282337,3.8014782360449213,9.18624620406274,0.24821569169984725,40.4864772532259,0.648142260814086,0.28509326992833317,1.0,0.5734662230705257,0.28801821759565815,22.79339212676533,230.1946798381818,1.0,0.0
4906,e2f1,erf,1,0,13.187452295152195,0.00010000000974930146,88.15852728390124,9.357701948526,123.84276496420516,3.6134894721523674,7.592350708129544,11.471460217723411,9.999894112207415e-05,1.4047735231033094,0.38615137477439687,0.7056613877551022,0.6576657073393583,1.0,0.2681246739540311,0.05583814736123293,5.262433065467013,1.694718984891085,1.0,0.0
4907,e2f1,esrrb,1,0,14.882572363363376,1.1048107094862136,10.466534332630046,24.795023993419385,22.11815635413803,4.185610022311214,1.779168644582965,6.1449484775577545,1.0576827367482835,2.1132263699917706,0.1688084683209856,0.6795752434868871,0.7489580592461941,1.0,0.2887424824408932,0.05131163919590952,3.3060185653926775,1.0290560282691583,1.0,0.0
4908,e2f1,etv4,1,0,0.8846911713483636,7.063928446077666,17.520517804128172,9.883311761503386,19.141081703373715,19.392944013713173,2.211306295017266,0.8421663366831014,4.119550218112045,1.0924952057560597,1.9621908608864165,0.6823742561381396,1.3370257817860993,1.0,0.10783725114242153,0.04629060516043789,1.7629952077304456,3.709033863930547,1.0,0.0
4909,e2f1,etv5,1,0,9.73852214613755,0.5563971256384269,63.767524876565574,51.96808649754002,86.72870875216248,9.224819060009537,7.582553079388364,8.448304301046253,0.5505031550543527,1.360076448318211,0.1775093077642219,0.6878284023668639,0.3842466386133456,1.0,0.27556550754067366,0.06401005605527803,7.145228082870138,3.1931239904095077,1.0,0.0
4910,e2f1,etv6,1,0,4.162388568532583,0.052283198673125454,130.39482884802814,99.34358491078162,173.0517884502608,2.7323809491067785,30.706185328152813,4.03362937650935,0.052255697199316865,1.3271368962947776,0.027504352209160483,0.6984700139445216,1.117322789160156,1.0,0.18395482343126454,0.04128217954233138,2.9892102601302746,1.272756723760122,1.0,0.0
4911,e2f1,ewsr1,1,0,23.31063946996333,1.8109469797450313,7.166878866143451,29.81293480996488,19.772220459200753,48.631068706588024,1.3860348490490146,5.481566036026228,1.7072427923446478,2.758832795766273,1.63120702529203,0.6732350268639834,0.2434302663250209,1.0,0.47387008266967207,0.1344736377158498,9.761407712765777,29.30949843878618,1.0,0.0
4912,e2f1,ezh2,1,0,3.730165395531503,15.967592113583324,32.8151542173785,8.472374835286159,11.26385854410148,67.25475892622971,1.7045843532568523,3.3494289831700863,5.535335865480574,0.34325173270513776,7.938123635196571,0.6404958677685951,0.32976745281763503,1.0,0.5100377917846725,0.14708084669509358,11.141447008689934,26.116624804271076,1.0,0.0
4913,e2f1,foxj3,1,0,10.105955985577584,0.35735507085737866,10.46770532094932,17.120641171643822,20.815451068430004,2.5778737641955307,2.078288335841958,5.1418251553480125,0.3500485899029459,1.9885400314786703,0.1505710994320208,0.6752909084687807,0.829978714026534,1.0,0.20312638721398785,0.03790855283181812,1.8842584043936583,1.2624096275740213,1.0,0.0
4914,e2f1,foxm1,1,0,5.211471518060964,0.5450954450716663,159.55790191828237,0.9844996842807217,213.07186221988982,1.8661628957784857,2.407119654862157,5.046638486186547,0.3508420517808032,1.3353889695103578,1.8955444329491176,0.7056090525354449,0.9299812030075187,1.0,0.18945203082860726,0.04382340206575135,2.2630270825973784,0.9517037973589988,1.0,0.0
4915,e2f1,foxn3,1,0,6.999694126858549,0.9539033203620119,60.576001523464384,1.8479848480372332,82.98976029315125,2.2715978271311976,2.607082084746665,6.274644722659867,0.629146766956268,1.370010535624488,1.2292296820203308,0.691099211153721,0.7501986783224615,1.0,0.235936835930907,0.05418163722610558,4.931684972922675,1.779456962157783,1.0,0.0
4916,e2f1,foxp4,1,0,4.866346882325489,1.616723397936784,12.242152472956914,21.53022376070537,22.081022063173794,4.866528463287203,3.7757152253719077,3.482161660270512,1.503801614881675,1.8036878818452131,0.22603241458962742,0.6786970163801146,0.5965229079595894,1.0,0.3593083059430018,0.06419703046983083,3.6827011577148867,3.4586506437377844,1.0,0.0
4917,e2f1,fubp1,1,0,22.388840074913556,3.021056859634511,35.666615672382996,61.90801444718603,51.47748368572644,92.33038941704748,2.719592035019213,13.754678936261273,2.880491403122491,1.4432959986608977,1.4914125455568423,0.6812259209425819,0.22690904557136948,1.0,0.49968079813222355,0.16628789990642442,18.979313810420244,39.13234873270905,1.0,0.0
4918,e2f1,gtf2i,1,0,8.581245832923685,0.7046142990009883,11.812194810366732,21.695567517716405,22.84690927609372,4.3704766491908265,2.4536956284711917,4.970389708491468,0.6824501346911196,1.9341798575860427,0.20144560153229155,0.6914585118063857,0.5571038033216793,1.0,0.3379038526551066,0.06533809635463562,4.896009103127707,2.2385208588045544,1.0,0.0
4919,e2f1,gtf3c2,1,0,13.4202273133311,0.7182867144808106,14.589802448999416,24.09883187290691,26.945746541576913,7.366911720950396,2.1493595056976167,6.990298367532899,0.6974972016941875,1.8468890607511195,0.30569580134847285,0.6873422343374532,0.39962087151227915,1.0,0.32966025123001375,0.06224248054958574,4.198358595639024,2.876531161194341,1.0,0.0
4920,e2f1,hbp1,1,0,5.500072892103013,0.3427694563549618,276.53018853468205,1.987109594166625,372.5930817472203,1.9314931427463882,3.2364116572703665,5.392812055392058,0.2923415596005901,1.3473866405746517,0.9720113819673032,0.7152066238586997,0.9762539525079049,1.0,0.14788031244242772,0.0411811615690494,6.231159900879414,0.6702643617417583,1.0,0.0
4921,e2f1,herpud1,1,0,1.8883331133152115,0.00010000000000002352,318.93904500797476,129.5348992658741,443.6546762530547,3.1882498769989596,148.074856012891,1.8772187191268992,9.999992280081051e-05,1.3910328108054677,0.02461305713802259,0.7253488044749508,1.424564484987426,1.0,0.1598283080722439,0.047444784333156784,3.864041187066606,0.6937003673779492,1.0,0.0
4922,e2f1,hic2,1,0,9.970416845663042,0.4403642334863448,9.435091457647552,18.308779193874788,19.4130698929935,5.090081715835853,1.993121397651363,4.847685169558372,0.4300213258817754,2.0575391325177206,0.2780131685425942,0.6700000554565583,0.43790270588885405,1.0,0.33470544014344966,0.06316260237923499,5.486512192047493,2.282317871582369,1.0,0.0
4923,e2f1,hif1a,1,0,10.053044088488123,0.4948316471722051,10.347991245937317,15.657388507815337,20.18676688951072,4.792011077379584,2.0934737464144173,5.099192786905037,0.47967222285197947,1.9507908742613371,0.30605429985898774,0.6691916000085993,0.45173248498841134,1.0,0.32479966817768835,0.06518473838568319,4.2683807758522985,2.8744066922024434,1.0,0.0
4924,e2f1,hltf,1,0,4.9592535546837215,0.569342559445574,473.1828044273398,0.4519082842077565,652.5929734564188,2.128533876992188,1.7479322880003565,4.907816548862812,0.2519367506665588,1.3791561471600953,4.710101477169721,0.7200643951859406,0.7490620912925368,1.0,0.2296389742131739,0.04985665159901956,4.745397600540317,1.2124801444219888,1.0,0.0
4925,e2f1,hmga1-rs1,1,0,17.394054739049572,3.2820153190071855,8.106416506920185,32.94032664257207,19.304622982308906,10.330877194000527,1.612114924647374,5.529444969813635,2.9846401640372715,2.381400334639748,0.3136240057998971,0.6670471499047169,0.594900532995049,1.0,0.4603301068647569,0.09008415565420284,5.654248362447486,5.38473853184999,1.0,0.0
4926,e2f1,hmga2,1,0,7.238330392900519,2.7323134374158644,9.638369536479914,21.56685317120187,18.37596210151686,11.280243962649173,2.6269615926221235,4.133847461046268,2.4250791671822656,1.90654259851382,0.5230361552102388,0.6643893432617186,0.583387450784704,1.0,0.3776098960271765,0.08801250528747327,6.9027002351705935,6.342675117770055,1.0,0.0
4927,e2f1,hsf1,1,0,6.518339762447169,1.5572757191218507,7.160039803220203,17.357269553939716,15.252675966277668,3.223988746111784,2.286715596373351,3.4120687999607746,1.429061816521699,2.130250164170572,0.18574285178281455,0.6603996084015664,0.793886604398457,1.0,0.3176051473785079,0.05442107530919719,4.113373328075672,1.6347969224818883,1.0,0.0
4928,e2f1,id3,1,0,7.96747924904775,4.513119808208585,14.676331409293091,32.68900820357232,26.05343550227933,21.803472946581564,3.2343787569796754,5.164032137524434,3.965617514877552,1.7752008165870545,0.6669970777577411,0.6970071427351369,0.7989104339613659,1.0,0.30707916186262946,0.07711040688384437,6.4473004765968565,6.7970097410879955,1.0,0.0
4929,e2f1,irf3,1,0,6.5257192826692485,0.5223925009011778,15.939754337061753,0.32455116344433843,27.330334140320645,1.5323879174835855,2.1234180658129986,4.630143303411921,0.20018225660037367,1.714601967031229,4.721560388879626,0.6846982302560505,0.8973420388305398,1.0,0.28235086875409876,0.05128432855396718,2.970608372858273,1.1416850340326647,1.0,0.0
4930,e2f1,irx2,1,0,0.9968228762636926,0.6354171044769106,136.0365921662561,107.72922135050665,194.89812532054063,4.339809940488171,54.04718889058331,0.989571682484903,0.631691212872247,1.4326889715257447,0.040284426881432765,0.71616799225687,1.4103233083741038,1.0,0.1699568947421371,0.04556608637090109,3.2919201786998906,1.814518794596222,1.0,0.0
4931,e2f1,junb,1,0,0.0001,1.3866959396837686,11.01716681266099,11.810568125131299,18.165433932436084,5.6764408816010885,9.516907161986452,9.999909233386373e-05,1.2409895554141592,1.6488298889656698,0.480623863429769,0.6643210118417375,1.505449458893025,1.0,0.16823562239638265,0.03899691974192473,1.468896367557735,1.93567024506341,1.0,0.0
4932,e2f1,klf10,1,0,3.279791443572328,0.9071316155092233,10.024110882409571,12.413420185536765,18.48388526152674,3.9578894932539694,4.3010946186188574,2.4712292901714967,0.8453558137146042,1.843942617789921,0.31883956509145006,0.6697505906466416,0.7597282896896546,1.0,0.22302684043761387,0.04846663803002568,2.4732459664186885,2.1563554337891593,1.0,0.0
4933,e2f1,mafg,1,0,24.303275761023503,2.832078843201543,0.3921597495271985,24.62010644239907,13.752598574964344,19.807058973977956,1.1330233759629875,0.38593231251425203,2.539910096317963,35.06886821389742,0.8045074468024065,0.6512183024366048,0.3673199232418598,1.0,0.43621282889114693,0.09332282098866074,5.4931507413797895,7.977485712592209,1.0,0.0
4934,e2f1,meis2,1,0,0.7545306825129718,0.9921011393227268,10.457627316059108,9.579977689599861,18.353004563849165,3.8047926649485775,8.629916979604221,0.7037539675464154,0.8990007485128562,1.7549874373191356,0.397160910831672,0.6649854290908691,1.8047981647572588,1.0,0.18461424405908528,0.0395471773418704,3.42348641401295,1.809749310215187,1.0,0.0
4935,hltf,irf3,0,1,1.2813209833452799,1.219301486739624,9.999999999998899e-05,9.999999999998899e-05,2.3430760228273675,1.5994330074251208,10.550116481913781,9.999219616336545e-05,9.999179925551825e-05,23430.760228276256,15994.33007425297,0.7600649903721961,0.9012495738264761,1.0,0.16314885530316434,0.025613920310787266,0.12697197097820206,0.15102375537492568,0.0,1.0
4936,e2f1,mga,1,0,20.84617503973767,1.9465150789310237,8.809699059351564,29.35443865527475,21.206025818128406,25.220362178396964,1.507511684711698,6.192652694202497,1.8254669797363556,2.407122612845446,0.8591669040097647,0.6765228174403368,0.36361611779774433,1.0,0.3355804078097325,0.08661983066554564,7.728534573559077,8.368047087209062,1.0,0.0
4937,e2f1,mitf,1,0,36.27194050927837,2.55868749557976,28.243770951498387,62.19343468620352,46.67467711308585,19.937447179278966,1.8427536307702006,15.879176661227195,2.457580667271389,1.6525653459390368,0.32057157286574056,0.6954417393816246,0.5251508478938489,1.0,0.1613479835209774,0.046239122147295135,4.9203778740163715,3.2846008663779274,1.0,0.0
4938,hltf,klf13,0,1,0.2346684850988574,6.905040281932661,2.73785044469007,34.99453849423871,2.6158891137034606,57.26836960939751,3.9627383490316745,0.21614234642679753,5.767091340970312,0.9554536182854153,1.6364944952431886,0.7686186909297306,0.5968660546380126,1.0,0.20354250264628604,0.0497900715063189,1.6489139973426614,3.9886986839878045,0.0,1.0
4939,hltf,klf16,0,1,1.1473054946921546,0.9778200275186641,9.999999999998899e-05,0.00010000000000000286,2.2776303386314036,1.328163226778135,14.568501395829294,9.999128468526699e-05,9.998977421495028e-05,22776.303386316544,13281.63226778097,0.7582208358743577,0.9417575954541416,1.0,0.17460968501524893,0.03437207191151726,0.6838976130852287,0.38055264537558203,0.0,-1.0
4940,hltf,klf2,0,1,0.2485342234328325,7.895136462403716,2.6177026143885875,85.9399315339456,2.632279152025657,2034.421746093822,3.677452778735301,0.22698357576747383,7.230851978031607,1.0055684467582175,23.672601429642068,0.772036660671095,0.33409334591343837,1.0,0.3260117208007031,0.18248021708370038,7.645324384361819,89.82523968915815,0.0,1.0
4941,hltf,klf3,0,1,2.0065689318833977,1.2611857817421679,8.693017807212197,6.316219347765474,2.2390019734257534,18.128158975299748,5.017773012427194,1.6302629140362064,1.0512736087906926,0.25756325629152127,2.870096489241314,0.7598385910857464,0.4120829410625697,1.0,0.23333089436046048,0.04887603792264057,1.9147705747477572,3.8108329935102265,0.0,1.0
4942,hltf,klf5,0,1,0.5388448447273292,8.084963356398195,1.852411961003375,17.85700210296713,2.4723485554653752,48.62263125135204,3.8255195752856004,0.41742176461590835,5.5652378338008495,1.3346645387272313,2.722888812522057,0.7622531089978055,0.2918025142960366,1.0,0.2611933531125582,0.058840651084981765,2.420735725234289,6.4667964116143075,0.0,1.0
4943,hltf,klf6,0,1,0.4668504888628019,6.717174417367059,3.325982976247186,6.574893356315049,2.5973356141207335,21.913183920012255,2.2565744883916676,0.40938701703986574,3.3226361918949032,0.7809227024521308,3.3328576955495555,0.7636965549548307,0.6497384625039131,1.0,0.21905306844253133,0.05059056614057716,2.007264632904982,3.048364181642373,0.0,1.0
4944,hltf,klf9,0,1,0.6751667188585078,7.536315498660054,0.9686702290968936,64.12389339693942,2.305158275979585,155.03351418445826,2.3879885269038468,0.3978581337088991,6.74374103968675,2.3797141759262286,2.4177183569433396,0.7590918890504162,0.25800661776897577,1.0,0.23042188929383065,0.06623155053161627,3.6212340433176284,6.68222660901424,0.0,1.0
4945,hltf,max,0,1,0.6199730683041532,7.360897679809083,0.7540158940608235,27.02019894496739,2.227475746251059,37.38253424251353,2.4873030561234373,0.3402280223462325,5.78494984882651,2.9541495925964885,1.383503293911763,0.7592161243815256,0.4407332685447775,1.0,0.2936427782911859,0.05399477143809602,1.897552020984689,3.640292094701116,0.0,1.0
4946,e2f1,mybl2,1,0,4.694883516006552,7.488800422125594,85.38327226313389,67.63373308360416,9.610149155377679,301.4263267952979,10.01286827748853,4.450185664033273,6.742258350855448,0.11255306690239222,4.456745370282836,0.6289709213345578,0.2470514098159978,1.0,0.5089501160949612,0.15507049338181408,10.915522230643884,33.18787892260852,1.0,0.0
4947,hltf,mtf1,0,1,0.4751053801370147,11.034702342829943,2.2562403164631255,21.033481043254426,2.533933248898617,5.746068704307632,3.51807465794925,0.3924629220563294,7.237647351317857,1.1230777282053013,0.2731867679197321,0.7695101643598616,0.8637413273206856,1.0,0.13633682052059656,0.03454426588224001,0.7176511726604198,0.9857964994170928,0.0,1.0
4948,e2f1,myef2,1,0,3.408945512065394,0.6834156090231205,14.97345798963692,14.660324164875401,25.30644820540231,5.569882136182735,5.643765306577954,2.776769773829933,0.6529760355202539,1.6900871009834082,0.3799289888505732,0.688520867502195,1.4228037510710125,1.0,0.0918836188110097,0.03381851748161444,1.2088869672617668,1.609365968564136,1.0,0.0
4949,hltf,mybl2,0,1,0.6065576381052127,7.050236479692496,0.5641366235460058,48.56616429959692,2.173091320256829,235.74351945205066,2.074618484585727,0.29228927582175157,6.156510281608559,3.8520656691235216,4.854069141589739,0.7492022479380986,0.25155191997816306,1.0,0.310874656092791,0.09261714535918295,3.8105931156531048,16.997414651339422,0.0,1.0
4950,e2f1,nanog,0,1,5.5610612343526356,0.00010000000000003967,136.67711336450995,81.0776723983449,181.70151716039913,28.221318897611194,25.535267840221554,5.343641388102253,9.999987666167326e-05,1.3294216762963944,0.3480775663977657,0.702044273399161,0.2232697835538565,1.0,0.3240901743345179,0.11625912219252672,13.10962130168739,12.465216017906922,0.0,1.0
4951,hltf,nrf1,0,1,0.4580110796984498,6.551579746257843,2.1032358987072324,16.14749286563471,2.504631992451086,26.11643763159391,3.947532145690129,0.37610794778841455,4.660612749258699,1.1908469202102219,1.617367962253461,0.7673832179930794,0.49182265260032015,1.0,0.18851472556459906,0.03943161184614698,1.420817911475901,2.546285271693984,0.0,1.0
4952,hltf,pou5f1,0,1,0.5021982936411133,6.234483909599755,0.352913465787394,91.95051277774093,2.086387730169154,2504.334409727969,1.7608153952095904,0.20726242899507039,5.838610905266601,5.911896066403027,27.235676388029997,0.7464690301468944,0.2717972315588769,1.0,0.3350080345127022,0.1986966752293158,8.068629041582836,102.91941308860797,0.0,1.0
4953,hltf,rad21,0,1,3.8011895844070063,1.7605003570845368,5.244837430641518,4.04737048387091,2.245901235639702,13.209577547961779,3.4149342179891127,2.2039091172397525,1.226851866584547,0.42821179213651933,3.2637431143511533,0.757349782698299,0.3797012175556295,1.0,0.22885729201286453,0.05043670787618866,1.5635712703567912,5.035386089796891,0.0,1.0
4954,e2f1,nfe2l1,1,0,5.123425023799644,0.33544006834480267,18.168352051838514,0.16290438961183892,30.908785744479633,1.6536062071863527,1.8336471143315762,3.9964399986015535,0.10965238744526774,1.701243219874302,10.15077746601236,0.6894082429888696,0.8328035971149387,1.0,0.2284120130931777,0.040488957865463186,1.3762575378897723,1.2011026781642256,1.0,0.0
4955,e2f1,nfe2l2,1,0,16.366290510210476,0.6844386875241172,6.010269151240985,20.687559688479066,17.432158577279647,14.327882621036247,1.410273633163147,4.395930941217154,0.6625195244801163,2.9003956625936294,0.6925844728325046,0.6668626869704389,0.32113645476061997,1.0,0.35208473863212847,0.08696362552232295,5.735628574366438,4.6808099913287595,1.0,0.0
4956,hltf,setdb1,0,1,2.3274823036371837,2.816297204098799,13.998968392456115,8.171458308510152,2.365675315232932,11.341996032798624,4.043758742220717,1.9956787797371294,2.0944455090266874,0.1689892604163438,1.388001456360185,0.7656128992960382,0.4442825970989975,1.0,0.23926743997819233,0.049685296187519754,1.9076760117668683,3.80066483058631,0.0,1.0
4957,e2f1,nfib,1,0,6.267101644906631,1.2584357260381411,12.64560677148258,21.121230922490096,22.87167217691201,2.813460612499973,3.1975797725222663,4.190373015518179,1.187672362962164,1.8086654590976594,0.13320533366756443,0.6814722675265968,0.8148253630108938,1.0,0.28912257464975416,0.05776261110391575,3.2724537611290727,1.7821299935030321,1.0,0.0
4958,e2f1,nfic,1,0,15.925841559971564,1.4206531328587746,9.955674824659274,24.815778032504696,21.799554809719947,4.173922718574785,1.6891791119915798,6.126090045260028,1.3437274522591247,2.1896611926018807,0.1681963270749607,0.6866272189349113,1.2274819197896123,1.0,0.12933631177775598,0.032691489729099014,1.8113650639131857,1.0208321211436426,1.0,0.0
4959,hltf,sp5,0,1,0.4902272251252824,3.466992089671516,1.8904744583019615,12.56148941783351,2.502652427206698,105.15647473347035,3.467959816020418,0.3892810486568107,2.7170748785984196,1.323822396127266,8.371338082264353,0.7638696461508385,0.9021856961386178,1.0,0.1362725970138108,0.06746864096844914,2.62046250264906,11.32939478951482,0.0,1.0
4960,hltf,sp2,0,1,0.8295433486666339,3.3279334975898744,6.374469835183263,5.745756764265824,2.6000249258780546,7.357525956509375,3.081293949839052,0.7340212903700523,2.1073560869922425,0.40788096784574474,1.2805146925584305,0.7695319524552432,0.5791083064749766,1.0,0.12245384215055498,0.026843101901119354,0.4487147691627327,0.9263608438340307,0.0,1.0
4961,hltf,sp3,0,1,0.6330929638562799,9.326366409539828,0.7175501263217515,27.534619409966307,2.2218504687904743,12.507516008907166,2.569287076686848,0.33634047328417943,6.966659839810375,3.0964393807300232,0.4542469181317248,0.7520927419705711,0.5617901576738528,1.0,0.19287570875607774,0.03232442292629575,1.2399345805273652,1.5576174475759508,0.0,1.0
4962,e2f1,nfyb,1,0,24.626680633742176,3.1698474599360935,1.7099476884428233,26.634578652391053,14.7428181707972,21.280500260912753,1.1967108523813228,1.5989266017098664,2.8327185757430353,8.6217948481353,0.7989801730541868,0.655622295763042,0.3957181482398401,1.0,0.4074741061080306,0.0875887264660027,7.267213919994517,6.872597622905042,1.0,0.0
4963,e2f1,nfyc,1,0,8.173072420628401,8.934369165084567,214.72535734298174,317.2883591840408,287.00836883189123,20.39444943820575,21.62781656598682,7.873388331944246,8.689680657996284,1.3366300672791593,0.06427733274127494,0.7046528887247788,0.4352627305266023,1.0,0.46041882887723434,0.11147971121548828,14.541838722710363,11.06933876255956,1.0,0.0
4964,hltf,stat3,0,1,15.861921852844446,10.918288474529657,9.794878888932857,6.645792264120536,2.255064337204836,4.016691205128273,4.158318213757893,6.0555329971965275,4.131196967330835,0.23022891480085705,0.6043961420241319,0.7565235659471289,0.5009589246916754,1.0,0.1378771038986168,0.023249224740954776,0.6999859812120075,0.8486306421911822,0.0,1.0
4965,hltf,stat6,0,1,1.4100955239020525,2.0796461822394745,3.864443999120833,2.9531021395140393,2.404111386960406,3.1818790860158996,3.3026455147869918,1.0331205523714473,1.220289034454201,0.6221105513515903,1.0774700419063419,0.764871303136368,1.01836862360255,1.0,0.1118167121868179,0.026229543915776265,0.27121923209406956,1.0548977592893476,0.0,1.0
4966,hltf,taf1,0,1,0.6221394801411578,6.288855422677024,0.7129095405708087,12.070018345630173,2.2003804769527155,16.14789231428011,2.8444386648994318,0.33221938975833676,4.134600045878878,3.086479211922071,1.3378515137159084,0.7531786008230452,0.4761117082188655,1.0,0.178990334963245,0.04010294963491299,1.7135222335809712,1.8913358791589852,0.0,1.0
4967,hltf,tbp,0,1,2.068268015410479,2.5164447183531315,9.999999999998899e-05,9.999999999998899e-05,2.5470995093003594,1.1420124684216928,12.736018882692381,9.999516527042177e-05,9.999602629750437e-05,25470.9950930064,11420.124684218186,0.7717471870830012,1.1082215285386474,1.0,0.141365623890344,0.021296876703779832,0.5064678633240893,0.9531121279398056,0.0,1.0
4968,hltf,ubp1,0,1,2.792512625626185,4.065344204179185,0.00010000000000087717,0.00010000000000176534,2.392134804656393,3.2420292703004288,9.816454299406214,9.999641912470824e-05,9.999754024595562e-05,23921.348046354102,32420.292702431958,0.7622493257658094,0.6082827801439776,1.0,0.20214290968552118,0.03051013610166163,0.886617448165087,0.851856947405748,0.0,1.0
4969,e2f1,nkx6-2,1,0,3.169143393883667,22.321828402380536,55.43250884416491,23.7380673242619,18.251835769115836,169.07762675704254,2.1176832326821575,2.9977579556335914,11.504087385717499,0.32926230743815793,7.122636583991564,0.6604900207348591,0.4910261573430538,1.0,0.3305016922175642,0.1325647215446203,12.342028128982896,37.278761483001276,1.0,0.0
4970,e2f1,nr0b1,1,0,4.774120591586463,25.6012535958032,28.82166958524293,3.089918428515848,17.7609380055778,33.770402512906536,1.1922693009529013,4.095695488231419,2.7571472232548997,0.6162355707065503,10.92922136754502,0.6700313437186824,0.6534697600467948,1.0,0.33150373532945154,0.09122088271924957,7.326291011553202,10.5488380978686,1.0,0.0
4971,e2f1,nr1h2,1,0,3.9657645187019366,11.658325461849335,52.66314649462155,31.262340586844847,10.70068647505978,36.858806803144496,3.958783344135897,3.688039096539131,8.491632931490999,0.2031911723343882,1.179016225632659,0.6358693003088955,0.44645631361788407,1.0,0.37745710227846485,0.08124349972002141,4.786696384970463,7.013849966481144,1.0,0.0
4972,e2f1,nr2f6,1,0,9.999999999976694e-05,7.861689689274587,299.03465741213137,479.46783976755376,402.5463945778894,4.424889942042095,60.11448039400972,9.999996655883823e-05,7.734863463826409,1.3461529779242194,0.00922875232713686,0.7102061047120978,0.9892047810381188,1.0,0.37376800400144156,0.06630155376129991,6.959367950560548,2.0919045668201566,1.0,0.0
4973,e2f1,nr5a2,1,0,4.865292659792464,0.00010000000000021103,324.37101796772833,120.17947225673377,450.8553891032491,5.878949947538909,40.437718229837,4.793395752005126,9.999991679139432e-05,1.3899373375833,0.04891808756640222,0.7206711881334426,0.5209413580246913,1.0,0.13738340792805362,0.04052036405598074,2.723956935114362,2.510710254215768,1.0,0.0
4974,e2f1,pknox1,1,0,0.5747557186071303,10.635280209403543,18.411894892801556,58.38579390598356,21.282983225704236,1.358770192023142,6.692412299449235,0.5573569607728706,8.996517170980836,1.1559366023768245,0.023272273974917913,0.687877213500839,0.9773404299583133,1.0,0.235926393987779,0.041680048070045696,3.5105151596207835,0.1256830673597266,1.0,0.0
4975,e2f1,polr2a,1,0,41.89657940846632,3.502939372258608,4.119097456574816,41.68839176562776,20.78187658145624,7.544651365328832,1.1906037336135187,3.7503760769779597,3.231414193938901,5.045250033665663,0.18097727078906953,0.6873408491484584,0.7801815058921334,1.0,0.2901428617361487,0.053696618399933234,3.139741661073579,3.441857684350874,1.0,0.0
4976,e2f1,polr3g,1,0,11.386338171014213,2.4315165160198857,5.075143750205031,20.89695872682612,14.207973239791288,6.783073599317486,1.6139427807520024,3.5104556979074015,2.1780806396442722,2.7995213414826523,0.32459620981161386,0.6513925410506133,0.6371856061709691,1.0,0.4018279302892355,0.08708564838997225,5.092968768784927,4.967921078927739,1.0,0.0
4977,e2f1,pou2f1,1,0,4.760232335056134,1.0361595946046906,13.005858583908143,18.615147899564853,23.037337776678022,3.0498291046486266,3.9334199824935965,3.4847794519727806,0.981525738521074,1.7713046492125943,0.16383587823763243,0.6816759128971516,0.8243986994370356,1.0,0.2494169359449116,0.043382530183980854,3.5884822647701657,1.2601130192424985,1.0,0.0
4978,e2f1,pou5f1,1,0,366.4020655908266,6.315450956268986,63.51675198779629,361.89320221036473,92.8382473432515,2809.2823386761047,1.1840922515837633,54.1327064003025,6.207129436831503,1.4616340483072694,7.762738624316845,0.6645092252473092,0.2658332870726617,1.0,0.5915310860422169,0.29242511695725765,33.71202303120961,231.58894495293166,1.0,0.0
4979,e2f1,pten,1,0,20.07497613021067,2.437982387274087,6.900281247650847,29.77482698063236,18.899281828339806,8.336795180423819,1.4537506285621982,5.13518664151899,2.2534670271645645,2.7389147123204487,0.27999474810875163,0.6692484906200211,0.6297713866483393,1.0,0.37272647507489026,0.07171032628147181,4.559649619125774,3.4316760916385842,1.0,0.0
4980,e2f1,pura,1,0,15.126721811052747,7.772457772992626,110.9788027564104,181.92040454385312,145.5362872704103,9.995545628267863,8.62420183818459,13.312227850270187,7.453989808014332,1.3113881539148589,0.05494460972275581,0.6958965363301988,0.6442297611998355,1.0,0.39189093413429993,0.07487018891725356,10.757496561021565,3.587365753735919,1.0,0.0
4981,e2f1,rara,1,0,24.144328948012483,2.7487025167225725,5.556912954549436,31.195675456890683,18.36855595659881,4.5549547087069095,1.338544859914255,4.517249977299457,2.5261217544145937,3.305532425437851,0.14601237645908335,0.6692477065716825,1.0493787073801109,1.0,0.27422912826691304,0.056835539217159635,4.115558678523969,1.3415419487462037,1.0,0.0
4982,e2f1,rarg,1,0,5.567193865100186,0.783997722567116,9.692370853121345,1.3296478385956663,19.25877935859168,2.001088752084829,3.232604560919235,3.5360974279521815,0.4931956882599613,1.9870039694559931,1.5049765012954994,0.6724536592564736,0.8095202946267803,1.0,0.1796766635411597,0.03980502606299448,2.936702766486503,1.1174671013262076,1.0,0.0
4983,e2f1,rbpj,1,0,4.555831785334074,16.564985750049868,59.158675476656825,28.944723251641456,12.798373959608186,15.298012821535277,2.9589176621243736,4.230072328843039,10.535530521295112,0.2163397651568153,0.5285251024353023,0.650909712333373,0.5680736821477562,1.0,0.29962931239436974,0.06556084874658007,3.757413516269269,3.414091629416524,1.0,0.0
4984,e2f1,rela,1,0,7.3929392004830365,1.212996765896684,10.136007174796273,1.322337215485002,19.892953518684585,1.34868589968547,2.947175958366543,4.274922358402996,0.6326546236460744,1.9626025490737107,1.0199258433415594,0.6726236581931596,1.0373992507265148,1.0,0.1920753618408228,0.0381647998379984,0.9160307851165833,1.1029283075497398,1.0,0.0
4985,e2f1,relb,1,0,10.886174793745711,2.348112416457869,42.47168633369304,57.87452319969267,58.040959840637576,7.11718694148501,5.100296702779832,8.665156200872572,2.2565582713442836,1.3665800642955241,0.12297616546969331,0.678913115963016,0.621193576388889,1.0,0.33126895540959705,0.07261113100990618,7.386763311273164,3.059174612099888,1.0,0.0
4986,e2f1,rfx7,1,0,5.626211820745087,0.3425782941672917,10.762797670976624,0.20423622015433374,20.40356826217791,1.6183503946123012,2.241041508716922,3.6947796943630316,0.1279536187777451,1.8957494961741184,7.923914736521142,0.6711806905932536,0.8664451623299393,1.0,0.24853027443098916,0.0364250478031574,2.4741817525801855,0.802767535109142,1.0,0.0
4987,e2f1,rxrb,1,0,2.6421298711815426,2.5855824736231234,66.49859839192939,104.37662841060545,94.66567420977634,2.439878123474429,15.82541636379311,2.5411640521692727,2.5230815522917305,1.4235739774819893,0.023375713132601235,0.706403868519312,1.13232167655599,1.0,0.3398849405461648,0.06336544657182276,7.935247883903239,2.1293207252828044,1.0,0.0
4988,e2f1,smad2,1,0,4.766489772049116,0.050065733478190134,43.17564914563444,0.012676214460630286,59.3465657403553,1.755365014581958,1.3830247911369042,4.2925971744314335,0.010115146174886633,1.3745378914900677,138.47706821573274,0.6832364081062935,0.731344959658213,1.0,0.21601771361849487,0.03797756289147694,5.755942948371953,0.9937248820532775,1.0,0.0
4989,e2f1,smarca5,1,0,5.043665296629538,28.512395889780308,105.38928806888921,44.693140626542196,19.293386242159837,249.68054680248088,2.655779730930405,4.813312319106363,17.407269719517252,0.18306781073944098,5.586551835522642,0.668769528273129,0.17363190961716346,1.0,0.5248549257393171,0.17713930161750077,12.330019816671145,57.10278672873136,1.0,0.0
4990,e2f1,smarcb1,1,0,33.08068608436452,4.200675022743302,0.7883074723399284,32.60003848133646,15.985185211474073,48.709110221489745,1.1557553426385412,0.7699594612038269,3.7211823997336086,20.277855750910675,1.494142721622115,0.6621747866037033,0.3002270431381962,1.0,0.48328769303093,0.13563077272633856,9.73052821459989,17.98244157421502,1.0,0.0
4991,e2f1,smarcc1,1,0,38.26494298208226,3.3190381650492013,25.44388206674595,61.98532295882893,41.94872845837715,70.65301147680125,1.7540898757690613,15.282163747026544,3.150350895907153,1.6486764224238533,1.1398345302440298,0.6844351034304287,0.22493519943275597,1.0,0.4016195347688148,0.11829714450563436,12.8464493223501,25.435594116529114,1.0,0.0
4992,e2f1,sox2,1,0,3.449283520939219,3.6711419551499738,247.1380810445205,210.25269524060954,10.897755655753985,1047.0429088667415,35.70170494641221,3.4018048428803542,3.6081415741193665,0.04409581724392696,4.979926215302609,0.6325692637877213,0.37267410035856907,1.0,0.4365261591292271,0.13542962433154307,13.33840815027934,37.78527062018772,1.0,0.0
4993,e2f1,srebf1,1,0,9.64587700724625,1.0720122358639794,9.032586016308564,2.4064711778953605,19.514332115745912,3.320692132011437,2.799037321983867,4.664581537614279,0.7416354316232803,2.1604368981941926,1.3799010611528002,0.6739263421199134,0.5280810925709427,1.0,0.3532176446569486,0.06054857422392062,3.8844158318592057,3.2910839306508635,1.0,0.0
4994,e2f1,srebf2,1,0,6.812891811687868,0.8508191637831578,9.049005297937242,1.2494927460509664,18.79444587126267,2.438588295551512,3.283802292280697,3.88666586803335,0.5061592844236952,2.0769626331799076,1.9516626273011133,0.6730946745562131,0.656468717730171,1.0,0.2569096201789383,0.04477493460185514,2.43135071523924,1.0546862455335857,1.0,0.0
4995,e2f1,stat6,1,0,3.4705270759741977,0.4350537259554186,80.90490416689634,77.79800420911997,116.30421450020118,2.9956586536907506,21.119576657331955,3.32777748634069,0.4326343939049602,1.4375422070864907,0.03850559772251305,0.7094512209437916,1.0197639007198505,1.0,0.22972960193302525,0.04984162670862641,5.392380436485187,1.2392109061459755,1.0,0.0
4996,e2f1,tbx3,1,0,20.343764480196477,1.5461109776985933,12.820867772531134,31.933408745338145,25.935297432402816,29.712404983058672,1.683060244163002,7.8645441447541815,1.4747103370939652,2.0228971932749755,0.9304488982059045,0.684280129163965,0.3521028082363198,1.0,0.22311593210530295,0.07030743374419726,4.37473577441851,6.527599467231501,1.0,0.0
4997,e2f1,tcf3,1,0,14.980262025047807,1.994456790653109,9.856058272901185,28.861623493808878,20.31601707719443,15.658174871280556,1.7725065202079828,5.944774978376837,1.8655402901413636,2.061272013077729,0.5425257825374723,0.6672575239150564,0.39804312414266124,1.0,0.4811314448305024,0.11519733638537522,8.050916186987154,8.89297532423587,1.0,0.0
4998,e2f1,tcf4,1,0,10.695551496452717,5.755327067777534,164.30714403615463,206.10805335678663,216.81986898463492,11.830377575446915,15.32580251955261,10.041876868955582,5.598982023198739,1.3196009842209007,0.057398909857092055,0.6991818115737237,0.5273140099686874,1.0,0.3550986468134643,0.07055666715870117,6.88750271204165,4.153508276578012,1.0,0.0
4999,e2f1,tcf7,1,0,12.31441759397193,1.514978642077826,19.00866216275252,33.17010585678249,32.004460535637406,6.095082576830549,2.659784678851753,7.473103079036015,1.4488072511438528,1.683677697126427,0.1837522799338384,0.6866346477569227,0.596366514973109,1.0,0.34768220917295495,0.05932061257628366,4.264270677130877,2.890729540170062,1.0,0.0
5000,e2f1,tcf7l1,1,0,1.3750883532849378,0.7548285015453318,12.483333987907791,10.931037102316438,22.609903448002616,2.989617020786689,8.074676241604193,1.2386465612261497,0.7060716455228833,1.811207123826384,0.27349802153293834,0.694346590909091,1.0127697175658161,1.0,0.2033078999728057,0.04104715978099973,1.7625158915824288,1.9107726899247623,1.0,0.0
5001,e2f1,tead1,1,0,10.94095084273503,0.6735533382218222,37.2486205699363,3.9222000062504954,55.58443972256695,1.6437156119759702,3.7471295347770592,8.456919509107763,0.5748374008281344,1.4922549848041797,0.41908000850454147,0.696241495417305,1.0177765010054582,1.0,0.2560575191516743,0.04680525789238491,5.376480154986916,0.6763643606588419,1.0,0.0
5002,e2f1,tead4,1,0,7.593034302619977,0.30319709167640274,48.657355371661325,1.7199832426123645,68.6014573820098,3.1298535873970974,3.50066601095628,6.568078382232386,0.2577594829556034,1.4098887384653087,1.8197000469861426,0.694229990759066,0.6865789198023431,1.0,0.32127522796982166,0.05792169454856935,6.174567532127043,2.233342588604332,1.0,0.0
5003,e2f1,tfap4,1,0,10.39292847464608,0.440792621889343,13.290775551229839,4.598110032323408,24.97298916537414,3.8914763647295874,2.497286686410384,5.8322836464089765,0.4022330090439471,1.8789715520448549,0.8463208442976817,0.684287003525704,0.6138470879415101,1.0,0.34941105773496656,0.062317382541865134,5.366038403448719,2.8701635284157354,1.0,0.0
5004,e2f1,tfcp2l1,1,0,15.026406900659932,2.8648595831279904,296.8726670466718,221.16511993866447,373.8104383291621,37.62958446224295,20.356604440049743,14.302477517072443,2.828224216519648,1.2591608451120722,0.17014249115176358,0.6906208619871529,0.287334247213991,1.0,0.42514812335940155,0.10176989911631225,11.131745321283681,8.924323065159427,1.0,0.0
5005,e2f1,tfe3,1,0,140.65419222714942,3.142714110848134,248.70020253305424,397.7255464509292,348.21260147407855,52.173849055245974,2.744549635170671,89.84289522546472,3.1180759617248213,1.4001299473320628,0.13118053270858504,0.7147981812886927,0.937132165171859,1.0,0.2770252774241753,0.05616533802822789,7.165530211447872,3.350558775148401,1.0,0.0
5006,e2f1,tfeb,1,0,7.195329006140356,2.7801579340902434,11.001261373331452,22.60271762549852,20.514872993302475,5.796567978199043,2.8400077371626975,4.350138867387144,2.4756503490319743,1.8647746196661872,0.2564544703978354,0.6745736950937673,0.8780426603857846,1.0,0.2901488648014168,0.06577900633231011,4.257980460405968,2.8836946264801324,1.0,0.0
5007,e2f1,tgif1,1,0,4.770453493310613,22.209943002997548,105.76279423077429,57.8036004227435,18.94156350604427,122.5101600172191,3.723771948810466,4.564567689713794,16.04496708671152,0.17909477187898235,2.119420920517886,0.6832587468880903,0.32476192008081234,1.0,0.3698079147680569,0.10557225350904745,7.776303224353234,13.366738949905168,1.0,0.0
5008,e2f1,tgif2,1,0,6.023602759547777,0.49200800078046913,11.989122096874778,9.51345482562467,21.762125433521284,3.1109652965943604,3.145010703024731,4.009260648953978,0.4678140302433792,1.81515587694232,0.32700689219808105,0.6750734849323304,0.72463726759075,1.0,0.18923015036295618,0.043780274636142064,1.317988714677954,1.921485634903643,1.0,0.0
5009,e2f1,thap11,1,0,83.66780306966811,6.6779946753997,5.030448814956939,78.76011275488845,26.417548721284927,26.657490050369177,1.1500109760868527,4.745151024501972,6.156030715452976,5.2515291762313785,0.33846434594793806,0.6769074841666157,0.5008390168036275,1.0,0.4423290616066745,0.08629920578040162,7.219644856147364,8.043514675295187,1.0,0.0
5010,e2f1,thra,1,0,7.655613848437438,0.5191008081341212,156.21849264738933,1.7922041835646296,216.12894157266655,1.422081532010297,2.9515528830995663,7.297970870851595,0.40251487509053474,1.383504205616072,0.7934818727974555,0.7073609536022477,1.2192278123480715,1.0,0.23745003763438519,0.04528609068081165,2.915526106109446,1.2783798907707142,1.0,0.0
5011,e2f1,topors,1,0,43.534136505807005,3.4094232807639493,15.500896273824287,55.08627675312367,32.907658039112036,34.60828050687562,1.43999305332188,11.430808158708306,3.2107049629956155,2.1229519543771036,0.6282559386247348,0.6943900320398719,0.288623691505326,1.0,0.39361725203475695,0.09431378789508264,10.798458077007544,8.678725945168225,1.0,0.0
5012,e2f1,trim28,1,0,4.224038530720433,20.647082247554998,57.75318620673458,21.30680205139398,14.658663791411213,204.00531514412432,2.1641801986692286,3.9361504946782513,10.48587757101971,0.2538156724191586,9.574656705968573,0.6571040026612369,0.23828944351276246,1.0,0.525680854021297,0.19398828260764808,14.834779601070146,54.07548625675115,1.0,0.0
5013,e2f1,ubp1,1,0,14.740575313601818,0.00010000063207060705,175.22756970646245,5.281425203978506,237.49400086181197,3.3100417576300454,4.172974950547541,13.596780597108596,9.999873865421177e-05,1.3553460865756282,0.6267326772206461,0.7044787348264383,0.6083760622467639,1.0,0.39647552539878694,0.06926677102278357,10.11123705690449,2.6416500259244,1.0,0.0
5014,e2f1,usf1,1,0,10.710606473689655,1.0917819411624494,5.930974145268524,18.06243895412822,15.4342925024579,8.776591053583273,1.6476638405418889,3.8172053202225134,1.0295508635548234,2.6023199771947607,0.4859028770075018,0.6607003975425751,0.42418084729874506,1.0,0.4026498647955174,0.08181323317285297,5.314635536215607,5.306405687716348,1.0,0.0
5015,e2f1,usf2,1,0,54.16717672529616,4.736755205038417,308.3653713207739,294.15002507624064,423.77967127857096,33.90582432448055,6.784486018956173,46.07388123995781,4.66168714799239,1.3742777584378583,0.11526711349316564,0.714291777145444,0.6915058650047381,1.0,0.3430305695433013,0.06582280394574869,7.498842348237733,3.9577595372143626,1.0,0.0
5016,e2f1,vezf1,1,0,2.7070086890854643,0.27329218323683535,12.536873498966008,0.15158548515762804,22.98396081636032,1.2376786209174038,1.846477897103025,2.2262980700721537,0.09750366109447164,1.8333088244254794,8.164888740042546,0.6923626386266302,1.11724119558847,1.0,0.05355371809867562,0.02268859805135715,1.3995622110722294,0.45536419164161324,-1.0,0.0
5017,e2f1,zfhx3,1,0,4.766225170219867,1.1404233344688997,12.516934905519827,16.70042643469826,22.247574397469606,2.4602138228588886,3.8737945018596567,3.4518299859083457,1.067525159851185,1.7773979464939678,0.14731443130980978,0.6746730777872646,1.1736333350390817,1.0,0.19140980536233645,0.05094638059743309,2.3897094097193827,0.8175276917443608,1.0,0.0
5018,e2f1,zfp110,1,0,5.834465252020671,0.48742632568014743,43.65439645689256,0.08054225688128046,64.75765809111101,1.7210821020738734,1.312644495989531,5.146613812291443,0.06912075339903712,1.4834166394914496,21.368684821071675,0.7001986629161794,0.6633611400680617,1.0,0.17559425048238592,0.03823974596677446,3.8200131164783597,1.3240949073481265,1.0,0.0
5019,e2f1,zfp219,1,0,23.46927547435913,1.8041219278751732,5.9772875955723,28.9477027145457,18.500984898413133,9.19663134119209,1.33288203769087,4.763972244801699,1.6982792350110205,3.095214108840574,0.3176981410884446,0.6695628354360645,0.5325727214116189,1.0,0.34717565480892226,0.063036404089413,5.279252502555514,2.760861534598724,1.0,0.0
5020,e2f1,zfp263,1,0,5.919616075219018,1.3182704181742362,66.60302178188516,0.37047872068092735,95.47508808112522,1.455370183763705,1.3830236601371553,5.436431024131432,0.28920289390512566,1.4334948404261854,3.9283502736372653,0.704126105566013,0.801064302122813,1.0,0.14556927582707335,0.031937900200373515,4.090646298246797,0.7603176886870304,1.0,0.0
5021,e2f1,zfp410,1,0,0.7376911595816982,0.0001,16.606436510609782,11.37435816964379,23.910912776657284,1.531636050908892,21.205027071002583,0.7063152231683459,9.999912083724333e-05,1.43985813942568,0.1346569211260259,0.6833513684151812,0.8427923180783645,1.0,0.18784861748401546,0.03890308438930231,2.219001198037368,1.1797327093736847,1.0,0.0
5022,e2f1,zfp42,1,0,7.090845791806067,12.219384594889094,167.62025562250787,123.1058482190705,14.166092445951483,1327.4251244467962,11.47538399153769,6.80305587098164,11.116017862957557,0.08451301063431427,10.782794998370864,0.6561149556065494,0.24952564356414234,1.0,0.4763890865074461,0.20330210497880957,17.92451662099159,78.13891773197003,1.0,0.0
5023,e2f1,zfp57,1,0,11.371066635013122,1.1641335785434546,10.204438090056168,20.920354419986673,20.85924243112998,23.892004468745448,2.002986660240812,5.378105725613429,1.1027689234614535,2.044134350862152,1.1420458749933868,0.6763528576617814,0.32828076269770545,1.0,0.351761064776477,0.09499973773029788,6.23576964796975,11.089089919710835,1.0,0.0
5024,hmga1-rs1,junb,0,1,2.5638632485747097,15.743990657129661,17.87929409324798,3.6980312725940623,15.604974349756217,7.503899055477492,1.2446949305574364,2.242318261786187,2.9946355382143928,0.8727958871513474,2.0291605187572475,0.6231479378482011,1.5428119666755866,1.0,0.19348058971330265,0.04554564657094151,3.835428421184174,2.0107182654957336,0.0,1.0
5025,hmga1-rs1,jund,0,1,11.85212491266105,37.92831604545067,368.6886694058539,167.6770140677705,22.595554187146487,704.6341441738255,5.575079736162422,11.482984817715687,30.93162409562905,0.061286272300039725,4.202329985963559,0.6257922169502513,0.8490354362128711,1.0,0.3273743461374385,0.11652319495661724,8.122105970007702,19.72852328867065,0.0,1.0
5026,hmga1-rs1,max,0,1,9.7161254132162,38.45931222622996,271.11466904698807,109.99958010372829,20.079488482862754,129.24115445452705,3.9821540564562383,9.37996892714849,28.49615896743279,0.07406271506239558,1.174924070916036,0.6259170968399151,0.4545020584883003,1.0,0.49750539094795504,0.10864747684225011,7.1779661017298295,14.112378807837805,0.0,1.0
5027,hmga1-rs1,mecp2,0,1,6.2269082842601025,0.649784677836443,11.214546922693042,1.1554014817303846,19.065078486478395,1.3404122176517956,3.2599604478241773,4.003791788502945,0.41589183231832433,1.7000310951394315,1.1601267947521845,0.6289004450447798,1.1402073963057828,1.0,0.1816847594283617,0.03568761900030342,2.1764506512680604,0.6838912254933762,0.0,1.0
5028,hmga1-rs1,myef2,1,0,11.126609036208752,2.9231498576861368,10.560674057823059,24.85274061124283,19.048977288151132,6.1976748505223735,1.789517586628115,5.418128720446584,2.615515972822968,1.8037652884514668,0.2493759117945601,0.6307104295350726,1.4291323120255124,1.0,0.14516663415616476,0.029904726315911238,0.5455330791552431,1.7257774901531058,1.0,0.0
5029,hmga1-rs1,nfib,0,1,8.647213727545802,0.16639285883270533,17.977153959753664,4.2559785670847425,27.07378594764101,2.4170912513040883,3.1993289629908097,5.838722418829167,0.16013228485462142,1.5060106849088806,0.5679284360117786,0.6408597431341597,0.8048699271592092,1.0,0.21879762109851644,0.04758404239652815,3.010398506332667,2.012702122232959,0.0,1.0
5030,hmga1-rs1,nfic,0,1,5.576492659013568,0.4884781099903693,13.534381501511755,14.54799056835752,21.70238019663995,2.2293591821273946,3.5421118574780643,3.949289731778271,0.4726093000294669,1.6034999600252033,0.15324172583506776,0.6362137908327733,1.2148281957150906,1.0,0.13831212739752294,0.028976078586242477,1.8055261931346096,0.8363231403887305,0.0,1.0
5031,hmga1-rs1,nfyc,1,0,29.09148170656112,4.4697748530229235,0.651652753781901,32.50318452617076,14.344744647872986,22.635905108840785,1.1629986032114839,0.6373754652843578,3.9294100141737216,22.01286584706733,0.6964211488451204,0.6191879661427785,0.4393714310262584,1.0,0.46148834617938034,0.10480846407922995,7.0522663844093785,11.248724587597685,1.0,0.0
5032,hmga1-rs1,patz1,0,1,15.263288414608931,0.716231946812592,4.878923799689269,19.57013424016693,14.534959795084568,8.056941362241137,1.3677050841363947,3.697132187630049,0.6909446086611092,2.9791323643977132,0.4116957637267803,0.6179983871855503,0.4335721848075636,1.0,0.3394211453388554,0.07196697558948571,3.505470183495033,4.623695127099131,0.0,1.0
5033,hmga1-rs1,plagl1,0,1,3.897603461124319,31.561147063958984,52.67912175490389,12.036067826233598,17.45492402216382,10.38107905169496,1.4565531700047245,3.62909529487463,8.713219587359418,0.33134424874004176,0.8624975533179154,0.6233241337497547,1.0069003508601537,1.0,0.28535599214378726,0.06290868517532426,3.65470286264718,1.3129984929084886,0.0,1.0
5034,hmga1-rs1,rad21,0,1,10.720158608726088,1.4777638996156712,8.070162659832036,20.035544619493827,16.36296436278659,15.420924812116768,1.8820842030346558,4.604148192845498,1.3762552850263563,2.027587925114654,0.769678344411601,0.6225966632104818,0.39086832370604696,1.0,0.377391325269281,0.08189986685350802,6.35437292945949,9.653406293398028,0.0,1.0
5035,hmga1-rs1,rest,0,1,4.293427399038022,43.81355472987927,78.19301486257544,16.661944010678425,21.657141001464698,107.41404033973174,1.4242920112737067,4.069954082388642,12.071318319338777,0.2769702771983817,6.446669144422251,0.6318673556435794,0.28944324501732754,1.0,0.4846471452533957,0.1500330347377691,11.711372743009212,30.94004370417399,0.0,1.0
5036,hmga1-rs1,sin3a,0,1,11.445245063653315,1.6007212649168576,10.127686229200618,10.993769729719713,18.624296253914427,4.798684893877245,2.1593251752519556,5.3731154680580975,1.3972744905257215,1.8389487818269867,0.4364913047891888,0.6246065874217296,0.6064356719964292,1.0,0.3681524251720178,0.07153196209101523,4.302341940912609,3.891940615276985,0.0,1.0
5037,hmga1-rs1,smad1,0,1,13.455444944225132,1.0405036606348328,4.27254447026041,7.312001400761471,13.724609776864476,2.0150323613238146,1.5050191024148676,3.242837388224534,0.9108841201692687,3.212280146502013,0.2755787712395637,0.615299656856928,0.9552614379084967,1.0,0.3214399077371354,0.048552239106809655,3.3174117260274665,1.4942069045029616,0.0,1.0
5038,hmga1-rs1,smarcb1,0,1,4.252295002745964,25.168314605886447,42.09316373496019,6.431129789961611,13.755490397785707,49.10178966422968,1.373217598927802,3.862137837775084,5.122264043551019,0.32678680282616,7.635017682409855,0.6148748236549649,0.3024159855160328,1.0,0.507902016932135,0.1271187474331537,9.351324136334597,21.273075994115906,0.0,1.0
5039,hmga1-rs1,smarcc1,0,1,24.621145875553108,2.0091361535741497,13.012323270808213,36.476501942150506,24.052211339282092,48.16924940264742,1.612692260102732,8.513121875223131,1.904249544352328,1.8484179065271698,1.3205556135574867,0.6381781686490258,0.22075761510993192,1.0,0.4738697963571673,0.12313245088932516,11.194943368562107,27.71398454304325,0.0,1.0
5040,hmga1-rs1,smc3,0,1,3.767150949582536,13.943245443601775,66.04390251802165,41.93842156454882,11.34691020188941,146.1869882250489,4.236399942055142,3.5638675786543756,10.46421369832178,0.1718085965436875,3.4857532251195398,0.6035485185056395,0.252865537542426,1.0,0.48938881589036065,0.13401151968131217,9.758640543991902,34.3650152580871,0.0,1.0
5041,hmga1-rs1,sp2,0,1,26.784946211619594,2.8598821397791574,4.402415768935144,31.552023599364855,16.621128332277607,10.909207557245846,1.2663100714235114,3.7809696647518853,2.6222049266824072,3.7754562959640503,0.345753023507039,0.6239787148878059,0.5881501261943393,1.0,0.301926388302316,0.05826580774898723,2.512787847198578,3.6188330390689347,0.0,1.0
5042,hmga1-rs1,stat3,0,1,9.06744201933495,0.27142136477197687,11.049625974235902,28.08935033908671,19.06645237957666,2.5107375155700296,2.2380807302975168,4.980439639053836,0.26882377828794407,1.7255292101319415,0.08938396528439123,0.6283141795026691,0.48678718630554924,1.0,0.21894671480148203,0.038956141312470806,1.8507123217146826,1.2533877571580283,0.0,1.0
5043,hmga1-rs1,taf1,0,1,2.759464917204255,15.014979120397234,34.50215600942962,14.81076012955699,12.25485876612468,20.238164861934436,2.145270163832037,2.555108626739224,7.456085236943501,0.35519110060181064,1.3664501136269356,0.6094522336651567,0.48711376607960705,1.0,0.3047677540598335,0.06735306172461084,4.360599246088134,4.006300747770517,0.0,1.0
5044,hmga1-rs1,tcf3,0,1,20.112716874977643,2.6970138719085983,6.029394847540239,30.769605780981067,16.386990672407684,17.99347579244491,1.4137084119788512,4.638780247869965,2.479666440327191,2.717849981096021,0.5847808360147019,0.6203210676253814,0.40633968706509904,1.0,0.5010625327792001,0.10657928873292052,7.493787454098393,9.774330752130293,0.0,1.0
5045,hmga1-rs1,tcf4,0,1,21.484089323484373,3.138247391937809,0.0001,23.333797629206135,12.036963395355501,11.427137641415413,1.134498922481323,9.999953454143186e-05,2.7662097694141954,120369.633953555,0.48972472561056446,0.6066159316299303,0.5333802123920197,1.0,0.35897151788671,0.06076988208599165,5.977562114961668,2.751760093140659,0.0,1.0
5046,hmga1-rs1,tcf7,0,1,12.10040501202756,1.0509360281593867,5.934289054016268,18.43256336522879,14.909258646684144,5.853622010113929,1.5753973098696676,3.9816201344518127,0.9942487507364082,2.512391713813419,0.3175696127623903,0.6201238854595338,0.5974479566832303,1.0,0.2956032861449309,0.0635323042036368,4.720185197514005,2.0856604047019496,0.0,1.0
5047,hmga1-rs1,tcf7l1,0,1,1.3302230539897362,1.0190686673213756,13.80602660082409,11.708529899283443,20.793034772897137,2.802454821176573,8.5222218597263,1.2133187075552134,0.9374742531605593,1.5060839279895337,0.2393515535496973,0.6328921174259058,1.0041476864900822,1.0,0.20357861139774944,0.04002493080985909,1.5827802809085114,1.2468390002196301,0.0,1.0
5048,hmga1-rs1,tead1,0,1,7.2762243782631435,0.5674178229864291,6.502068935957638,14.66793995204827,13.825237225799434,1.846849381528012,1.966857432924527,3.433699038191659,0.5462852056500486,2.1262827819839507,0.12591061782129215,0.6168455709581182,1.0346152066268681,1.0,0.20775113469038656,0.04213024710200803,2.031136678730244,0.5703914820519455,0.0,1.0
5049,hmga1-rs1,tead2,0,1,4.0278668547348095,29.888992251803305,79.09064050859772,26.15495877540355,16.880126207323237,30.962019503934734,1.9488857863516955,3.832679141262607,13.9487910087704,0.21342760785314727,1.1837915620441277,0.6248722303918776,0.5261627906976746,1.0,0.4111926607880153,0.08441740331441469,6.031325473131094,5.193905888794713,0.0,1.0
5050,hmga1-rs1,thra,0,1,11.352700291151152,0.42991662117954177,16.212520038356836,4.49232285520772,24.800479779230248,1.5179450193087094,2.660444028875967,6.677105379880442,0.39236698507323625,1.5297115883622874,0.33789757954485244,0.6314564736110034,1.2243211534288194,1.0,0.25503695590984526,0.05179982554484597,3.8376976009049937,1.9953731404076513,0.0,1.0
5051,hmga1-rs1,trim28,0,1,4.641415905203835,13.0769728075304,88.20935634036361,56.05786285640873,10.958324551909568,415.49063300472096,5.564941312214098,4.409401231722134,10.603440959705567,0.12423086400977582,7.411817215882689,0.6009579321182956,0.24415439662715804,1.0,0.5804938053086767,0.18324223727097824,14.027151329992256,98.71403603804356,0.0,1.0
5052,hmga1-rs1,vezf1,0,1,3.580957838931699,0.44193970994555776,11.250996903595919,0.3846853618324686,18.607155053630397,1.314057609274226,2.3031816996543766,2.7163881131734144,0.20566486915629784,1.6538227868219735,3.4159282875091597,0.627511568111187,1.1267065742491071,1.0,0.0851261770491541,0.023168684973513987,1.0779008820443323,0.5238801323699757,0.0,1.0
5053,hmga1-rs1,zbtb7a,0,1,2.4577052137692075,1.3179530339070151,9.452027829243606,12.513133767175873,15.824640939653827,3.704134996766926,4.898835713533545,1.9505305444484649,1.192366359152815,1.674205919146155,0.2960197713608334,0.6231425438619359,0.7534722106175508,1.0,0.25047972272501134,0.049706991790147446,3.6814387939719238,2.433860030808228,0.0,1.0
5054,hmga1-rs1,zfp57,0,1,3.039766808816683,15.841272713414792,28.83459930940822,7.568088149714363,11.46539051219575,34.52592251774831,1.63353002600117,2.7498729731962066,5.121376401506863,0.39762614313335704,4.562040218711168,0.6053072106144213,0.33785688769320654,1.0,0.3994414710392034,0.10141771670394474,6.486865195795037,15.465684218792356,0.0,1.0
5055,hmga2,hsf1,0,1,6.6432508723980055,0.6463972125551333,1.2546243837013356,8.450117932793122,11.965495435788407,3.3500774742803965,1.2797992998018108,1.0553198501228482,0.6004643086108449,9.537113729998095,0.3964533395775997,0.5905570983507022,0.7932255824403264,1.0,0.2817111925712443,0.05636387181545495,5.489239076604448,2.0320310408103284,0.0,1.0
5056,hmga2,id3,0,1,1.2210852272514452,6.702705704591533,10.733049444357144,4.048221672742862,14.144473172855381,25.477895532872544,1.7557706522537462,1.0963543978629327,2.5238788754679806,1.3178429155836768,6.2936018806524645,0.6089503779772115,0.8195054478390642,1.0,0.30384823817294443,0.1011105435689921,7.499816426434528,8.40223437399203,0.0,1.0
5057,hmga2,klf13,0,1,4.873021993575958,0.00010000000000640414,413.7318918846045,315.3488615430771,13.602533927016825,465.8828699387897,75.10184277164046,4.81629465339766,9.999996829550217e-05,0.032877653847411786,1.477357069434511,0.6045780745784401,0.618045619055635,1.0,0.4220761975765489,0.09611975844802345,6.8783360897597845,12.848982467758617,0.0,1.0
5058,hmga2,klf15,0,1,2.4070499985519307,7.898636869639883,18.489073963186165,7.455128984849362,12.085608170226562,27.78966444212536,2.1969156621510173,2.1297789742156583,3.8352386786226,0.6536621679533747,3.727590025417498,0.5887495496161343,0.5424038049940547,1.0,0.38166177853593536,0.09933365285990405,7.490911140037298,9.550975535995175,0.0,1.0
5059,hmga2,klf2,0,1,1.743612179692144,2.3822844689003384,109.87311583867486,112.04918806209493,12.256659791703335,2345.2649254614043,28.81263400696404,1.7163744753879067,2.3326890283695305,0.11155285529264151,20.930673091193803,0.5938003486642145,0.3379283032078766,1.0,0.42360222149404364,0.2712913565516732,25.894067848199654,152.12209544896032,0.0,1.0
5060,hmga2,klf3,0,1,1.525683185914086,6.195574199588203,11.50417172495803,4.075240890873909,11.42737791478578,17.69836542687568,1.8776171615669093,1.3470388955744665,2.4582720162153398,0.9933246988998218,4.342900432342389,0.5865822628965403,0.41051583217505394,1.0,0.3169776959853258,0.08599718427346716,6.703446490749361,6.189455634030546,0.0,1.0
5061,hmga2,klf4,0,1,0.1823059133882472,2.874522800083349,6.291506654898328,8.366844703596104,11.387852274767583,58.65416421386993,3.924243227217792,0.17717208448823635,2.1394804375332,1.8100357989610383,7.010308699605734,0.5854988390192447,0.30650654922455967,1.0,0.18186621577451897,0.12456499397129935,11.576255497816806,16.207197618048603,0.0,1.0
5062,hmga2,klf5,0,1,3.1100243953486255,6.982373525390543,29.83342745728549,22.47890313911535,11.624621503152733,54.819445506584344,4.6592330815275576,2.8164227478063326,5.327538923235925,0.38965088807836373,2.438706424745142,0.5840288781169278,0.29133436487347586,1.0,0.3791598987740627,0.10805153357276844,8.949260410810716,15.521285171195828,0.0,1.0
5063,hmga2,klf6,0,1,1.873885203311267,7.993508823435648,15.013292002914305,5.899696237600388,14.743797898458206,20.555237674284175,1.95499709171547,1.665949577818192,3.394412860363558,0.9820496327918097,3.4841179692066158,0.6082065914026771,0.6501218369024233,1.0,0.2885661174913863,0.0797451763849247,6.222075790095676,5.162755461951391,0.0,1.0
5064,hmga2,max,0,1,2.700667440950407,7.843212503069255,23.65323372609061,13.903187735168117,12.800675613446815,23.271545965209626,3.0892125084151165,2.4239112756912298,5.014423292239941,0.5411807857513824,1.673828075150294,0.5954021409877843,0.4359206363612195,1.0,0.31129459060844983,0.07363720552151388,6.791386842839103,5.482801884121046,0.0,1.0
5065,hmga2,maz,0,1,3.753199644132386,5.572769182219473,46.30918519986883,37.973696539609485,11.58500250411863,66.57444433252736,8.01972640487362,3.4718205685527814,4.859605534067714,0.2501664076817194,1.753172601015682,0.5877470264044679,0.34956000714733915,1.0,0.40389450275806954,0.10340236115822195,7.733987939286116,10.941675797512442,0.0,1.0
5066,hmga2,mecp2,0,1,0.1768608337403825,1.1625706785411147,5.217402584560057,2.729482928270246,12.120011500877759,1.1502169215587066,3.4612841173630797,0.17106212646827854,0.8153065554986657,2.3229971819205026,0.4214046952430045,0.5909160985876785,1.158325650783297,1.0,0.2352136587457275,0.04070090369227497,1.8317301469059233,1.6479583693623656,0.0,1.0
5067,hmga2,mlx,0,1,4.201042231691048,5.555112965701367,48.889771966787315,40.90137723877492,11.183356106702652,24.22581260099335,8.429368895181337,3.8686164420530815,4.890850987969566,0.22874633398372018,0.592298211856471,0.5838463028521627,0.5547504530809164,1.0,0.31599275372871005,0.061895978946270254,4.960101005824329,3.4036730392313475,0.0,1.0
5068,hmga2,mtf1,0,1,7.156003055002748,0.24924168506400562,1.3954399026560067,8.236176029487641,13.245558451949748,1.9389017929166372,1.2197253584895682,1.1677294996788545,0.2419207234256631,9.49203074008336,0.23541286465647007,0.6002706371535139,0.8442266838321615,1.0,0.18095691416938012,0.03910060178512841,1.0278638815759777,1.6237805217100543,0.0,1.0
5069,hmga2,mybl2,0,1,1.8930236167546721,2.5195430462100727,121.90079752516243,138.6597127724329,11.542443350756717,619.4471072690086,32.028062251951745,1.8640759812383343,2.474578245079089,0.09468718486746698,4.467390670898329,0.5809638825249671,0.25251033886605184,1.0,0.4494385095716361,0.16011504151181616,15.460600134449741,36.25480854030492,0.0,1.0
5070,hmga2,mycn,0,1,1.5301815969356132,6.285096537589527,13.612583669306762,6.747568559484419,13.233000917264466,30.4084904580777,2.306671263871816,1.3755562244602038,3.254063499251971,0.9721153043930839,4.5065848816512375,0.5995789761700367,0.5492090493923611,1.0,0.2930556562432856,0.08556380946696063,6.691860630304355,11.663925446129195,0.0,1.0
5071,hmga2,nanog,0,1,5.1922496755980045,9.999999999998899e-05,2.524507038100415,6.508232071248266,13.404451803147595,30.10507073769673,1.443582612345777,1.6986243490549977,9.999846350801371e-05,5.309730415025453,4.625691033774498,0.6024681693643082,0.22392460086007399,1.0,0.27823568953277733,0.1156826264689155,9.005724026270483,16.94773514498894,0.0,1.0
5072,hmga2,nfib,0,1,7.70601222250769,0.959445567691138,1.085840216409098,4.775308431788441,13.828290135318545,2.26591715328454,1.3701376447523876,0.9517332140722135,0.7989267734332314,12.735105889749658,0.4745069738743372,0.6065545179522321,0.7924723849129806,1.0,0.24461614077686372,0.039147609229167886,3.5811567745635653,1.2920671216566981,0.0,1.0
5073,hmga2,nfic,0,1,4.687013211248709,0.0001,3.2241667917238166,6.657731253407672,14.463344182530523,2.0916198012561,1.6741277129167083,1.910171724369924,9.999849800939386e-05,4.485916863748114,0.31416404802845294,0.6109786604115303,1.2037387635843235,1.0,0.11953453268616623,0.03224158697268415,2.2406897821989427,0.8726427431489846,0.0,1.0
5074,hmga2,nfyc,1,0,2.650261106310544,7.547241612754769,19.020841017074765,7.69640827464295,11.12434505838863,22.08534602610043,2.3011874408042154,2.3261481981791707,3.8105475544381924,0.584850325408979,2.869565287858252,0.5794183884956552,0.43707969527589685,1.0,0.3884373719419612,0.09784376854522937,9.733670051999423,11.88892274205284,1.0,0.0
5075,hmga2,nr2c2,0,1,10.775468547295532,1.0220058309350613,0.00010000000000000399,8.735004072509538,12.667275969481828,2.1676997960370605,1.106771131805477,9.999907197472569e-05,0.9149550101609101,126672.75969481323,0.24816242534553135,0.5976828869996509,0.9246380490537629,1.0,0.16820331216459966,0.027830788879724375,1.8014905314899357,1.4938177777012824,0.0,1.0
5076,hmga2,nrf1,0,1,2.7444100704723495,6.58898024820397,25.11289566631786,15.92296179557547,11.683007160184046,25.19038649389141,3.789981365620551,2.474039823396981,4.660463346961391,0.4652194360785575,1.5820163872333783,0.5883535002648741,0.487777950183003,1.0,0.3352291024425279,0.07592363275071107,7.335372412562833,6.419608580150617,0.0,1.0
5077,hmga2,patz1,0,1,12.459537536911062,0.0001,0.00010000000000025018,11.148034200605291,12.930551422754927,7.889828223737042,1.0000153296251248,9.999919740868439e-05,9.999910298891097e-05,129305.51422722577,0.7077326891685224,0.5963283014808707,0.4321824489046644,1.0,0.2804194329477042,0.06046890713617758,4.886019553577088,4.035723387568971,0.0,1.0
5078,hmga2,plagl1,0,1,2.1219387953878157,5.382283995432225,23.384538866896285,17.88826882593076,12.063646234028203,10.779788691273255,4.715869400250775,1.9454101381977316,4.137406779584925,0.5158812967274625,0.6026177712427331,0.5912238730798287,1.0005373344080022,1.0,0.21886752504443344,0.04433913754647543,3.2892549566852396,1.8601198709733853,0.0,1.0
5079,hmga2,pou5f1,0,1,2.329815230363163,1.7569440543951043,85.99064576093389,82.86043331242882,10.265701077249288,2189.6737496146375,22.742708926480294,2.2683567761532486,1.7204639304970009,0.11938160234067068,26.426047536565232,0.5705836233812459,0.2741686150252261,1.0,0.5052149810341356,0.3109947698018816,28.47280102972544,239.76515780897034,0.0,1.0
5080,hmga2,rad21,0,1,5.0429721564872105,0.0001,2.3133309220715965,6.6079544507840975,12.64159785068691,11.539956819942965,1.4399664373410817,1.585859541697061,9.999848669527855e-05,5.464673354803174,1.7463735420533413,0.5971180390226616,0.36810100569282256,1.0,0.27711606539460604,0.0756400059518723,5.6052541272926995,10.033301353867664,0.0,1.0
5081,hmga2,rela,0,1,0.00010000000000000097,2.402994751660263,5.978346237887118,10.953617589037705,13.859790990306555,1.2233551021801803,5.558412687639288,9.9998327324593e-05,1.970670773901916,2.318331933080697,0.11168502937372074,0.6050765432098766,1.0381909377627074,1.0,0.20351036891545138,0.04042147439853562,1.3993336461873263,0.8861881668617693,0.0,1.0
5082,hmga2,rest,0,1,2.5598234081584605,5.705768023070679,41.02789678777402,41.83405197174768,13.086102307877526,172.4759057296588,8.61798159121123,2.4094898772579962,5.0209570848583684,0.3189562062020464,4.12285919246214,0.5971888558212917,0.2920965600581036,1.0,0.350393111438924,0.1466167534236568,12.080255706036322,34.82920704133748,0.0,1.0
5083,hmga2,setdb1,0,1,2.2847020146629435,7.143063759001586,13.722918071505608,3.6636254203064267,10.068356415070435,9.350587179426547,1.764771297993099,1.9586158589629368,2.4216029102100545,0.7336891732944512,2.5522770771266408,0.5707875250699976,0.43656291697432914,1.0,0.30795951259315835,0.06614863454014068,5.2355926071549,5.303086130035851,0.0,1.0
5084,hmga2,sin3a,0,1,1.8350028654081258,1.9532126241796424,3.1715297037456485,4.426889306979562,11.19504822541157,5.122138555242501,3.9319969379442266,1.1624344820918506,1.355253595245826,3.529857599060152,1.1570514191910761,0.5836003178424114,0.6176496906956193,1.0,0.3178079809956547,0.06610383030197899,4.206067368883778,3.7735205364087325,0.0,1.0
5085,hmga2,smad1,0,1,5.613239962877539,0.9451464640260855,2.0503906904734,9.53112375789472,12.530053228563512,2.0996302387677424,1.5006650525343814,1.5018123241945223,0.8598773921581372,6.111056437576069,0.22029199201496033,0.5940836844137131,0.9539900084833631,1.0,0.2803371040642787,0.04271620507521619,3.9007876053365504,1.5644338048217072,0.0,1.0
5086,hmga2,smad2,0,1,9.999999999998899e-05,2.0484465734209154,4.401854401407169,5.297392055994414,11.586032198498703,1.7570087207969198,3.557283124782371,9.999772828177293e-05,1.4772206622829969,2.632079833170975,0.3316742846715917,0.5880121250300389,0.7411598311415591,1.0,0.25213326858662194,0.046241085298321515,2.459793022641354,1.3019845111399362,0.0,1.0
5087,hmga2,smc3,0,1,3.403892472465346,7.793794562120167,30.290181369078372,20.001915484717774,11.901747848209496,81.62264410399598,3.9671668674739404,3.060019421714787,5.608448925179186,0.39292428471093127,4.080741375312719,0.588133859356693,0.2460850591423695,1.0,0.42969364356754247,0.14367826559876978,12.749073865668436,25.89465370126882,0.0,1.0
5088,hmga2,sp1,0,1,8.558383941064085,0.0001,0.8909862460623607,8.574879065868476,13.541557201065377,2.3861312369918064,1.084748057002212,0.8069746691052186,9.999883381639499e-05,15.198390840387445,0.27826995793906695,0.6054491099157097,0.9441347512752359,1.0,0.17646522556935879,0.03485769134273645,2.1961103079136413,0.9053508945742184,0.0,1.0
5089,hmga2,sp2,0,1,1.366695683146168,5.142151989819923,21.989951518976845,28.641860560175623,12.483255715574854,21.271715171884242,6.9541599034910515,1.2867245693914253,4.359482167895159,0.5676800016954143,0.7426792378656079,0.5942924382246944,0.597621786967308,1.0,0.17873961230772636,0.05535158500626575,3.0867289964839593,3.64449507684668,0.0,1.0
5090,hmga2,sp3,0,1,2.9799951209410427,10.126235481840391,27.039631317504995,19.634267337833652,14.647695070142865,9.910574838320542,3.2628473786532313,2.6841762859185203,6.680707506221114,0.5417120854255212,0.5047590861322165,0.6061805728126777,0.5589984458725045,1.0,0.18195808953132855,0.04755298569985605,4.068359285631617,2.0205663377837544,0.0,1.0
5091,hmga2,sp5,0,1,0.9121577612325713,3.119735151170804,18.74970362097686,16.268768007074407,10.953806731967056,122.33095841521035,6.324753996166983,0.8698407208871614,2.6177496531664497,0.5842122602787234,7.519374445687297,0.5817817858557355,0.8804373488082539,1.0,0.2751172881881598,0.11400090513087542,9.691923209754558,30.992744237323627,0.0,1.0
5092,hmga2,stat3,0,1,8.51060435041322,3.1857482301353834,0.42452002635028085,7.2107252818220795,13.080509640733403,2.6917179837764835,1.5095928063099686,0.40435049706637827,2.2095526216785446,30.812467796137337,0.3732936533530387,0.6016775887069017,0.4924022291291555,1.0,0.1441687655132421,0.037123926734836526,3.056326124606811,1.687276965594386,0.0,1.0
5093,hmga2,taf1,0,1,1.3359175394552993,5.349754470745648,13.776667206173045,12.58112820617176,11.541946868551564,15.959677391132605,3.676735600711987,1.2178255186485634,3.7536326616332794,0.8377894809987029,1.2685410346031982,0.5862536377158378,0.4770245614035088,1.0,0.19843216202007036,0.05566732762891649,4.7804210463795584,3.83052659397547,0.0,1.0
5094,hmga2,tbp,0,1,4.270183098295296,5.456641438565468,9.770272163749569,9.760373013608453,12.979061853551487,1.0519325703494176,4.007546448076903,2.97147423503931,3.4999543444807184,1.3284237773546803,0.10777585742704249,0.5979845069769838,1.095741131991549,1.0,0.23842112563128381,0.043344240596902506,2.2525746819899495,0.960541478839368,0.0,1.0
5095,hmga2,tead2,0,1,3.831278255876041,7.78423048543173,33.14063397360359,17.978268951906998,11.977121261921132,21.666662956111395,3.6921846289309244,3.434255429930769,5.432197663550217,0.3614029010869518,1.2051584618113726,0.5889507685453331,0.5226710743801652,1.0,0.3830533599103562,0.08484996175940851,5.238839787363441,6.355615108410574,0.0,1.0
5096,hmga2,tfap2a,0,1,0.05410859762746445,0.926730637469179,4.5214887730821385,5.398039078266134,12.974339308283891,3.206924783417769,6.047823051382123,0.05346873793265113,0.7909423458753586,2.86948391545817,0.5940906942170272,0.5966687925170067,1.2039239169760048,1.0,0.24744326787733262,0.052495918125458285,3.624477367891242,2.553721987487168,0.0,1.0
5097,hmga2,tfap2c,0,1,0.78393603670071,0.642356472970276,4.186212011687926,2.0200250050171547,13.929965879269032,3.641043759269982,4.818519821118483,0.6602866597294824,0.48737423553421727,3.3275825114390996,1.8024745981988777,0.6038584879329689,1.0301981354456455,1.0,0.17072997363692288,0.043215170473318534,3.2892102954112667,2.5078554870184746,0.0,1.0
5098,hmga2,tfdp2,0,1,2.684467395594726,8.501474675990956,20.031377476841556,8.256664596535565,12.868294829621275,10.593069525209991,2.2353714719655757,2.367227810693553,4.188640745495815,0.6424068861214571,1.2829720041740298,0.5975546305931321,0.6303220054992267,1.0,0.2839250584501832,0.057548440386369304,5.063853920068877,2.8155858296052196,0.0,1.0
5099,hmga2,thap1,0,1,2.5066759705315986,5.383742831140015,33.766130289209784,30.60345184547963,12.078191755939908,12.298977206204995,7.067975742435687,2.3334491080648143,4.578326150781698,0.357701390490683,0.40188202521414756,0.5899247862103687,1.0165567457816986,1.0,0.20692458667805436,0.04371468351666818,3.27333958550881,1.6253247814042457,0.0,1.0
5100,hmga2,usf1,0,1,1.0005682187963498,1.1655923460973445,3.888792136900922,5.7256454198750095,10.870102489165474,9.579151689886901,4.874836976454484,0.7958099912096397,0.9684426375226016,2.7952387544756085,1.6730256569216633,0.5801618644979508,0.4277656128057575,1.0,0.325084444619845,0.07368305781651284,5.7713130232768135,5.4375156343063615,0.0,1.0
5101,hmga2,usf2,0,1,4.34874369363774,12.741604815034691,29.63050606787626,7.439786691723538,13.53464692027493,7.978165587946392,1.816358773907624,3.792181325554679,4.697140031318024,0.4567808220781095,1.0723648296021415,0.6018372959701833,0.6707778118065829,1.0,0.3373986102853189,0.0641865394621715,6.188218374489198,3.66232755387702,0.0,1.0
5102,hmga2,vezf1,0,1,1.1444972921653043,0.46452170267260184,3.88002292702769,1.9304011096152025,14.124132655590847,1.239333835269576,5.421755627248178,0.8838009481103692,0.3744225933623841,3.640218864997972,0.642008455702048,0.609588846297383,1.1151000918273648,1.0,0.11235624030381067,0.032000322651700164,1.8214410902144915,1.2811732019358568,0.0,1.0
5103,hmga2,yy1,0,1,2.029497584863328,1.2149622016302155,131.2628941561356,124.12581139771223,11.309411977755243,168.2160811236194,33.87519231476315,1.9985966430078512,1.2031852426327494,0.08615848408997319,1.3552062961718516,0.5855913674700237,0.468338284467865,1.0,0.4004416236506688,0.09804123804910693,7.986612633887196,10.478661099321954,0.0,1.0
5104,hmga2,zbtb7a,0,1,1.505809286108945,0.8244220648797714,3.1141904868238446,2.1685041890257004,12.307583707645094,3.1160347653106704,4.168814253548868,1.015016706547293,0.5973293524637131,3.9520972656356577,1.4369512316739823,0.5914273653967467,0.729888631352818,1.0,0.16147829377945733,0.039966737579428854,2.8338246507602762,2.408366602496156,0.0,1.0
5105,hmga2,zfp148,0,1,4.060263478384888,0.4105338886519704,2.4293268343857566,6.800386504128382,12.193814864752543,2.1669725774713537,1.6948072388848294,1.519927537383432,0.38716127259862293,5.0194213031181905,0.31865432592042037,0.5930001506004279,0.805026938137035,1.0,0.19397131217972555,0.03543133709020114,3.867104733790816,1.4369135655603533,0.0,1.0
5106,e2f4,e2f5,1,0,4.73966555320985,0.5355674327386185,999.9904504932872,0.45262176852520364,6045.631900745159,2.1902413194524013,1.7837463099998558,4.717306882759441,0.24530674719034823,6.0456896340989035,4.839010122268215,0.36193285900964683,0.7352202992893778,1.0,0.4493332236503729,0.12016438108126254,30.035948554891572,3.3043611719287753,1.0,0.0
5107,e2f4,e2f6,1,0,28.36015087648756,0.7961049193861923,269.0574548749572,36.285672409180634,1490.032976129393,1.925669376839168,10.717253484096661,25.65587869426409,0.7790134235537461,5.53797320658473,0.05306968974211305,0.3751892233460783,1.2694200040413468,1.0,0.22921064242514363,0.07604909466186202,12.128868076522787,3.2326162695019445,1.0,0.0
5108,e2f4,eno1,1,0,13.916820298835951,9.914915379809454,275.74150868654436,341.95411166483797,1452.7207987139973,475.6630624870925,19.776253143791124,13.248177736723168,9.635534304940627,5.268415356229198,1.391014309409175,0.36336240013554194,0.26431031605172856,1.0,0.7274310473297466,0.5050802349669921,139.45078621266055,429.94475303597426,1.0,0.0
5109,e2f4,esrrb,1,0,19.82241238364037,1.910581281507034,68.61844443569237,53.54775458868503,396.8783704763536,3.05730445189444,4.610188125149236,15.379578530167265,1.8447603228365623,5.783843888333827,0.05709491416359907,0.3626821900975705,0.7376139516448673,1.0,0.38969381587711394,0.11609538040807887,23.67119919489167,4.977879358430109,1.0,0.0
5110,e2f4,ewsr1,1,0,9.38209546834711,2.406898616647376,269.60426736874035,261.65506591951146,1439.8132554264687,43.879388412488694,26.145529761109323,9.066582858762748,2.384959974476796,5.340469086333942,0.16769936503345428,0.3646420930666136,0.24164049252653602,1.0,0.6656581151655481,0.2680830610404423,58.80684021890743,49.69588341578135,1.0,0.0
5111,e2f4,ezh2,1,0,10.870002272755576,4.446541407230933,87.65359828558962,118.4337324803892,465.2520575591863,43.58684903490357,9.177698295842113,9.670726680510656,4.285639011258888,5.30784892644475,0.3680273189238622,0.3471510512491345,0.3099368868840431,1.0,0.6917489318341644,0.2859093635298069,68.76507279922549,52.356926562185635,1.0,0.0
5112,e2f4,foxm1,1,0,7.6562440331381705,0.49435039708624984,246.23561991968654,1.5405914967732617,1343.789541117985,1.9379530120593278,2.843323350402102,7.425365927072293,0.37425737829452776,5.457332052756145,1.2579278907603553,0.369798295173033,0.9464005554946989,1.0,0.3383214936941857,0.10293404823269119,20.21816178947832,4.427461011342577,1.0,0.0
5113,e2f4,foxn3,1,0,4.470196241373239,0.744698032624114,999.991248413385,0.4318923442103012,6209.958735510392,1.9345050859520103,1.5627530586431249,4.450302342465795,0.27335713887458707,6.210013082977768,4.4791372477073645,0.3648438975238841,0.7430863079541042,1.0,0.20369634879892884,0.08305347181984775,8.852012559581663,3.601753708218464,1.0,0.0
5114,e2f4,foxp4,1,0,15.785013782391971,0.00010000019258127324,230.30730353770093,6.577476692522602,1306.899490757561,4.3397651345821115,6.240197071850957,14.772521142135293,9.999867225867065e-05,5.674589866159514,0.6597917921192541,0.3766228998860362,0.5813642650877234,1.0,0.5276279364187787,0.14286043012166236,36.1620432551224,5.930879686956382,1.0,0.0
5115,e2f4,fubp1,1,0,15.09280293044506,3.0044528501960897,64.61957540932346,77.97128112199036,353.71638050684123,76.43961385753627,5.4783357494261935,12.23512003298715,2.892978257916977,5.4738270603957915,0.9803560074630849,0.34691714309844635,0.2177435028351463,1.0,0.652856982392238,0.30761176050629,71.30768871866908,77.51422092611912,1.0,0.0
5116,pknox1,plagl1,0,1,0.7748529569973179,0.0045372691761118526,4.895833807982502,16.7851316371829,1.367384158147814,9.660830221410933,7.225012189258274,0.6689756391607323,0.004536043016638946,0.27929546054409315,0.5755587999089615,0.9789029535864978,1.0092211852977662,1.0,0.12297199866942553,0.021036348525511086,0.5608777371487508,0.3311392135979287,0.0,1.0
5117,pknox1,pou2f1,1,0,0.662744843096971,1.8634016558538693,0.6711428222274111,1.7829413704246948,1.39638000677493,3.1491367845968936,3.8821532731125834,0.3334586981914971,0.9111418969625847,2.0806003737633336,1.7662593043352697,0.974438329900122,0.8353826989619377,1.0,0.09766055657053371,0.020283597753884653,0.7055987110268013,0.09880043411599174,1.0,0.0
5118,e2f4,gtf2i,1,0,11.454126969960484,0.00010000000000021103,62.29450430289629,5.882088654843152,352.11128813115045,3.6206572806363075,4.322435080337385,9.675151246891529,9.999829995273095e-05,5.652365197723863,0.615539393078538,0.35398273384859297,0.5443858413179721,1.0,0.35717374135058827,0.10032488984309429,23.23617128636087,3.632404250059685,1.0,0.0
5119,e2f4,gtf3c2,1,0,20.21481187043907,0.02072179432335152,558.1256442414755,151.737271116704,3085.2665216307782,6.343271599053656,28.611758617344506,19.50824082800422,0.02071896486605743,5.527906759818985,0.04180430788276749,0.3654032982746052,0.3937851763773285,1.0,0.45586729943744786,0.13108145757277953,28.79699596271913,8.472102284912427,1.0,0.0
5120,pknox1,pura,0,1,0.3277816081632403,5.290566886181216,0.22689710410802305,15.67060748904596,1.4464344424143372,17.24915903522362,2.134702952359209,0.13408248059056266,3.9552362660496874,6.374847524390204,1.1007332706968187,0.9821879575249578,0.6656349291056723,1.0,0.18079700159564563,0.024268237982928084,0.686099767072843,1.4549122228774098,0.0,1.0
5121,pknox1,rara,1,0,0.16529630993014705,0.00010000000000000005,1.435598901655457,15.129008232649646,1.3869184551431555,6.244202698554791,9.685061833608316,0.14822906537923022,9.999933902250908e-05,0.9660904961294093,0.4127304713258922,0.9920999712726228,1.0492749506903354,1.0,0.08323960663620154,0.020088788511422193,0.1240723112246632,0.2422177787187049,1.0,0.0
5122,pknox1,rest,0,1,0.18508517476682407,5.388729202296017,0.12369491715231863,32.152325643196555,1.4488549228756566,140.4059294901106,1.8848296679287202,0.07414368982343517,4.615218640720403,11.713132246909778,4.366898091548179,0.9770068766159149,0.2922089504617884,1.0,0.21248594494415476,0.06052612722490012,1.8730484090559145,5.027559641435663,0.0,1.0
5123,e2f4,herpud1,1,0,0.0001000000000000003,75.5024813086514,384.2628332226092,462.1300213284984,2030.5503998902257,3.202058298491669,-1.1633796074303437,9.999997397615274e-05,64.89928180750326,5.284274783645021,0.006928912104187951,0.37890855804761137,1.4274743980721711,1.0,0.35001389562480545,0.10105708876107182,23.49932397752619,3.7836816911734292,1.0,0.0
5124,e2f4,hes1,1,0,1.7383707434378897,0.10055073995225368,252.03657541334564,214.60122290383552,1325.205270109417,8.178578016310063,78.8203133458663,1.7264628191632299,0.10050364927790408,5.257987924713111,0.03811058439296475,0.36150634389499237,0.6076540540540538,1.0,0.4097538669713833,0.15783706333414338,33.311301592546776,10.779348017128395,1.0,0.0
5125,pknox1,sall4,0,1,0.021748071330198408,4.771262925461381,0.006061173132999247,35.83826630612274,1.3666375914747004,42.97383206228494,1.4484195548312329,0.004740108125396822,4.210681447797345,225.47410567010945,1.199104657999127,0.9781447500718182,0.5212534536306564,1.0,0.14697465487374747,0.030860076451731885,0.8337289474348809,2.1474930481421626,0.0,1.0
5126,pknox1,setdb1,0,1,3.4726905609458925,3.0488367338725784,6.476357877559916,8.21846822378069,1.3843656150887007,11.268425624461356,3.9277571450128272,2.2605565758093342,2.223847487131995,0.21375681227954085,1.3711102017594239,0.9800508438669587,0.4466963098230765,1.0,0.24653232237072292,0.03612146769163406,1.0863347159647692,1.9108384549754787,0.0,1.0
5127,pknox1,sin3a,0,1,2.025852167557995,1.5359708063566586,1.5775674979906338,0.8106779855830891,1.3701601888339954,5.054488960954455,3.4724004355781224,0.8869126640531843,0.5306195471127066,0.868527141044161,6.234891104535123,0.9765023656521434,0.6145217259153253,1.0,0.18001665371855552,0.025723580546720682,0.8698148766967143,1.2400566674180227,0.0,1.0
5128,e2f4,hic2,1,0,3.9707554576378086,1.9636411948303119,999.9990153326296,2.3742879927326,9999.95632128678,3.855183312855247,2.0336304628824564,3.9550509022188245,1.0747639044656696,9.99996616792717,1.623721858786922,0.36268350862974086,0.42551676002443733,1.0,0.3811570816681618,0.11447512747915535,24.839310969009986,5.59429099524578,1.0,0.0
5129,e2f4,hif1a,1,0,13.434064358663043,0.18660354569891124,340.5190781815835,6.468166666016359,1862.5125355590983,4.557376313589809,3.82937430377126,12.92418306788688,0.18137107603285038,5.469627562441316,0.7045854797672715,0.3768956387495918,0.4451142187320932,1.0,0.43324779124723023,0.1305551885997034,28.06480894678637,6.804130178074844,1.0,0.0
5130,pknox1,smad1,0,1,0.011711632267480756,3.0100702164831326,0.0001835317368230171,1.5174863634697202,1.346882151724736,2.075846712165632,3.030345198235863,0.00018070000634758305,1.00887541125926,7338.687984103579,1.36795081796928,0.9751276845205752,0.9549495652437735,1.0,0.160713710643932,0.024030346046868215,0.628678491381297,0.269709756394689,0.0,1.0
5131,pknox1,smad2,0,1,0.33867349558973386,0.01703251189765424,0.00010000000000003062,0.0003203698883034855,1.4560150759595876,1.7814027859566672,11.13268612782932,9.997048175220371e-05,0.00031445520124472596,14560.150759591417,5560.456369323791,0.9644207181183164,0.7454585567686433,1.0,0.18782064985752822,0.025598006168260495,0.15454738222437092,0.2259856747156013,0.0,1.0
5132,pknox1,smc3,0,1,0.3667209545277592,0.057205633548757184,7.455034431225871,16.81294578782322,1.4039474424263643,69.2737177191772,18.059222850778,0.3495273385352804,0.057011652805610505,0.1883220601297083,4.120260577378933,0.9857171613350142,0.24723420648043792,1.0,0.2944150613409914,0.06064655137437297,2.171934095768589,8.349086632459333,0.0,1.0
5133,e2f4,hltf,1,0,6.0842647107721195,0.5981429737322522,383.47328528166446,0.5406831535280563,2096.0240376382035,2.1823258094678253,1.8424101726685649,5.9892382453077335,0.28398174361895423,5.465893239730261,4.036237850629802,0.36871492795956623,0.7494713759887228,1.0,0.3405378155079215,0.10579328188931346,17.948559811927552,3.9010388083344822,1.0,0.0
5134,e2f4,hmga1-rs1,1,0,2.275527905401489,8.312477095164592,251.0481187789248,407.81224035881195,1332.3142728398539,10.473642300345261,35.29451615168094,2.2550875425848536,8.146427657197048,5.307007594082399,0.025682510880816304,0.3628499121673237,0.5981859235423937,1.0,0.6394096245313174,0.17554511263623462,50.70128641452686,14.593648797061448,1.0,0.0
5135,e2f4,hmga2,1,0,0.9128039720717336,0.2045534301515275,306.358556880476,306.67137878752294,1622.9417742247665,9.758490354213588,95.52561181410671,0.9100923262837299,0.2044170815448304,5.2975238907981534,0.03182067525438933,0.3668363462895932,0.5626822157434404,1.0,0.48567714127644374,0.15848470071687265,40.707190028625476,12.582748305275565,1.0,0.0
5136,pknox1,sp1,0,1,2.8976604939110615,2.516633393868344,15.44706193855973,12.581653397404045,1.5022244372578957,4.152002018124639,5.386284691213211,2.4399573932573873,2.097152447010561,0.09724984875654365,0.33000448247774145,0.972079270210758,0.9581695127030403,1.0,0.10615381877681372,0.0192806233156093,0.06321396036603044,0.1111211221307256,0.0,1.0
5137,pknox1,sp2,0,1,13.824751411827911,0.0001,14.087702055872807,18.53271485197627,1.4228421966840368,13.415518556603523,2.0190311329375397,6.977494082048595,9.99994604165595e-05,0.10099888477488703,0.7238830718410872,0.9782951696025101,0.5904004645086368,1.0,0.2050764948797621,0.040202626883652635,0.5219616911871028,1.567498784970687,0.0,1.0
5138,pknox1,sp3,0,1,0.18578993361886395,0.00010000000000004736,0.8031931876483093,27.830785457453395,1.3728029409233964,10.745375523017634,5.323015746962612,0.15088751851002521,9.999964068700948e-05,1.7091815045678644,0.3860967395061393,0.9777063711911358,0.5589160864055134,1.0,0.1724764195648983,0.024786859468228385,0.41907964645275725,1.2253694034828575,0.0,1.0
5139,pknox1,sp5,0,1,0.08656273427137012,2.8640863998349975,0.04562531936483693,51.259310599692924,1.413925970600074,390.4183004344941,1.581901371807902,0.029877528926282634,2.712525497148284,30.98994133704137,7.616534359649249,0.9827692840669731,0.9543311302306178,1.0,0.17181421990829998,0.06318169614625084,1.6242023006246558,23.75638190172487,0.0,1.0
5140,pknox1,taf1,0,1,5.132787785233616,0.0001,10.441001194705075,13.217489609402783,1.4109801221056402,15.46580010515905,3.0342004109102474,3.4411307015155654,9.999924343240366e-05,0.13513839293699034,1.1701011736870852,0.9654241051644596,0.4799286473400297,1.0,0.14754611871452153,0.030147690806653558,0.8830735452176541,1.3676807359349683,0.0,1.0
5141,pknox1,tead2,0,1,0.01902286799089194,5.107902047564021,0.00545799876552673,36.267226684755826,1.3515310358470938,38.633951519588166,1.4679105652136872,0.00424114027677732,4.4773139593358335,247.62391746650803,1.065257949150745,0.9680635938125551,0.5412204604625149,1.0,0.17245436495168057,0.02692680273372142,0.929954283674072,1.4485710633132485,0.0,1.0
5142,pknox1,tfap2a,0,1,0.4997992793633994,0.9918020005468154,0.19868081546558883,0.395262689414697,1.412309328528734,1.970017377802736,4.704338187524363,0.14216658302531296,0.28262728403380283,7.108433319136157,4.984071177373021,0.9861886486193625,1.1463877706198191,1.0,0.11948762960510123,0.019026834434021662,0.30037754796077326,0.5178362768980198,0.0,1.0
5143,pknox1,tgif1,1,0,0.1468932403901053,5.797119484029789,0.08491998727239847,35.37838014782563,1.4259529684200467,81.22373688202246,1.7915038272808417,0.05381130416979579,4.9809400906383345,16.79172376517211,2.295857994137544,0.9881111950953222,0.3251072039707971,1.0,0.21961195337646328,0.048300561735222944,1.3711006851818492,5.208521272772348,1.0,0.0
5144,pknox1,thap1,0,1,0.03292541277899656,5.271178095879227,0.013605819759331509,48.888965094275235,1.359038674600305,18.4232088065102,1.5545312050198419,0.009627452515976574,4.758156584452944,99.88657049996657,0.3768377745567682,0.978076690228136,1.0060872658996325,1.0,0.131364386615394,0.01770175843724454,0.6750041318753098,1.1795324220560404,0.0,1.0
5145,pknox1,trim28,1,0,1.0284033993159096,0.0001,0.0002149680502469324,20.716819989395564,1.384844821613291,142.50072549784733,1.0002138588677956,0.00021492312468066502,9.999951730276484e-05,6442.096023211489,6.878503823018686,0.9808613656995071,0.2350741739125555,1.0,0.2851732810051701,0.08287892729630232,2.6276007721203474,14.57702893243454,1.0,0.0
5146,pknox1,ubp1,1,0,0.08586566656320957,3.4729091213822985,0.017941326388051397,0.6336614145031481,1.3578269204907882,3.218375993461073,4.920376285804853,0.014840464072217603,0.5358847454501339,75.68152382507665,5.0790152592525954,0.9826350965895108,0.6076023696675602,1.0,0.17281302870375667,0.02717852699631775,0.2327175342199853,0.6561862901108364,1.0,0.0
5147,e2f4,id3,1,0,0.38535666632638066,59.39678639247193,357.85035644371743,584.0372124318709,1848.4768276015895,19.804968986809314,8.298301408983448,0.384942135460675,53.91374036102329,5.165502267404664,0.03391045735655004,0.3588183161520257,0.7826866517707781,1.0,0.4912800066312555,0.19229808864470463,48.40267079640023,20.754396015972965,1.0,0.0
5148,pknox1,vezf1,0,1,0.006262335886642536,0.6917133565315441,0.001,0.23078505979890712,1.367378234788519,1.3834346154040933,4.042307839407629,0.000862303256747009,0.17304865301107575,1367.378234788519,5.9944721578144575,0.9699567377022913,1.1314976795541984,1.0,0.06855649061986059,0.016821062490776036,0.4945834022450687,0.24306283197661155,0.0,-1.0
5149,pknox1,yy1,0,1,0.02360607432719839,5.445075263986262,0.00930168352764593,42.22824429678296,1.3689788659656332,66.38391520901149,1.5737899713266807,0.006672476249832473,4.8231583321753435,147.17538625097626,1.5720264082603301,0.9821051246613717,0.47386229750661757,1.0,0.2544773762094511,0.050298422002355875,1.3019723618516112,2.5760079199103845,0.0,1.0
5150,pknox1,zbtb7a,0,1,2.060221082534113,1.8102911581048855,0.0001000000000004919,0.2378323520739487,1.514487160000263,3.595497008901142,8.103976022350603,9.99951463880696e-05,0.21021476582394386,15144.871599928132,15.1177792993579,0.9682990928300174,0.7484140715109574,1.0,0.1834014696847952,0.0331532003920516,0.34301191413718307,1.2305918130997606,0.0,1.0
5151,e2f4,irx2,1,0,1.0646926255088975,0.00010000000000003498,289.68589035725154,189.46410964667376,1605.192400054369,2.9700947398049125,115.5845431898077,1.0607938529761516,9.999994721961794e-05,5.541148027868342,0.01567629217662257,0.3766235074240647,1.3586285768745083,1.0,0.2435034204048678,0.09447856170370232,13.5599375046382,3.5961764455243417,1.0,0.0
5152,pknox1,zfp148,0,1,2.39047897749345,2.7067676032532706,2.544783050260963,2.136414695175158,1.3899018880011353,2.92436721037667,3.4583254067217886,1.2326094034562176,1.1940038032206204,0.5461769669750839,1.368820022152539,0.9610878815229605,0.8218377323184528,1.0,0.08948572494452336,0.019369050347268095,0.32389638742307125,0.2624135889280081,0.0,1.0
5153,e2f4,junb,1,0,0.00010000000000171234,26.982204883681334,262.35635650699743,358.87841394759477,1459.9641390834356,6.413554086360845,8.05517691305242,9.999996188563114e-05,25.09541119483561,5.564813288770064,0.01787110574808042,0.3782133805146303,1.5208273484630854,1.0,0.2313727814453527,0.10817596285220449,19.803792707189643,5.713655587833011,1.0,0.0
5154,e2f4,jund,1,0,2.753642919321313,350.2472683405962,564.8663458804003,226.0096354099247,1410.0983185116534,827.0516737052428,1.5302057226896295,2.7402844233614325,137.36799838019928,2.4963397603620288,3.6593646647196207,0.35996956689750126,0.7482794198684505,1.0,0.4520656193241976,0.21482429827589886,56.55012402493125,52.07515532609219,1.0,0.0
5155,e2f4,klf10,1,0,12.763394015265051,9.999999999998899e-05,399.1688182537715,9.798281246095556,2218.430541362764,3.538650084613172,9.391510649265001,12.367930339599626,9.999897942324791e-05,5.557624844214152,0.3611500829314593,0.37415932706919147,0.7474588145010554,1.0,0.26898800786267607,0.09905909938575369,15.106623516304644,5.505168568845299,1.0,0.0
5156,e2f4,klf13,1,0,140.01484974402638,6.3646741261518205,52.05211302803486,275.00186143444597,331.2568988973872,47.81514968561019,1.3938814701365345,37.945457559656525,6.22070150818787,6.363947198819284,0.173872094669469,0.35024005231035255,0.5600346276624524,1.0,0.5673743986465302,0.1803741209304025,42.46608414425971,16.137008119905634,1.0,0.0
5157,e2f4,klf15,1,0,23.46613029730242,12.05243739751637,180.56848538223352,345.7619260637116,936.3010277485893,31.322779792112442,8.997937622129724,20.767278098639917,11.6464692138585,5.185295904579337,0.0905905984175388,0.34853739414877855,0.5414237058975996,1.0,0.5444786977328736,0.18756529250394938,44.410049815513645,24.62295134621345,1.0,0.0
5158,e2f4,klf16,1,0,6.6656012398493845,0.11698582296135085,314.9349504502216,0.016551741760961254,1781.3830091745383,1.2542150294622982,1.1654308935053594,6.527447745848232,0.014500183041201448,5.656352229652271,75.77541068339256,0.3773951159339396,0.923785621988254,1.0,0.36964510090034614,0.09655500873139648,23.588141033402625,2.6777912858407618,1.0,0.0
5159,e2f4,klf2,1,0,6.328557741682252,316.4211941514349,378.0536125508933,58.76735876569347,392.85398368235474,1573.951525796223,1.1967937373675284,6.224362890346349,49.56238055022388,1.0391488684147119,26.78275081362081,0.3406927757181434,0.3153981012291205,1.0,0.7192770363790371,0.449535063133418,131.40620663643912,321.7507767296214,1.0,0.0
5160,e2f4,klf3,1,0,5.4743026117084685,0.9339782512993691,321.1194798636896,331.394137170643,1755.5598830268264,16.866090442525817,47.7009814277652,5.382543396767456,0.9313533895033916,5.466999024076755,0.050894353733968,0.374081351043467,0.4051543978355628,1.0,0.5298589644372894,0.1825555110544946,44.695890710919116,19.41625633968013,1.0,0.0
5161,e2f4,klf4,1,0,6.631936039687403,0.06563503298661803,351.67418251225416,249.15442376612413,1869.7905423706031,42.220764064159454,52.37926956788478,6.5091846453984745,0.06561774722889888,5.316826299313143,0.16945620882810883,0.364133489693072,0.2893113321986295,1.0,0.4514038905593825,0.25908180713285245,56.661381516688564,42.6115387566624,1.0,0.0
5162,e2f4,klf5,1,0,10.808400050892505,2.773610900428022,282.4123221473252,254.39746395574744,1530.1073883879726,33.60211130194792,24.800751663937803,10.409991947998735,2.7436972819105607,5.417990889185657,0.1320850875612228,0.3718290981912391,0.2820095737780218,1.0,0.529883601706359,0.2135051633637062,49.2479548583632,28.912723295315647,1.0,0.0
5163,e2f4,klf6,1,0,4.75814764790294,6.81348130757736,226.97416491534958,265.595341873547,1211.6461290068082,19.29587894148986,33.75023258002693,4.660448847123638,6.643062717655847,5.338255697333191,0.07265142078687829,0.3624741735771617,0.6387071505514043,1.0,0.3647416347038314,0.17068222418546736,35.34318513908578,14.819870517707484,1.0,0.0
5164,e2f4,klf9,1,0,45.413510321004644,5.804873485408559,214.71515346896211,219.12773640624317,1117.4974525596112,108.86800142704367,5.879741151653623,37.48517635877275,5.655066144455059,5.204557920133707,0.4968243783854553,0.3537541289056969,0.23789930958802222,1.0,0.5762388484923463,0.23252099342685573,55.466711398634395,41.62972327859035,1.0,0.0
5165,e2f4,mafg,1,0,11.429201964865321,2.3794826330184353,48.56649974061333,62.17167419546524,275.94929115624865,15.452960792415935,5.429555506224624,9.251935030061675,2.2917702219786076,5.68188551017788,0.24855307489118675,0.3473128778376515,0.35917920253419233,1.0,0.579310241155096,0.1901330498474723,42.56596385678404,16.73914638116011,1.0,0.0
5166,e2f4,maz,1,0,12.293326944596911,3.381836132345336,84.59804401576758,103.48102609278375,449.42477461398664,19.661148454540808,7.956115087078132,10.733581366958488,3.2748128373680556,5.312472408111726,0.18999761789095632,0.3479927209236491,0.3200650914808594,1.0,0.6391524542252377,0.20943925627628193,54.58077269529961,20.535677207100647,1.0,0.0
5167,e2f4,mecp2,1,0,5.733970647335278,0.34511481414155804,287.64639372960744,0.29584366932041006,1588.8385737563717,1.2520569478293069,1.813488044579401,5.621903094844752,0.15929273983706946,5.523582455373688,4.232157310330278,0.37334473149082475,1.1267700957934197,1.0,0.30378642538365475,0.07430870490998341,15.672130021481621,1.766001793483495,1.0,0.0
5168,e2f4,meis2,1,0,1.5920990524798078,0.0001,300.0993991703157,146.2851223958719,1624.0528251202934,2.8682835242650397,189.1285024435607,1.5836971604548784,9.999993164039514e-05,5.41171635001706,0.019607486238436382,0.37254835563960637,1.7610110370678878,1.0,0.29512223295203754,0.09736759750251475,20.378065625246904,3.5902548018121117,1.0,0.0
5169,e2f4,mga,1,0,4.459921871829867,0.00010000000000021103,999.9931206136486,296.24658458901393,9999.95658459214,16.862523813051155,98.30507213890803,4.440119151083851,9.9999966244559e-05,10.000025378630244,0.05692056783184426,0.363180209976736,0.34906044050315255,1.0,0.49536342625663704,0.1902704185601742,39.84718526805962,19.36746662979099,1.0,0.0
5170,e2f4,mitf,1,0,8.265249936772548,0.004341055965230038,368.7079902297197,205.87903316457414,2094.283050101028,7.478624714198705,45.50662061551297,8.084031884034516,0.004340964433959169,5.6800587608535595,0.03632533434436956,0.38205857085997946,0.5073473710910855,1.0,0.2692052877043161,0.10975312882456971,19.35513280620551,5.6244578083873344,1.0,0.0
5171,e2f4,mlx,1,0,11.812555494039982,1.0654390086554326,326.33552768754754,226.74651261152047,1870.2451115849897,10.196447601593027,27.785971086633882,11.399906497225052,1.0604561257421723,5.7310496495363825,0.04496848698644536,0.37567623125540117,0.5370482132179746,1.0,0.4720672058351907,0.13226121064468055,31.71419229742335,9.144293922585987,1.0,0.0
5172,e2f4,mtf1,1,0,7.502120846564524,0.04291044242488694,182.86133150878456,0.0044641111281078045,999.456441940901,1.3794629905497369,1.1493252267723382,7.206466315717934,0.004043457281907365,5.465652216870616,309.0117945012824,0.36561172737192166,0.8207322485207099,1.0,0.3361195743241244,0.08489291128069398,17.19150750631115,2.952212010617243,1.0,0.0
5173,e2f4,mycn,1,0,0.7170854168459723,12.938944609051667,353.8332372047116,522.6705810131622,1898.0671190280277,29.612681967458578,41.42864407255213,0.7156350966452993,12.626373081497857,5.36429854363821,0.056656492718714646,0.36520901504869624,0.5461807981725341,1.0,0.5137695923140089,0.21409992929586577,47.566829523864456,24.188807483553983,1.0,0.0
5174,e2f4,myef2,1,0,1.7731265185734495,0.00010000000000001147,673.7478731100477,471.60591732353896,3817.664003211189,3.1996396605413424,222.2199531271564,1.7684723662190491,9.99999787958715e-05,5.6663095433440045,0.0067845621588040255,0.37170958791150466,1.3804587021370236,1.0,0.23445739248922273,0.08994839425832618,20.068126960930876,4.815081786692133,1.0,0.0
5175,e2f4,nfe2l1,1,0,5.497396870686391,0.2406403039494723,300.02611450135083,0.09538579612299959,1636.6562191545972,1.6389690728593223,1.411406578713354,5.398480187586896,0.0683091788600663,5.455045877838838,17.18252758247023,0.36827986050800193,0.8292082387031092,1.0,0.30318395050975055,0.09338531169675521,17.16476654517205,2.980173451803984,1.0,0.0
5176,e2f4,nfib,1,0,9.09674230568146,0.3694022589275705,262.2750109756712,2.865783571016368,1491.3020246102717,2.3771259348279,3.4156970842859664,8.79180739784608,0.3272229109476875,5.686024067114064,0.8294855057686151,0.38267260587092133,0.8014496540378381,1.0,0.337968609584713,0.09898310274170433,27.57296043881617,5.250028261557061,1.0,0.0
5177,e2f4,nfic,1,0,38.96938351511278,6.832223090563147,270.2177223738699,292.0987387479464,1521.7886020830558,9.817277129591687,8.119682666552126,34.05775291143159,6.676069067332721,5.631712785949428,0.03360944717417308,0.3794485061046195,1.2431644876237107,1.0,0.20765324300842145,0.07525128801628977,8.691450533205774,2.9319233640716895,1.0,0.0
5178,e2f4,nfyb,1,0,10.329309838266791,3.2764297466636774,87.90160639139351,105.77101741846708,482.0763790587332,16.183793773986114,9.464368385175618,9.243148313666257,3.1779864344734654,5.484272686806478,0.15300782926155823,0.3563632232990809,0.3798865204535331,1.0,0.5746356369715742,0.18093188343994981,45.826427211047516,16.03707288957272,1.0,0.0
5179,e2f4,nfyc,1,0,4.26124459750968,1.6385238787166174,318.78936972210494,381.38496378622676,1725.2939288501846,15.108300801450175,48.22775463627201,4.205036050876674,1.6315144900300595,5.412018381774015,0.03961430637291368,0.3697273871033663,0.4186122550390189,1.0,0.6099436823152239,0.20415619130396315,45.62281513957987,21.925088362892915,1.0,0.0
5180,e2f4,nkx6-2,1,0,188.1461135434011,5.763398241289066,79.64863476185535,408.6363540046781,461.9766106324848,257.98873612319926,1.4119780836603013,55.95920448148226,5.683241920954255,5.800182413845098,0.6313406372068546,0.3483856110297622,0.4680333468483228,1.0,0.44383314617386227,0.25674695897304667,62.730094547724306,54.102673020983545,1.0,0.0
5181,e2f4,nr0b1,1,0,0.0001,16.15384563426577,272.9039037967033,393.9945277926955,1485.1305934455252,26.200014606408942,23.02148955714896,9.999996335707845e-05,15.517620439477437,5.441954375822548,0.06649842258772275,0.37057068051240927,0.6252948535852617,1.0,0.449350938651958,0.19650547753675593,41.84775269954715,24.30390363351369,1.0,0.0
5182,e2f4,nr1h2,1,0,25.6403526203617,2.9931774914307927,23.53589408734319,55.3035188713713,153.21854042521667,16.370078519366622,2.0217272466720555,12.271547017849462,2.8394962015091125,6.509994472978718,0.2960042842380657,0.32942062870849637,0.42597956565673445,1.0,0.563745303969906,0.15879157292549997,35.56325354672647,13.638545949254159,1.0,0.0
5183,e2f4,nr2c2,1,0,10.406647845142668,2.1662013487086216,275.7333674628224,4.339392292773072,1530.7295873956145,1.669550756760499,2.4971232824354956,10.028167683057495,1.4449100197779818,5.551484760370924,0.3847429879849787,0.373261773419823,0.9159200628845239,1.0,0.25240369975163596,0.08645768517293695,19.88826664982227,2.756695317001503,1.0,0.0
5184,e2f4,nr2f6,1,0,3.6453880920033455,0.00010000038112911724,1000.0,440.76994036396843,9999.959355486904,3.251786245545952,265.50512196747684,3.6321475047411624,0.00010000035844137691,9.999959355486904,0.007377513636389927,0.36751781540730877,0.9636322343174877,1.0,0.4794506855580004,0.11544782867559997,30.65370359988603,4.069073427149208,1.0,0.0
5185,e2f4,nr5a2,1,0,13.529577411531534,0.00010000000000021103,297.5194757248926,14.344191672357974,1630.267450831936,4.629346609606446,7.361903119085127,12.941086743937893,9.999930285878166e-05,5.479531875551555,0.32273318116122535,0.3711987541810524,0.5107498098886593,1.0,0.26793274649581383,0.11876189784810219,20.500132566065574,6.064760735574959,1.0,0.0
5186,e2f4,patz1,1,0,20.781013777493015,3.4696259861752354,79.34588052122433,99.58564103213936,448.8119534597511,11.581360406819929,4.977389245694813,16.467981433435916,3.352811922884292,5.6563989272221615,0.11629548483884605,0.3603519738523325,0.43715740161223804,1.0,0.4749842674463038,0.13428807545332758,31.746657859956954,11.804896000174583,1.0,0.0
5187,e2f4,pknox1,1,0,5.0449510100229125,0.037733819067288836,183.765711631534,0.01051512294809124,1021.0021501471348,1.3609680453532798,1.3133035488901836,4.910151786623919,0.008223511857878528,5.55599921814757,129.42958937064353,0.3690531437798201,0.976361448064154,1.0,0.27936644201879735,0.0765882432830877,12.797967105635447,2.7559391232566988,1.0,0.0
5188,e2f4,plagl1,1,0,7.787318477628386,0.0658143150458037,233.15749868751863,2.2712224757910056,1255.3580664335093,2.1750261899686265,3.8279460753697094,7.53563292661507,0.06396088933939993,5.384163380976908,0.9576455909327525,0.36609080142314554,0.9439716523833696,1.0,0.2807510402928467,0.09018313464966916,21.688058297999092,3.2556564751086072,1.0,0.0
5189,e2f4,polr2a,1,0,27.629632214831666,0.00010000069409032974,320.8824467052539,24.59289031715633,1754.4564156995777,2.9027093948218012,10.859555206848427,25.439187112635047,0.00010000028746475517,5.467598597910003,0.11803042901373949,0.3722000144991328,0.7601393896527333,1.0,0.3563650625866997,0.10789649755946877,20.453675333032585,4.529626254678939,1.0,0.0
5190,e2f4,polr3g,1,0,1.26269393231222,0.23510834850987608,351.2974816925104,440.7561721356308,1910.2253238629921,5.573655964916415,90.8421569392553,1.2581715951994918,0.2349830037740837,5.43762885705798,0.012645667417225125,0.3602179329799688,0.62126868921469,1.0,0.5650891339102393,0.1509381004720403,45.02074765678998,10.889227721604387,1.0,0.0
5191,e2f4,pou2f1,1,0,37.93195913961473,1.4070746412314794,269.7657067843833,36.27813287633229,1470.853278275918,3.015050889559567,8.426455115122018,33.255831617331886,1.3545378721272108,5.4523360133819105,0.08310931821760248,0.36995823802838756,0.8304492212928637,1.0,0.39020730973056506,0.1082051120228687,23.971721333467492,3.51189476401679,1.0,0.0
5192,e2f4,pou5f1,1,0,11.437187997855045,46.611127747964424,327.6004877758943,150.3283229180001,113.93724697473235,3460.5019023800864,4.372668297814485,11.051362826656158,35.57932471109056,0.3477932763417459,23.019626875420496,0.32125963683321523,0.23751110034687128,1.0,0.8243224050175328,0.4927687542182297,112.56108978217878,401.32962796309454,1.0,0.0
5193,e2f4,pten,1,0,11.502816713969754,4.821935827409533,95.3816110281719,129.19446238583632,524.8673744432047,8.012472258450114,9.359037630793885,10.2648927698533,4.648441647341667,5.502815152578833,0.0620186973224986,0.3578171508055491,0.630593049208205,1.0,0.48484471455546324,0.14189301321340628,30.67999394871503,6.97285167924317,1.0,0.0
5194,plagl1,pou2f1,1,0,5.283593407074564,0.6822086411623158,8.90904726357191,11.990025798281744,6.9779818620550715,3.6069235670737867,2.839010817525485,3.3166332099479634,0.6454819981775645,0.7832466991826671,0.3008270063597932,1.0021625247362478,0.8495779056183738,1.0,0.1369735060724819,0.019715162851263523,0.7089479663747971,0.5818324036911358,1.0,0.0
5195,e2f4,pura,1,0,8.72546834951936,10.577818824273189,243.73835406594137,359.84945325895393,1310.873256283112,9.814230000407523,22.544975237522834,8.423905150522966,10.27576155281503,5.378198524834816,0.02727315523623995,0.3678763013606566,0.6390537372280024,1.0,0.5260764562662844,0.14137793714463612,35.71766923665152,8.79027761410019,1.0,0.0
5196,e2f4,rad21,1,0,43.77898941118795,3.214273009471479,266.0219594946867,83.30771733472818,1407.0051712714082,10.94038146925939,7.349508187969976,37.59243665647958,3.094863470482419,5.2890564897124985,0.1313249458666744,0.3645098300409659,0.3632468717778797,1.0,0.48941260057267794,0.18490587651279314,41.389398790729906,20.087383358540926,1.0,0.0
5197,e2f4,rara,1,0,7.487024204492496,0.7397788839038217,91.83005630606276,0.6832497677829894,508.91694820805424,1.4969171658734053,1.9560669884465085,6.922614425726405,0.35519576505989325,5.541943114048323,2.1908784114637987,0.3590191282168974,0.9964018665317368,1.0,0.3813426257777635,0.09980913726149707,23.32877707528366,3.216592230570073,1.0,0.0
5198,e2f4,rarg,1,0,5.557930480649707,0.4080722528403574,351.4362616497496,0.16768174299722227,1923.6597590440017,1.6874109076209858,1.4226393748630244,5.4714008061936825,0.118846359938034,5.473708802881503,10.063176094543211,0.37124716316508943,0.7916883179296487,1.0,0.2801538035129338,0.08678123038253219,14.761910763975044,1.637731130852099,1.0,0.0
5199,e2f4,rbpj,1,0,36.830022984552585,4.284278871117697,56.44744377118878,98.73308238430702,329.77530187392614,11.156833187518732,2.6425455306622605,22.28791929948247,4.106104578728326,5.842165381495026,0.11299994812369027,0.3534292433162949,0.5578325333333332,1.0,0.41303117020184865,0.10818783073221352,24.024489495391503,7.8129217015393895,1.0,0.0
5200,e2f4,rela,1,0,6.703717051693858,0.499033494808045,302.3755335140112,0.15122445424755196,1633.456418965373,1.1770775951056816,1.3247023868419774,6.558318024658178,0.11605558688394106,5.402078666823364,7.783645845921353,0.3674236827530022,1.037046691023675,1.0,0.2992942830165934,0.07307459456574227,13.291734630260326,2.1774890144180907,1.0,0.0
5201,e2f4,relb,1,0,6.185095724454451,0.31548444005744425,151.61648457255117,126.61971198070574,793.3216592377728,5.714159143582278,24.387581751913075,5.9426684366626406,0.3147003357686035,5.232423515651125,0.04512851162110525,0.35263459218008625,0.6110733341688414,1.0,0.3675120365523585,0.11310973189922413,29.19205450171133,6.72697252948883,1.0,0.0
5202,e2f4,rest,1,0,25.198424611517108,10.137547868547438,212.90385296594894,285.78853862353105,1161.9953386002198,81.32340946623123,9.757193270040005,22.531668924160325,9.790265619776031,5.457840815995308,0.2845579807290959,0.36947800870362374,0.27905512494782675,1.0,0.694417069099523,0.29140330382758645,71.17022356185429,59.23079695107057,1.0,0.0
5203,plagl1,pten,1,0,2.701761672484602,22.854743536016542,45.40967763526166,18.283513284895676,8.211992268648181,18.013930974593276,1.8513187685745827,2.5500406630960613,10.157576896919574,0.1808423379396858,0.9852554426437775,1.0066549101663271,0.6502431860881301,1.0,0.17085612171061676,0.03365299558008175,1.9148708644320322,1.2014028441877758,1.0,0.0
5204,e2f4,rfx7,1,0,5.567218746500663,0.284532529302545,275.4765357236141,0.12857518635593834,1530.832442389912,1.5938606081862834,1.467835298118814,5.456937254461017,0.0885575882335858,5.557033880830409,12.396331309012874,0.3709161879342709,0.8623706356066845,1.0,0.3134290338318888,0.08913506415910678,18.06703910178536,1.6312195460278724,1.0,0.0
5205,plagl1,pura,1,0,2.0386653831390245,7.536609396259074,128.41015005293374,140.82635365604534,5.400834770589294,116.87513573457248,18.992365943674983,2.006804944004212,7.153761278216595,0.04205925130032899,0.8299237514877976,0.9924199687561992,0.6834327508303902,1.0,0.18242892547364964,0.0413249943004564,1.1232858178370286,2.978863558228109,1.0,0.0
5206,plagl1,rara,1,0,13.410053203304155,1.6908143799956905,37.87906261503107,45.17676604084029,21.263432770095566,4.928510741500408,3.967821315810426,9.903860436160347,1.6298158551746984,0.5613505536342884,0.1090939253386349,1.0217956934840051,1.0473157571204152,1.0,0.12754426438480568,0.021812944049962642,0.6427884574841275,0.8495941500266039,1.0,0.0
5207,plagl1,rarg,1,0,3.2796250737911183,0.7098148790589901,11.318721773055454,0.600832313561435,7.799676182188556,1.8758519945162433,2.2531072804267938,2.5428333851511944,0.32539627627223355,0.689095141534083,3.122089062415978,0.9985630641545084,0.8038509823546829,1.0,0.04456420042488007,0.01501776519714655,0.8265328362407978,0.6216019479636974,1.0,0.0
5208,plagl1,rbpj,1,0,42.9531832766627,6.360391753801415,205.56286528519652,226.61248194752167,99.79893649576307,20.32325001446096,5.948132221113281,35.5292122121166,6.186746716853085,0.4854910752353189,0.08968283582528948,1.0214167694352319,0.5791335591673697,1.0,0.1786880580299611,0.04375266388363841,1.8100618119215417,1.6083381472328342,1.0,0.0
5209,plagl1,relb,1,0,3.332610675104046,16.70250263181756,83.5301268243995,57.84655419306959,6.747843166205871,41.33650002026794,4.641421137109697,3.204750395408383,12.960354762379444,0.08078334635348354,0.71458880475927,1.0010198103919448,0.6551999634361911,1.0,0.20547168763571158,0.040648185928471366,1.8694998206050135,4.124095870719534,1.0,0.0
5210,plagl1,rest,1,0,5.904394308826059,99.49747416735782,342.0127427937381,120.74872977745939,20.506817334721656,476.84462333202816,2.224913406619379,5.804192656086486,54.548924824076416,0.05995922013668643,3.949065337671507,1.0147800237812126,0.30481085956730064,1.0,0.25490365810229965,0.08102542418649827,3.461889777987179,14.136404076600915,1.0,0.0
5211,e2f4,rxrb,1,0,9.377821649694916,0.00010000072904414736,999.9712552323188,9.282367717788748,9999.961435898358,1.9293708363548132,7.604332189927959,9.29069268617998,9.999965172870575e-05,10.000248890729477,0.2078533080150836,0.3706029481762535,1.1136320595909437,1.0,0.4507571008574921,0.11267706134722168,25.232823755666434,3.9849973339067057,1.0,0.0
5212,e2f4,sall4,1,0,18.299961840920318,1.257838180154915,999.9910838159093,316.6771098963403,9999.960765512524,70.16023303174013,55.85942984239124,17.971088671694787,1.2528618260389948,10.000049927798596,0.22155132416961262,0.3694596487306931,0.5173374056773268,1.0,0.4158492264385713,0.1523343321759952,31.158112878270742,13.802834120709853,1.0,0.0
5213,plagl1,rfx7,1,0,0.0001000000000005441,0.19688422987245247,14.235608191024715,7.633698711254622,8.723779348355881,1.6024809693664328,9.170698064322686,9.999929754163824e-05,0.19193397262290862,0.6128139543666327,0.20992195657445067,1.0009343834022997,0.8749204975662521,1.0,0.09271497156941948,0.020977697192021392,0.5715924181183929,0.8391148243038562,1.0,0.0
5214,plagl1,rxrb,1,0,3.3256010422443345,0.25006689005162397,65.96662565969812,55.88100317742568,35.76435947144429,2.1888098077524707,18.656624238793547,3.1659926298931325,0.2489528288120125,0.5421583886364266,0.0391691215850736,1.030310813523695,1.1291420593225958,1.0,0.15579497260701902,0.030441745230899517,1.2754152487529773,0.23550910820040843,1.0,0.0
5215,e2f4,smad2,1,0,5.706532993390772,0.08982179660635484,261.39674144304473,0.024960327809803222,1411.722321037086,1.7933035629164877,1.3027060704331461,5.584615660578714,0.019532496886287637,5.400688291841938,71.84615428857325,0.36506094239820575,0.7490234374999999,1.0,0.3408970162590182,0.09710342159013009,18.964983269161475,4.983020913713864,1.0,0.0
5216,e2f4,smad4,1,0,8.459879978293156,0.24764989309221616,312.65169117674844,253.00488520563013,1711.349443900419,3.0606963458170844,36.4339585752672,8.236999286109784,0.24740772189529342,5.47366124091412,0.012097380425399686,0.3710764277018325,0.9405343554890738,1.0,0.3666392032195504,0.10045391529287144,16.72462176944445,4.362761762887676,1.0,0.0
5217,e2f4,smarca5,1,0,32.9412637041069,4.855240531047913,228.3733424521458,190.31367762829933,1226.291803661244,210.0467424447285,8.132916169300174,28.788695003929995,4.734456131376836,5.3696801495919155,1.1036870552991451,0.36393834362790234,0.1628997490701549,1.0,0.6679905816958035,0.33245547967597766,81.56775933950863,107.07851682108446,1.0,0.0
5218,e2f4,smarcb1,1,0,46.05810241457167,9.344472628401306,161.61259609334067,279.21203809658266,843.4217104397538,76.67152472691515,4.659785456270238,35.84313798640344,9.041865806314513,5.218786968514687,0.2745996385026694,0.3512790651703812,0.30291521968233937,1.0,0.6763426603416198,0.2688248637703163,65.99728630768189,60.62664013305433,1.0,0.0
5219,e2f4,smarcc1,1,0,11.177309182506237,1.3721945350713305,232.26508655196997,193.64343744466402,1276.8913368657013,40.989837250315716,20.829872313315782,10.664119028488846,1.3625393201382257,5.497560377332015,0.2116768726646317,0.37300824705838553,0.2150645994832041,1.0,0.5541717959491836,0.2530861132865305,57.096905783204534,49.07430010664085,1.0,0.0
5220,plagl1,sin3a,1,0,26.02187850033251,0.2212726201940439,320.38444412078843,20.49114014232877,156.53394278142218,5.320888534585801,13.455868496395748,24.06712734116651,0.21890874433810645,0.48858159518633554,0.2596677636103998,1.023015755053508,0.6218674561505096,1.0,0.2515273681146077,0.051152558139945424,2.0676877631439177,2.3696437125847787,1.0,0.0
5221,e2f4,smc3,1,0,10.002558354824915,0.012618265965381225,518.249125891612,233.3789974682184,2695.5232563474547,54.503583696573976,52.79279690477845,9.813157778119887,0.01261758376162908,5.201211389811786,0.23354108247892483,0.3528051777004269,0.23076991850718165,1.0,0.6572885479852044,0.27057256067520175,62.79784982118199,45.74691132702431,1.0,0.0
5222,plagl1,smad2,1,0,0.00010000000000132125,0.10938906675031923,14.28884662861161,8.259477905882518,8.77620158465152,1.8817928232577508,11.699263728795355,9.99993001596702e-05,0.10795924740157874,0.6141994390980645,0.2278343552341863,1.0073482041587902,0.7571241898764719,1.0,0.11049353203665203,0.021968870244478234,0.8721709172978369,0.9864426337360338,1.0,0.0
5223,plagl1,smad4,1,0,95.19683435119326,5.936535767162397,83.15315528360001,204.22388108006297,45.5228335718588,14.196600906638391,1.9272940406089702,44.384174989420075,5.768842642817209,0.547457681149919,0.06951489136117643,1.0277107752540775,0.9773279096900324,1.0,0.13105627245933998,0.03336463186026147,0.3509167655269228,1.1098424262767201,1.0,0.0
5224,e2f4,sox2,1,0,7.871576536829955,36.13469505670384,331.49044732245954,279.49596839488254,162.47537210463508,1307.216124975132,8.94225433044681,7.688993593486644,31.9978467145235,0.49013591015063573,4.6770482325106295,0.32984521454269344,0.35546638863950347,1.0,0.6355628132276376,0.2819850378935887,70.75054790236626,62.38141920573285,1.0,0.0
5225,plagl1,sp1,1,0,76.38385191791109,4.944970914112213,140.30282867531528,225.42891817250603,72.45907869740951,16.912555933742997,2.893862931178802,49.457910656343046,4.838827212504512,0.516447739375891,0.07502389698202305,1.0275116109964346,1.0124817783339988,1.0,0.07212714125349844,0.026414898489331987,0.6598709406572442,2.051702021577874,0.0,0.0
5226,plagl1,sp3,1,0,30.023914813013118,2.8648593763609873,42.84061122888514,66.10283292597062,24.59260469354789,12.577316627404954,2.5320626523556022,17.65252492459569,2.7458555504776325,0.5740488753103132,0.19026895022018872,1.0245229751067215,0.5660918992709465,1.0,0.13998531271057663,0.028843741690351102,0.904841922768587,0.6340504698732004,1.0,0.0
5227,e2f4,srebf1,1,0,6.883096839256973,1.1542919388912554,505.2387445963617,1.1541570764862241,2877.144401618408,3.1156382197048536,1.9069475337008726,6.7905856080121225,0.5771122518746633,5.694623447607876,2.699492368222759,0.37083341207889786,0.5237314826908908,1.0,0.39629512621836427,0.11220028854230003,24.852625221743462,5.98493529598187,1.0,0.0
5228,e2f4,srebf2,1,0,7.269428660460491,0.9444987717513569,247.47598459065017,1.194269496842642,1367.6356823961032,2.488904542489819,2.110006933025886,7.061987857601232,0.5273998541457281,5.526336968244851,2.084039280137253,0.3742248306937672,0.6596986571569267,1.0,0.3731858507101909,0.11444298027168244,20.98365648815453,3.0827208385924347,1.0,0.0
5229,plagl1,sp5,1,0,249.8540531505946,14.611207729456567,131.25499102801723,930.1348604843031,66.51165873717387,279.8152725454186,1.0728006324523562,86.0504152434268,14.385234424569495,0.5067362255426655,0.30083301296730697,1.0254308507212282,0.9298376893210826,1.0,0.19063294400444997,0.07710213080567024,3.7719368992592206,18.609833357624893,1.0,0.0
5230,e2f4,stat3,1,0,8.692058197374932,5.008087739255403,400.85403873283775,7.962792161433172,2252.7531039823757,3.017252319735049,2.2796156836490127,8.507581098770261,3.0744530902483733,5.619883763934824,0.3789188840503396,0.3771446809460764,0.492933224489796,1.0,0.25466825673484506,0.09923304203841624,12.074698693543404,5.044880579735819,1.0,0.0
5231,plagl1,srebf1,1,0,8.645218313808169,1.011928151585287,23.30395230229777,2.0703417261895543,14.317790632850198,3.3468106558149637,3.0751332352220544,6.305883731653883,0.6797059177846365,0.6143932345518259,1.616549873616632,1.0164626760893662,0.53109803243601,1.0,0.2598712551275004,0.04168757750367506,0.8454838403365642,0.5401342124971626,1.0,0.0
5232,e2f4,stat6,1,0,10.403901381736365,9.999999999998899e-05,284.92825317630263,4.76851139006755,1567.9383555908084,2.151421228443192,5.446797686995183,10.037394849039723,9.999790295345238e-05,5.502923413567656,0.451172504887886,0.37487474251775704,0.9873285881232151,1.0,0.2824839084033237,0.0926970164337988,17.59286306465513,4.003203273311145,1.0,0.0
5233,e2f4,tbp,1,0,4.944104049975346,0.12132444386456062,669.8478784305632,0.021641346886530917,3746.4137295476985,1.0488379851514003,1.1840376366202463,4.907879308882356,0.018365403091846696,5.592932142034176,48.46454292566112,0.3682430715476197,1.092773739851957,1.0,0.40029604382469985,0.09609138949568401,18.009287712099287,2.9960718503808748,1.0,0.0
5234,plagl1,tbx3,1,0,16.161853459928615,2.020387934082983,113.74827082098918,83.86416208772592,58.438856101094935,37.2190664741506,8.231717657972531,14.151190251760363,1.9728593925332916,0.5137559954037703,0.44380180458033647,1.029497178922355,0.3498208196398845,1.0,0.11143979331377189,0.043276716180555,1.8310129625832197,2.116985159021787,1.0,0.0
5235,e2f4,tbx3,1,0,9.766101094082499,1.3252869895266657,220.74240717061198,175.98936078030096,1248.7061889339388,20.74671835174395,22.59209478861529,9.352334455714784,1.315381515688494,5.656847748193726,0.1178862077784545,0.37754339796535136,0.3422257786902755,1.0,0.39739099369756425,0.1848136315569347,33.61693559512955,20.595184247236336,1.0,0.0
5236,plagl1,tcf4,1,0,34.95454592544211,4.854567024935822,83.85470098117591,139.0972789143914,41.82561002857692,22.25648869969267,3.5166457560041167,24.67066388203373,4.690853799545665,0.4987867053269455,0.16000664336065562,1.0188682693274125,0.5465887509130752,1.0,0.20206681042369,0.04299146604989299,2.690142485747547,1.1517910649177348,1.0,0.0
5237,plagl1,tcf7,1,0,3.334415488241431,22.162329612631297,46.4358820108243,15.041856027089802,6.623854550820555,13.773316154462325,1.7806047535195653,3.1110226775307246,8.960351248817387,0.14264517575603541,0.9156660009015586,0.9996814615930998,0.6244224855328114,1.0,0.23021861273643723,0.04151630874682238,1.8142778953395076,1.6075362987674826,1.0,0.0
5238,plagl1,tcf7l1,1,0,2.4968079270743213,0.2020563984969166,9.355062359318113,1.713979580871505,7.0982593937989975,3.1166682280257376,4.576763217201848,1.9708107912586592,0.18074845406729143,0.7587613124490585,1.8183811889060015,1.0056038605043323,1.0088869475653919,1.0,0.055076449777230294,0.016180584903954694,0.6605044207846335,0.13244997578284295,1.0,0.0
5239,e2f4,tcf3,1,0,9.255166189486438,2.4413315467819716,47.16916280219114,64.67955153920428,260.6780093330321,13.615843707296156,6.256693744668407,7.737060387862333,2.3525350434094285,5.526449778772052,0.21051233942219236,0.34014043358270113,0.3861219115284946,1.0,0.6299350575581436,0.20065711969028427,44.78818659513866,17.29348357460953,1.0,0.0
5240,e2f4,tcf4,1,0,6.603168921129469,2.2637766850393164,297.856572129045,311.407836179552,1584.9412503820624,10.466845033438686,36.13113524471336,6.459958394671769,2.2474389462400457,5.321155880674655,0.03361137330983442,0.36291229384114376,0.5253560229604046,1.0,0.4523408656477735,0.12769856222127876,38.54366150323695,9.070848731514976,1.0,0.0
5241,e2f4,tcf7,1,0,6.454866886507901,0.15708207665288068,258.3434109885662,228.79055838661685,1403.84547263158,5.094530789678935,38.52893232715744,6.297519539474952,0.15697430188500952,5.434028556252637,0.02226722477362921,0.3718432166275561,0.5891077777608227,1.0,0.4058374256500778,0.1218132152272078,26.453176682642933,5.234524219300843,1.0,0.0
5242,e2f4,tcf7l1,1,0,13.285775498372809,3.652179899416,148.95989274336497,77.40469935739333,871.9342756313484,2.9279690836088204,12.788180154142857,12.197846110143045,3.487623625599454,5.853483508702287,0.03782676126794044,0.37087549232607697,1.0128593099310104,1.0,0.2509551824556164,0.0908093056317323,12.683500561617052,3.571862387972658,1.0,0.0
5243,plagl1,tead1,1,0,4.568638121093767,0.11323446818700947,9.028594211532065,9.130209226302746,6.752821983123254,1.823472862263745,3.0131227830848584,3.0335864450678414,0.11184731798526827,0.7479372563336597,0.1997186282446405,0.9965541733780979,1.0295192563624824,1.0,0.08858237300892839,0.027747408611078318,0.1324879596795183,0.27715785181833,1.0,0.0
5244,plagl1,tfap2a,1,0,0.6552003676944871,0.7198286503496686,56.37223910612157,52.76848269417481,29.730056544610676,2.400046466934196,25.352786513923704,0.6476726314715746,0.7101414257422821,0.5273882502457177,0.04548257490828215,1.0184366677430154,1.1681250133539651,1.0,0.18436799362088865,0.04013368158459896,1.6196898468041279,1.131750859623779,1.0,0.0
5245,plagl1,tfap2c,1,0,2.8876503152709603,0.00010000000003507203,254.11195113114724,10.526876105360524,134.15354440114268,4.323303260920849,13.108604214671303,2.85520464494169,9.999905009466113e-05,0.5279308737899777,0.41069194865125513,1.0437687101771713,1.0552004347415616,1.0,0.013544418442126095,0.018320443921947205,0.7676762044757721,0.37809504169329256,1.0,0.0
5246,e2f4,tead1,1,0,7.407034024352635,1.2573685220861468,247.3083611203146,0.5611398256729466,1333.5034321185751,1.2626508163065946,1.4722283866373118,7.191640082393386,0.3879880750393673,5.392067724996288,2.25015363112458,0.36851784452364944,0.9852901764546618,1.0,0.2719013170997697,0.06721455754653284,13.08114792993521,1.8310552833197564,1.0,0.0
5247,plagl1,tfap4,1,0,7.986297889727993,0.20413187167930624,202.02784344646065,2.2591141019682848,103.2461481146283,3.737835759408977,3.570380838826793,7.682599512191722,0.1872152415574708,0.5110491027044475,1.6545581987878946,1.0366519996349934,0.6096869178534943,1.0,0.23926727834169687,0.0457517359855982,2.7042215226384747,0.885021184043673,1.0,0.0
5248,e2f4,tead4,1,0,8.22950792346333,0.2903230117314616,266.15772262528594,1.8536777987925657,1447.9949353883953,3.172390008319247,3.3097235886784233,7.982685939339278,0.25100984975545226,5.440364161166859,1.7114031415738238,0.37089332647945394,0.6885372089267083,1.0,0.40891321215113835,0.11992826332202647,27.879094070475322,6.769466782612939,1.0,0.0
5249,plagl1,tfe3,1,0,3.6905624262029417,54.869618078312705,95.08446948142151,24.701010640489493,12.679932152391286,13.580335201895236,1.4661868171402048,3.552670787408648,17.03310683621301,0.1333543976376585,0.5497886462845603,1.0118400126261091,0.8995565779424401,1.0,0.16775832801515989,0.03184526724541743,1.874952527808167,0.6244977662566218,1.0,0.0
5250,e2f4,tfap2a,1,0,7.7454444923505585,0.123969739857416,287.5313372336576,1.3918507264078206,1637.039704732473,1.772583208693875,3.5510249184433746,7.542272708800875,0.11383100856149865,5.693430568238061,1.2735440482677864,0.38546770064035013,1.125937878562981,1.0,0.3395774167196699,0.08438705483399549,29.75450817909713,2.793934952638075,1.0,0.0
5251,plagl1,tfeb,1,0,3.438040010614524,2.2304826338140584,52.59094320098652,53.4748415461737,27.59214106312709,6.08372515270417,13.989943784488059,3.2270756411569157,2.1411724493212554,0.5246557559859376,0.11376798839976142,1.0166095951916285,0.8853169586418639,1.0,0.1877023070653054,0.03749871571513816,1.1868303084405503,0.9556774289258542,1.0,0.0
5252,e2f4,tfap2c,1,0,1.4068454867349809,0.0001,289.98376427223167,186.94490957488787,1682.7504348421392,3.9095698509466232,114.58271630714833,1.4000531806095922,9.999994650833407e-05,5.802912583969365,0.02091295162749803,0.38206130482241185,1.0436751316699149,1.0,0.2747455471595641,0.10538126884546845,17.261276489781466,6.430088235700463,1.0,0.0
5253,plagl1,tgif1,1,0,121.05954137419089,5.203532937564826,48.877215322599824,173.79201167769241,26.547073413078813,110.3680357881128,1.4414502268391232,34.819149109447814,5.052262384487529,0.5431380089447115,0.6350581636214493,1.006524297328761,0.32213676020250775,1.0,0.227048165447706,0.06876575290497167,3.300497855843137,5.919661573319137,1.0,0.0
5254,e2f4,tfap4,1,0,7.69975983637248,0.4550418430422932,309.6561743834067,1.6676405039565527,1733.4318033873062,3.5547847898003058,2.949614235814863,7.512946560976919,0.35749400258840563,5.597924235933447,2.1316253601219315,0.3779325007180591,0.5999428062556473,1.0,0.41529755830738324,0.13833590795605774,31.9703184408494,6.376270098343369,1.0,0.0
5255,plagl1,thap1,1,0,310.86761813150633,3.8053270723612207,115.91492886034867,418.25189958804776,59.21234658537396,49.813227672360405,1.359866128475545,84.43221986157576,3.7710177104715448,0.5108258890165173,0.1190986286527888,1.015991002004988,1.0473149099364232,1.0,0.12198725901581754,0.03816171220210507,0.5564217659026284,1.4913379288905408,1.0,0.0
5256,e2f4,tfcp2l1,1,0,11.24496707423054,1.3486399328269645,293.35255487359774,229.83133263183169,1569.074947545888,26.73876776800547,25.803618399909684,10.82983144314623,1.3407723409753094,5.34876864536593,0.1163408289975783,0.36363223841801995,0.2808170190633276,1.0,0.5361151272747139,0.19163200627473176,50.187830127846155,21.507218978938937,1.0,0.0
5257,e2f4,tfdp2,1,0,4.662669320234269,0.00010000069525961663,1000.0,322.069787498575,9999.957766580621,7.659183443362982,118.66787531091586,4.641029733282597,0.00010000066421002324,9.999957766580621,0.02378112986893212,0.3647241429859386,0.615935133475796,1.0,0.492713578735152,0.1395258348154068,39.132846729426966,7.32984333777361,1.0,0.0
5258,e2f4,tfe3,1,0,8.618620328371279,2.2878383391265142,350.04205286344256,309.16633676259954,1959.277384273475,5.927705375869101,36.377359219722095,8.41151477731219,2.271032642865523,5.597262866692828,0.019173191486306043,0.3781820922178776,0.890348190769279,1.0,0.38447045921184775,0.10600484443861863,22.21368101930078,5.319599035633375,1.0,0.0
5259,e2f4,tfeb,1,0,9.999999999976694e-05,4.220652600810374,166.6757084397741,206.30380511736047,931.7646163009864,5.823754127558566,46.936828247251825,9.99999400030578e-05,4.1360357892065895,5.590284421305857,0.028229019451413387,0.3718203763047298,0.8778650171803416,1.0,0.42862745473035996,0.12083755564186668,27.213101319285492,7.530504461073704,1.0,0.0
5260,e2f4,tgif1,1,0,90.59896191729692,5.980352214728922,49.12366259092372,163.10245175321904,299.2837200127382,76.07073726643688,1.5987570222142466,31.852771532010486,5.768830925911208,6.092455330642121,0.46639849032763253,0.34368897976940815,0.3178972069019684,1.0,0.5678726474189097,0.22504621829461538,51.77143551630283,30.219015112807064,1.0,0.0
5261,e2f4,tgif2,1,0,5.607058213614186,0.728270070612048,267.92150138581854,0.7293652764356389,1568.3809996586608,2.3604815549535765,1.9224507333118481,5.492119203746628,0.3644086310390366,5.853882542260482,3.236350332564635,0.37417500636931283,0.6955011243822631,1.0,0.28266226822907137,0.09231324181609879,14.533881580099578,4.043447108304648,1.0,0.0
5262,e2f4,thap11,1,0,16.80715656558001,2.6993849162633134,33.35070189674485,55.26340599514985,197.01302905641177,11.128439100491773,3.1300868011604086,11.175326968387393,2.5736718715397355,5.907312825570275,0.2013708511101985,0.33737730045392167,0.4595701505254743,1.0,0.5447308754684241,0.15235281701131903,39.03003083175994,9.88794537364782,1.0,0.0
5263,plagl1,trim28,1,0,2.6642594314690067,28.358126219527513,56.47394356982379,23.63072845843439,10.441026177663987,228.8798597825673,1.8386233965228094,2.5442307874127037,12.889746935851017,0.18488218668056736,9.685687861259073,1.011377055463524,0.24318890357837997,1.0,0.22142344695861368,0.10877238960205896,5.2126428141066645,19.946010820990693,1.0,0.0
5264,plagl1,usf2,1,0,3.890257485088045,15.979873667281888,95.56926006574764,68.78131216091906,6.5088993034814715,35.602782694460664,5.520161807513957,3.7380940353453065,12.967216872462373,0.06810662025638392,0.5176229062214642,1.0004324930176742,0.6951373027039033,1.0,0.2033458290338743,0.0376762922336971,1.0071389604879957,3.4068028087952813,1.0,0.0
5265,plagl1,vezf1,1,0,3.1139428773031925,0.4637694402369502,37.9597113735936,0.4159117266182165,20.94568226412198,1.3327281292886122,1.9563363391917203,2.87786356028222,0.21926938521519038,0.5517871845225013,3.2043533374859163,1.017699141533267,1.130439831615619,1.0,0.02309916947343194,0.018349864499788735,0.14602365585837068,0.1402803564797449,1.0,0.0
5266,e2f4,trim28,1,0,17.04939457883002,7.181311808338877,258.7798517240019,267.5742256135596,1342.3769073217854,145.64999592431522,15.984317990340493,15.995547463627817,6.993613173499727,5.18733161943952,0.544334924600205,0.35827857045055206,0.2292967375669883,1.0,0.7405625377482413,0.36022981652762426,87.16521656269389,118.9600465426654,1.0,0.0
5267,plagl1,yy1,1,0,3.4448705833373268,38.58755449525873,119.84079097382076,56.948953942629174,11.242307150532907,85.16681653349912,2.513007004596311,3.34861337721899,23.00189633932329,0.09381035504838074,1.4954939579627193,1.0094092924971914,0.4672501280568954,1.0,0.21929299101850655,0.05571165863625392,1.4923673163540196,6.017435949227801,1.0,0.0
5268,e2f4,ubp1,1,0,9.224282733678656,1.2310390967063929,299.97725205352276,1.621005295884175,1642.7744488252968,2.7696491904235994,2.145073978972391,8.949098485290625,0.6996808676561178,5.476330080296184,1.7085997173827234,0.3721249857720901,0.5915301199777618,1.0,0.48965241793708825,0.12395883906286446,33.98387625683402,6.7768844689161885,1.0,0.0
5269,e2f4,usf1,1,0,5.468089440147121,0.10268007144831173,347.66893874870357,350.5090385551617,1845.263668234146,8.396455910706786,56.84710544327679,5.38341975178621,0.10265000058498197,5.30753099450138,0.02395503392813474,0.3621285693853471,0.42194162084422715,1.0,0.5559646777560694,0.17093478811020366,38.71628442849669,13.551903707792654,1.0,0.0
5270,e2f4,usf2,1,0,11.87764197353274,0.5091156969363555,264.6120899289138,3.5143744193368187,1414.5687907509969,3.0872478099145515,3.3752040548703235,11.367393806699537,0.44469431515672825,5.345820711105872,0.8784629756373914,0.35515982617516567,0.6327145959726458,1.0,0.4962808878826233,0.1338360340461945,42.80587996890017,6.339846194084339,1.0,0.0
5271,e2f4,vezf1,1,0,4.682152946785647,0.08275056821855524,246.35252954195252,0.019409059317008256,1336.7469738351551,1.154988715400402,1.2569416773721414,4.59482415221529,0.015721579314793045,5.426154853455703,59.50771217378266,0.3657493962189375,1.0955755845190736,1.0,0.18580925971980944,0.0654816650428282,10.082411393221266,1.9242576050837845,1.0,0.0
5272,plagl1,zbtb7a,1,0,3.6487317607088383,0.05974085023706992,13.816680252366991,3.1698877375638492,9.078286510943274,3.2607651107506608,4.876919611727484,2.886468411201928,0.05863577914606928,0.6570526599099691,1.028668956351323,1.0059333028668176,0.7409368207955599,1.0,0.08293164875157619,0.02343818440164014,0.7672701132078876,1.3299160544849324,1.0,0.0
5273,e2f4,ybx1,1,0,9.559240523489898,52.45443814228509,279.36065761230384,112.96825460828437,120.66011671484462,4573.342232655566,3.2594444554081576,9.242962274828109,35.82148388992275,0.43191520862718075,40.48342827384168,0.3276504008292372,0.25446870223049317,1.0,0.8467970124518528,0.5319347386385115,133.22302705965623,685.1943105423609,1.0,0.0
5274,plagl1,zfhx3,1,0,8.641264568193456,0.4502425773201354,48.57048318297448,15.069030319638966,24.468172070246986,1.9870877893258687,6.818581042218348,7.336087637359505,0.43718021416834113,0.503766289045769,0.13186567066204408,1.0084375891375623,1.16334529987645,1.0,0.10937846023094765,0.026479968777705008,0.9011055997838103,0.6027229638703175,1.0,0.0
5275,plagl1,zfp148,1,0,3.856392829590148,0.0001,17.857985640016164,8.19338207565889,11.103082435913132,2.876464146636291,5.629528773924511,3.171511810456657,9.999877951768154e-05,0.6217432727145525,0.3510716478341422,1.0123905814465257,0.824822828994607,1.0,0.06923921606676167,0.023160859752437524,0.6357957841561983,0.28196608760244907,1.0,0.0
5276,plagl1,zfp219,1,0,52.56984956720931,3.992919766239578,25.318610435032163,79.6286754278573,16.386266932318435,18.103655467115846,1.555913107114994,17.088481936632377,3.8022583919543833,0.6472024590119501,0.22735095579377754,1.0125272586357739,0.5429964134758016,1.0,0.22887483308519688,0.039299144512858486,2.1239554964151512,2.0718294363509306,1.0,0.0
5277,plagl1,zfp281,1,0,5.37713651360902,0.8330859430380828,19.42811051865383,1.7981724671732535,12.112218573302187,3.3382787892906323,3.0259257032882374,4.211512279011356,0.5693215838271952,0.62343780480725,1.8564842084021242,1.0119240955943578,0.5514124818526295,1.0,0.1319798475152969,0.02264303053505919,0.7705859466229594,0.2630516806594154,1.0,0.0
5278,plagl1,zfp57,1,0,7.310026358913702,0.5326214377157898,14.717396632402997,16.66222241550096,9.792476358650084,23.47007750075776,3.1096396126769745,4.8841190982651,0.5161231433238135,0.6653674289847014,1.408580255111912,1.0087183358599445,0.32636743261919215,1.0,0.17549670612986726,0.04857855695897726,2.119711079485799,3.1496180628735204,1.0,0.0
5279,plagl1,zfx,1,0,4.806020489081716,0.26961186507961715,10.615408889228073,11.591988259804095,7.838319650972963,2.6766246933671396,3.2834042643828067,3.3082453882885097,0.2634836397958111,0.7383907424354472,0.23090298518059185,1.0068923559085476,0.7884303582584045,1.0,0.12579250958142865,0.023009377699876574,1.0257556287562666,0.11679750771136796,1.0,0.0
5280,e2f4,zfhx3,1,0,7.366146794714961,0.29251832273820455,304.23598408404996,1.7675978412522584,1696.1224141832606,1.6367590642070333,3.2680938724668067,7.192014100409349,0.25098330125095575,5.575022360651067,0.9259793296915705,0.37950040699545784,1.1349422106900802,1.0,0.2715026833848945,0.08530430644743672,20.354082118303673,1.955987055838372,1.0,0.0
5281,plagl1,zic3,1,0,6.299414529809377,0.5854085242966135,225.97908030899947,136.4236340934967,115.54420871937977,7.147970426757643,35.778708959633484,6.128573817904853,0.5829072066188077,0.5113048896445938,0.05239539669393975,1.0377475466751693,0.9982917590637566,1.0,0.09292338998899091,0.030985972741805083,1.415839140533236,0.8464715739657658,1.0,0.0
5282,e2f4,zfp110,1,0,5.980131297939215,1.3445477714530976,422.5950741565356,0.262431219072278,2417.1705486750793,1.7235431582461278,1.2103053929373573,5.896687435845818,0.21957431481290993,5.719826605881646,6.567599557472752,0.38308746109002734,0.6440653365219596,1.0,0.2663358348936872,0.08364700419118103,13.287066381128836,4.205785240659997,1.0,0.0
5283,e2f4,zfp148,1,0,7.198843475530701,1.0339068139301844,229.78282419026598,1.0196887321655914,1253.3522744151473,1.918539711914899,1.9257942659731953,6.9801626471964395,0.5133742767791661,5.454508094031171,1.8814954518918225,0.36835774861593024,0.7897400967444818,1.0,0.33570263030666647,0.0920943858213384,21.556095453799077,4.491808185323764,1.0,0.0
5284,e2f4,zfp219,1,0,14.890403385463568,4.494529506060354,118.44244111764559,141.65011392009143,644.0267105346594,9.17986029181632,9.016344175185381,13.227466441396087,4.356304833521776,5.437465696058776,0.06480658601513672,0.35849577628440876,0.5319286820213708,1.0,0.46621286895966285,0.13719376908382153,31.478543425703652,7.139840606572973,1.0,0.0
5285,e2f4,zfp263,1,0,6.429701588015854,1.3153378291054052,327.93708771599063,0.3215753952842923,1889.4722278172428,1.4292627425502462,1.2650805204243625,6.30606172953294,0.2584011638641727,5.761691185882632,4.44456498696578,0.3856246823236484,0.7975700716469462,1.0,0.1823276770739814,0.06215954512112505,5.958259760222621,3.0579920095877635,1.0,0.0
5286,polr2a,pou5f1,0,1,0.9849156599185637,10.379340747240807,2.9827600773340364,86.28704633366252,2.301357255156452,2235.0302599931024,2.9977467767012627,0.7404252021815781,9.264881858266609,0.7715529226250688,25.90226870613332,0.7508052253138839,0.2666287157559248,1.0,0.39402111691528463,0.19947040588470547,8.45094051580774,161.7606686892467,0.0,1.0
5287,e2f4,zfp281,1,0,6.052915654200119,0.8453213376599717,718.3599989119618,1.817541889029321,4094.93148510575,3.3899243173821203,2.5016757021185185,6.002339819368677,0.5769755372668894,5.700389068583984,1.865114822301316,0.37247992014539694,0.5536528270943938,1.0,0.25849007288405457,0.10317361739913536,19.108302369963504,3.998404672703222,1.0,0.0
5288,e2f4,zfp410,1,0,5.783605800959958,0.0433057304075041,297.4351896990418,0.00812416695625502,1725.4382825784073,1.4856975236088905,1.2106696383322006,5.673289103719145,0.006840826095854715,5.801056305154352,182.87382960107817,0.38002190698014476,0.8336645667237054,1.0,0.33138201443572707,0.10112196156950906,20.48019488179235,3.6940676503373338,1.0,0.0
5289,e2f4,zfp42,1,0,8.317645044680493,52.428158589522724,259.2961499849943,110.83099346948299,130.47014496101696,1162.4068419136331,3.2085453335668177,8.059126162716181,35.59166410561963,0.5031703901834539,10.48810270056542,0.334038999486888,0.24126775766788663,1.0,0.7323015611581049,0.39721413327837246,90.68286339600593,192.0030417655089,1.0,0.0
5290,polr2a,rela,0,1,11.718002759429027,1.2808787264804715,40.65591796830295,40.41995938074334,15.224658473532797,2.8303687092030394,4.606478746671645,9.09624775690007,1.2415353850413453,0.3744758262598467,0.07002403645540199,0.7901523724000425,1.0754840454299621,1.0,0.14201323394810125,0.03965875339719521,1.516662115553879,0.4053049633138501,0.0,1.0
5291,polr2a,rest,0,1,103.36544243227057,5.488037180308774,36.0196479873726,164.82725039972496,17.617936303342834,151.72503581261253,1.3902239314598432,26.71151440415979,5.31119720005569,0.48912016879007675,0.9205094148246843,0.7969291265935873,0.2970021618670267,1.0,0.37551007712786105,0.09174400364683422,5.72669647323962,23.35221553228104,0.0,1.0
5292,e2f4,zfp57,1,0,6.236494724761985,0.18339010584536272,153.02777948776432,120.67494407995437,791.0637282825957,17.80804977188929,24.733027579047853,5.992285113759815,0.18311183020017413,5.169412579405865,0.14757040003341865,0.3497084898888385,0.30814680413986656,1.0,0.4966239138372975,0.1906595383749445,45.00272696955201,21.923121266229543,1.0,0.0
5293,polr2a,rfx7,1,0,0.0001,7.388537960292599,18.592042021104497,19.824489079841147,6.957956504413063,1.6580426664843095,3.6714275532956027,9.999946213835993e-05,5.38249529880644,0.3742438026180683,0.08363608564168834,0.7752415117722893,0.8774228597004932,1.0,0.15742326792226305,0.023031225243834715,0.6591018338451586,0.1358859444784182,1.0,0.0
5294,polr2a,sall4,1,0,5.408193858435567,22.383476510345105,162.00900746604196,149.5271343666449,7.7700017121568425,158.135759130197,7.913006271581878,5.233489224867284,19.46905477608884,0.047960306860008885,1.057572324916249,0.7830970380698259,0.5313853344829543,1.0,0.22301176368400963,0.04447746738894166,2.3148454756775294,2.7889382396049966,1.0,0.0
5295,polr2a,setdb1,0,1,2.029938246941452,16.498315077206634,40.90131660955995,21.111748019134296,4.272239505877305,23.557288431394554,2.3927689476536886,1.9339557442131,9.261039253192783,0.10445237121972611,1.1158378931978432,0.7717294857451484,0.4562587387896335,1.0,0.3318759816704402,0.05877346794757722,2.842520895207307,2.9549063941916733,0.0,1.0
5296,e2f4,zfx,1,0,7.377962604738883,1.2926269609430308,214.75889647915943,1.5609486683042801,1130.012886808721,1.9919585547114358,2.0828385336452584,7.132913978313648,0.7070863349889377,5.261774507760052,1.276120474144341,0.3580921069023079,0.7697598781496848,1.0,0.2900277243002164,0.08253608792459594,18.174030019927546,3.39572717665168,1.0,0.0
5297,polr2a,smad4,1,0,3.0622078699015787,25.69720219095303,69.38812739922584,48.339930167165,7.470511061716288,14.276455511595499,3.008285011652243,2.932779662238295,16.778080401516036,0.1076626699944584,0.29533463251241543,0.776679913820712,0.9832195609725374,1.0,0.146328450715758,0.03305327900983969,1.2854640338266021,1.4031435294646164,1.0,0.0
5298,polr2a,smc3,1,0,1.2702171469915335,11.325735689366265,37.843223302631486,36.45001972757442,4.222745455362055,129.43022730486976,4.359925201728405,1.2289665798728115,8.640853204810071,0.11158524794764034,3.550895946620184,0.7717294857451487,0.251593912415535,1.0,0.3026816383845903,0.07981522327081894,3.551361793807171,13.848023196129425,1.0,0.0
5299,e2f4,zic3,1,0,9.672560154539031,0.00010000002883447934,370.3552877713003,3.3019845345146273,2046.273775043403,2.433960210103884,5.022920617260297,9.426371827936626,9.999700044266736e-05,5.52516419397529,0.7371204149088064,0.3756344108573753,0.9232354803903169,1.0,0.3299454074917608,0.09041289178133857,18.882165061174387,2.9523156365814645,1.0,0.0
5300,polr2a,sp1,0,1,9.454424223833291,0.8192991012568792,28.87834587913342,30.695569098455408,11.95562814194041,2.390853382297679,4.153923986458164,7.1225776819814195,0.7979995986517419,0.41399975580246684,0.07788920200922374,0.7888441353785655,0.9465749908675652,1.0,0.15818604309498066,0.027386060514255534,0.7578442478436034,0.47419468183210367,0.0,1.0
5301,polr2a,sp2,0,1,0.7455092957235169,9.869692435190887,18.60777824957682,10.291580809482172,3.6401961983393276,11.124592153876666,2.1245872228327283,0.7167914818270795,5.038111235774239,0.19562766438395798,1.0809410487868878,0.7717899500002676,0.5913997813656399,1.0,0.19275250680699424,0.03482419565990488,1.1698902784469067,2.1999452657107845,0.0,1.0
5302,polr2a,sp3,0,1,22.817412077658187,1.7934474481320368,24.54889261959536,42.71358288777871,10.829397564737718,10.056282943022312,2.1630458933103394,11.825752558315319,1.7211790059345782,0.4411358887974239,0.2354352471307115,0.7839609389107642,0.5581661506126068,1.0,0.12378853075596434,0.024811339841833834,1.124407959198418,0.7550994240100726,0.0,1.0
5303,polr2a,sp5,0,1,0.1721555426872304,13.666536968502761,34.983062234279764,123.26692121027891,3.00308164147568,904.0281409958653,10.068924064934112,0.1713124948339654,12.302558907950178,0.08584387556938833,7.333907037831336,0.7646985070020447,0.9616017204433864,1.0,0.1450069761667512,0.0770121614486251,3.094309060976599,10.482252876845122,0.0,-1.0
5304,polr2a,spic,1,0,3.5282059706561073,4.43213289250696,26.498572091355925,31.02963034498582,11.273989308561672,4.8471290279755035,9.058099418227025,3.1136347720524813,3.878189710232447,0.4254564838321741,0.15620969293173573,0.7967499361483411,1.9076898645520748,1.0,0.12351086266339391,0.028311528204826807,1.0666519608902392,0.7880182272554125,1.0,0.0
5305,e2f5,elf2,1,0,3.536567062039368,4.141032708712215,0.2628379677808062,9.999999999998899e-05,2.4910902820976153,2.4270890535473906,9.475435934820126,0.24465517422104355,9.999758520174334e-05,9.477665282266452,24270.890535476577,0.7526702881173465,0.8306957853543507,1.0,0.21621877191756228,0.028877588098465197,1.508911596428859,0.6282953184120451,1.0,0.0
5306,e2f5,elf3,1,0,0.4210217465625682,3.4410950068331223,8.941703977483973,7.389499101523032,3.437581545934112,19.078176742572474,3.295623506479542,0.40208929929207565,2.3477907312240833,0.3844436759022951,2.5817956644233595,0.7901934285373204,0.6976446440375449,1.0,0.18182612598089412,0.04092746351948481,2.0363389438218205,2.9330766737635283,1.0,0.0
5307,polr2a,srebf1,1,0,6.650855210052106,1.2580049270412286,2.0573194806174175,14.759068381746669,3.5403298910511114,3.227847254164459,1.4209342219917438,1.5712746324515958,1.1591993359104373,1.7208459475572704,0.21870264238063364,0.7691455621301774,0.5294203278306693,1.0,0.21988654903854457,0.038287307935009514,1.3868064128205135,0.8564567711909605,1.0,0.0
5308,polr2a,stat3,0,1,9.434862887587041,4.283284875586938,35.105930765732,3.2864663160487426,14.07560700310029,2.7231696491331205,2.1048002512009987,7.43632109238636,1.8596214207425956,0.40094669749761863,0.8286011135532151,0.7926628534398316,0.4930985638775535,1.0,0.10241026211822164,0.03049081469028519,1.045980951866361,0.5722637313812412,0.0,1.0
5309,polr2a,stat6,1,0,6.058277690983287,2.0049950678872106,29.255064225953664,31.01666379641244,11.980349963704938,2.9393270277684604,6.084423773724641,5.018933165976367,1.883256628314202,0.40951371260626246,0.09476606017531902,0.7907886829034657,1.0147955154530035,1.0,0.1648278083478986,0.031570592679937885,0.9900467078019566,1.0304244164679575,1.0,0.0
5310,polr2a,taf1,0,1,1.7683804872818434,20.42901035759609,27.936432684735248,5.952304065146449,5.822886799128536,14.904814098183767,1.3697529791437049,1.6631056441212382,4.6093109482676375,0.208433441192734,2.504041113332649,0.783911408541584,0.4783146039395033,1.0,0.2255761740117436,0.04204468989758445,1.679279866749171,1.744053425630071,0.0,1.0
5311,polr2a,tbp,0,1,2.9006291181118575,27.661514899815806,52.657814092304335,18.21224861877092,6.397015701937495,5.067887885158113,1.749748588182705,2.749191302459367,10.9818412069715,0.12148274310673268,0.2782681035846811,0.785356349215096,1.1357409713574098,1.0,0.17338068231784876,0.03101130824792116,0.23662278111549384,0.2578141766379709,0.0,1.0
5312,e2f5,eno1,1,0,0.5229045690970916,7.908363760519035,1.5595320627877458,11.575112698308164,2.4574115196475077,517.3089623596946,3.289707619573077,0.3916020438744484,4.69835052182131,1.5757364521603712,44.69148386220942,0.7616681824749894,0.2720491170765035,1.0,0.39162432203979275,0.21195726454446331,10.645194697508513,135.72861648956575,1.0,0.0
5313,polr2a,tead2,0,1,57.36689034332348,4.022976444567657,35.690624622767025,113.27499431598429,15.524243884061866,27.03786307653155,1.6720595409336383,22.002093541452048,3.8850001490818262,0.4349669989849088,0.2386922483624987,0.7918103556444455,0.5304184467228055,1.0,0.25168487716335397,0.05220504378158597,2.3437155130956797,2.692004955891493,0.0,1.0
5314,e2f5,etv5,1,0,0.594681610221198,13.228817942001806,5.684141195985007,16.667252589919297,2.872225060999046,15.732111079364639,2.4963555414710026,0.5383579603189074,7.375151522671767,0.5053050165305257,0.9438934818135383,0.7778175169056872,0.3945862798973019,1.0,0.24628920517859765,0.049159903796309704,2.791034556290742,1.3210743192476597,1.0,0.0
5315,e2f5,etv6,1,0,1.61245985388193,2.2917505269847194,3.836323001889653,3.236574298359811,3.2410906851902284,2.984349065264469,3.4261645757597106,1.1352841525917097,1.3417121982207394,0.8448430133734225,0.9220703095791245,0.7839198571711962,1.118319873605419,1.0,0.1279052291104662,0.027535255830106697,0.7139703816373073,0.36469679120208254,1.0,0.0
5316,e2f5,ewsr1,1,0,0.5979513474751936,11.51235604808925,3.6065522362465448,4.767261920527728,2.6253178320893706,42.035049888919836,1.6485514155415673,0.5129125773022574,3.3712349214467134,0.7279300728558485,8.817440826550312,0.7682043892846,0.2402550561003406,1.0,0.3666439330164666,0.08022651538110924,4.70354140919526,13.54642097704355,1.0,0.0
5317,e2f5,ezh2,1,0,0.5586703558303067,7.223209344591211,0.801081907838683,15.131464572091035,2.2825094170882063,84.60130005148139,2.9368379184169626,0.32913400952455024,4.88925656897706,2.8492834437447363,5.59108469959496,0.7528732870814508,0.3327782126943817,1.0,0.3817391112265724,0.09502980341989771,5.548017543649035,17.87863706718782,1.0,0.0
5318,polr2a,tfdp2,0,1,1.3151724602323955,17.114251544391113,27.200991487118685,8.564562644987738,4.532513828088728,12.342241192755472,1.5729808023150917,1.2545163844941858,5.708054834348306,0.16663046382831845,1.4410824818916532,0.7739334040930401,0.635972129827387,1.0,0.26313448176511267,0.04128069565530011,2.3580166886129024,2.2171918970745796,0.0,1.0
5319,polr2a,tgif1,1,0,1.1693031851713438,10.344435777737337,34.83264575838165,30.415431318872947,3.8180127453041153,71.54590069479373,4.07254132733756,1.1313255206566928,7.71912418616369,0.10961018499105543,2.3522895317417083,0.7653204182444031,0.3219279902887584,1.0,0.3046001958273994,0.06029528261656055,3.3688276243021225,7.920178022023783,1.0,0.0
5320,polr2a,thap1,0,1,1.6709212359544452,9.13896771541004,77.75542326707176,70.16162065101122,3.6649994877720347,25.046098733695914,8.550714717569164,1.6357694510620013,8.085750675993058,0.04713496928932681,0.3569771978084279,0.7654308668446582,1.0147223883150804,1.0,0.22955899113054332,0.04318664239929098,0.7891081264066031,1.2694380649383659,0.0,1.0
5321,polr2a,thap11,1,0,1.5975910405358407,12.311295362830558,43.19847409520693,37.92991180185624,4.617286204249013,38.245040181002445,4.231825743223211,1.5406151180956371,9.294488998803018,0.10688540049060025,1.0083081759006562,0.7767154808837401,0.49056536685873414,1.0,0.24307090019540378,0.039875655030417796,1.7702950777004665,5.0505894199096115,1.0,0.0
5322,polr2a,trim28,1,0,1.0370590107348328,10.238606344304188,28.39201759369191,20.993469308206688,3.62007424957906,191.10930364165242,3.1618435976576538,1.0005138140845058,6.88215123578186,0.127503240572215,9.103274015169312,0.7671908098419424,0.23754891765521563,1.0,0.35850129554480825,0.12356929854937458,5.9707812836663425,44.599996359268765,1.0,0.0
5323,polr2a,usf2,1,0,2.545562964768303,22.33710962014146,51.07738891506611,28.329390880265862,6.423451967659149,16.943502098712298,2.3813101512357924,2.4247212247961913,12.489449701765906,0.1257592078236491,0.5980891777844427,0.7819684238593114,0.6757858107644056,1.0,0.21222996933560845,0.03360066931506127,0.919436172916523,1.6916989910110565,1.0,0.0
5324,polr2a,vezf1,0,1,5.574742491958599,0.4117335059221686,58.01139457682286,35.72626840990186,22.348650450968755,2.1774114376364944,11.278210359082866,5.085992030234029,0.4070424751260047,0.3852458747802221,0.060947071568017576,0.8116137791340305,1.166825396825397,1.0,0.11188029523750626,0.02681215615882695,0.06052106484692071,1.5773892170721804,0.0,1.0
5325,polr2a,yy1,0,1,0.39130742200156876,6.818364828867351,144.94413795337886,157.19753218331894,3.331329222047074,220.11513934673744,22.606541750915657,0.390253849019988,6.534916091358199,0.022983538824582147,1.400245514605445,0.7628389705788252,0.4797363043863134,1.0,0.31580034272135027,0.06189061923906222,2.8517527346675995,7.506758401155599,0.0,1.0
5326,polr2a,zbtb7a,0,1,9.761067519776178,9.999999999998899e-05,37.92377893311598,2.2931780417997567,15.158625640956268,3.171071797945059,4.813341151880927,7.7629812048762235,9.999563942974077e-05,0.399712952332379,1.3828284329184943,0.7941681599458122,0.7316078066012559,1.0,0.225899248641456,0.041012283251831705,1.5996037106265755,1.8056078168402714,0.0,1.0
5327,polr2a,zfp148,0,1,10.502196689610162,1.1046294504525116,8.356125466357804,19.291763697682512,5.695694151961275,3.3326515913856696,1.8984726703550179,4.653524978783864,1.0448048425453735,0.6816190320373283,0.172749969552344,0.7789876256841339,0.8271975957926371,1.0,0.16246388329064226,0.03405943991154884,0.5931467006243669,0.7231237906085949,0.0,1.0
5328,polr2a,zfp219,1,0,38.85530433878572,3.763604830773854,20.983545083994937,68.66299099451248,10.799954399060812,13.143811439995675,1.6244572057808555,13.625295910767647,3.568031351711084,0.5146868346520916,0.19142497653570206,0.7871669529220066,0.5402381681290571,1.0,0.2878030789008091,0.05486225820381589,2.8398901005489905,1.6381060096857865,1.0,0.0
5329,e2f5,foxj3,0,1,3.9352708830550442,10.798824305137611,23.96003656362538,2.178813299566617,3.298925622564782,2.8860817354416866,1.3991453808221153,3.3801109532847162,1.8130127171364558,0.13768449867781102,1.3246117673394735,0.7875360197617082,0.8309328504231859,1.0,0.20751004187700825,0.035375601410391,1.4391413593797622,0.5965361076401288,0.0,1.0
5330,e2f5,foxm1,1,0,3.489691433758603,2.264584586384866,2.0690613284974386,1.9967431461966654,2.61913874527454,2.8708623092567156,3.347476299655152,1.298921881002724,1.0611232075096155,1.2658584398639212,1.437772461983929,0.7662111226731413,0.9753640265970877,1.0,0.17225728029051465,0.04033187238547185,1.012949972215519,1.3723888586020005,1.0,0.0
5331,polr2a,zfp281,0,1,4.014671494723487,1.3330034688363517,9.398927703806278,13.573349818857528,5.583212566100902,3.3100821761278953,3.5840601403740227,2.8130859268237147,1.2137993809125343,0.5940265466495579,0.24386626885053683,0.784299283258551,0.5503134739300444,1.0,0.15906243514559712,0.026364975088600837,1.1150881465554017,0.11195144021801229,0.0,1.0
5332,e2f5,foxn3,0,1,2.5628502856251636,2.734556557932883,0.49534903552929554,0.00010000000000000286,3.162147014848142,2.301466446158286,5.954101201137354,0.4151153289482684,9.999634323368206e-05,6.383674516433229,23014.6644615822,0.7859777162517195,0.75614674556213,1.0,0.13676754174834155,0.030172294896531393,1.2240067848054506,0.7438647298241416,0.0,1.0
5333,e2f5,gtf2i,1,0,2.3601475207962874,4.773521399716259,12.36060152212886,3.661051982611815,2.5837902477126016,5.029858313488112,2.1043252257277603,1.981749906403291,2.0719613420029854,0.2090343453825374,1.3738833366413394,0.7613794539305078,0.5624484799020607,1.0,0.23999467083615214,0.045458307027609224,1.093550820573151,1.7279809593598543,1.0,0.0
5334,e2f5,herpud1,0,1,0.4141597763766838,3.9489821109304084,5.589416334034889,2.413989199865736,3.4074159374740223,4.939887637057882,1.7306862998522634,0.3855887518383398,1.4981680256949397,0.6096192757597423,2.046358632148244,0.7886869068740539,1.5105405512302128,1.0,0.19470543203494048,0.03839600683003093,1.0002801857906778,3.3228951864722496,0.0,1.0
5335,e2f5,hes1,1,0,1.0134217671272412,4.357074950352486,6.58556462078618,2.3892355498890594,2.744927130431156,10.797487636894358,1.7866272185681116,0.87826904732229,1.5430772663873897,0.41680968732237095,4.519222743607562,0.7701004096846494,0.642617646549618,1.0,0.2540515519951427,0.04940754280509017,2.074142434327593,5.84500183553936,1.0,0.0
5336,e2f5,hic2,1,0,2.849426005782449,5.1980761186031295,0.19048654261479436,9.999999999998899e-05,2.496657058002542,4.543121642456765,9.006525826856098,0.17855030354881574,9.999807624831689e-05,13.106737220021525,45431.21642457266,0.764952741020794,0.4311093509101967,1.0,0.18611345654095324,0.031191648042445227,1.159684483457785,1.2981680450358057,1.0,0.0
5337,e2f5,hltf,1,0,3.393806448127889,6.63029667407396,0.16779829049933936,2.100583199062224,3.2681572514375006,2.168283815909441,4.354569542106998,0.15989279048999439,1.5951988803798607,19.476701709606317,1.0322294384137896,0.782222222222222,0.7515055495255768,1.0,0.22005826132998588,0.029919747700561307,1.4547068272296682,1.4787957857795027,1.0,0.0
5338,e2f5,hmga1-rs1,1,0,0.4541781494125435,10.40986345049151,3.4750429991319463,7.2640988104975595,2.647782667404691,15.66862596767695,1.9197080262875998,0.40167975759252217,4.278512966787655,0.761942418573266,2.156995158853534,0.7666014412128329,0.6201939372020856,1.0,0.31665583071744685,0.06328063541108442,2.4250328590660946,3.9892637100497543,1.0,0.0
5339,e2f5,hmga2,1,0,1.2074943867671184,7.3425500517002575,6.526011145853936,1.6978399390103762,2.7033065950127884,14.018893040804802,1.4590455574832826,1.018958581377976,1.3789753257070996,0.4142356693230958,8.256899086127062,0.772721908803892,0.6045115510316789,1.0,0.2913492177044015,0.05116212044544476,2.6466569113529066,4.096469982664431,1.0,0.0
5340,e2f5,irf3,1,0,3.7235487195220567,3.734744710448145,0.00010000000000076614,0.00010000000000076614,2.816031314634159,1.6527771484482936,12.24522664492423,9.999731446280233e-05,9.999732251327323e-05,28160.31314612584,16527.771484356308,0.7731350727826537,0.9110795378387796,1.0,0.24472444222291734,0.032276033273247795,1.3825986534473471,0.709933457482929,1.0,0.0
5341,e2f5,irx2,1,0,0.7165680537759918,0.44236374428008074,3.8178107307337896,3.198543697661154,4.0491420426055935,3.349452848739091,5.804036498290184,0.6033287766678653,0.38861734029317846,1.0605926611315646,1.0471805813340256,0.799179625557242,1.3703190178092526,1.0,0.2109033604288333,0.03481768059038172,1.4620046573124648,0.824026123541132,1.0,0.0
5342,e2f5,junb,1,0,0.10240117345938678,1.9953547940944083,5.898381002029269,6.0337123218993565,3.059408989559406,8.298697519738397,4.020682460912923,0.10065373453905876,1.4994764190856136,0.518686227374402,1.3753883309315689,0.7798993531134586,1.5541920641974627,1.0,0.12446195916938292,0.035045020556364576,0.9850062936588058,0.32862153490690077,1.0,0.0
5343,e2f5,jund,1,0,0.00010000009114041752,8.761483643267827,5.408948175975111,178.30753944031733,2.9462263051686186,692.4864265582514,5.65306318488723,9.999824238294623e-05,8.351134594740692,0.5446948666017641,3.883663185145566,0.7769024970273484,0.7688828644067645,1.0,0.20745674595505942,0.07232997132211764,2.915287197735386,12.976187550673618,1.0,0.0
5344,e2f5,klf10,1,0,2.001552626956573,1.8363272527709542,0.0001,0.3141208594010744,2.5945120404514252,3.44020453581065,6.538577009395967,9.999500412815624e-05,0.26823650918013026,25945.12040451425,10.951850005663404,0.7671963148905335,0.7461154610734715,1.0,0.18999570880458222,0.027626560801747784,1.6466494950464556,1.0080652987516956,1.0,0.0
5345,e2f5,klf15,1,0,0.889275571904005,6.513484364261402,9.123832584253774,7.9861353327418225,2.9177558324267268,28.563634487191887,2.443063954431994,0.8102979926696421,3.587512549135366,0.3197949771088841,3.5766529487780843,0.783514946144454,0.5431142757401209,1.0,0.24794332533556623,0.0597805533952326,2.425627962813321,4.480832009389375,1.0,0.0
5346,e2f5,klf16,1,0,3.5488531559781724,4.431550628253218,0.23124605513327312,0.4593303603411558,3.1508198738878965,1.5405200661343,9.246618125159724,0.21709967033535196,0.41619204222972445,13.625399456315037,3.3538389776589517,0.7857648363128443,0.9666552779132267,1.0,0.20030675420064764,0.03991610131316509,1.3167926639459842,0.24338663779359757,1.0,0.0
5347,e2f5,klf9,1,0,0.6117987007344429,8.115946314773453,0.9811186363273604,59.39477178526355,2.3671502014635215,139.39564081676104,2.5200072046069977,0.3768225086171804,7.140270356377024,2.4127053689699736,2.34693453020972,0.7537064755023443,0.2521691590153499,1.0,0.28038373842713815,0.07148415621511954,4.004882531448903,9.177330647195301,1.0,0.0
5348,polr3g,pou2f1,0,1,6.081353492781499,1.0077100096465967,4.831773543839839,12.011132023536167,9.607229563528144,3.01892495192583,1.9450804297264497,2.69251176299481,0.9297092580472099,1.9883443369933314,0.2513439154619363,0.6549132989127819,0.8297978581504175,1.0,0.224774458855554,0.039624850927912146,1.718132616790426,0.8252038935348309,0.0,1.0
5349,e2f5,mafg,1,0,3.342720881102708,0.0001,14.957944969195736,11.424945921637606,2.2445127130474245,21.046302923367083,5.474829252885147,2.7321538678386608,9.999912472999508e-05,0.15005488505738954,1.8421358899833102,0.7431536434942732,0.37261042958780166,1.0,0.27376561573485836,0.050608081198295726,2.035604283469776,4.136804042026515,1.0,0.0
5350,e2f5,maz,1,0,0.4438191297534606,8.95488606632895,1.8079054147513323,51.610192321148965,2.5556119551150354,88.89644611314952,3.356722493869995,0.35634154710871546,7.630856004848636,1.4135761385871761,1.7224591135019138,0.7684854989183342,0.3557543279134526,1.0,0.3387427349833512,0.06683909645017813,3.112985615263514,5.159318650861924,1.0,0.0
5351,polr3g,rbpj,1,0,3.839694567343308,10.580036559238081,45.51773880287716,27.513564989801445,6.8437284753695256,13.853421896772973,3.9042428164811493,3.540990737670897,7.641559517346601,0.1503529976523556,0.5035124274846997,0.6341343105870944,0.5629815885377553,1.0,0.3166159051371636,0.055971615544702695,3.5184171870362833,3.0135524236184383,1.0,0.0
5352,polr3g,relb,1,0,24.446664153770936,2.554051478238193,11.418135780708017,41.16952950498656,17.962233016944165,9.562335970779216,1.55698874153833,7.782988646334945,2.4048601538589427,1.573131845856396,0.23226731239716986,0.6652775891310581,0.6305552419068171,1.0,0.3554195472274247,0.06733231742272276,4.048135346282534,3.302896636513669,1.0,0.0
5353,polr3g,sall4,0,1,1.8648849059963846,5.9428588597913725,93.95665543226094,97.17519704710458,7.692878394364009,97.10910017042534,16.079944703092043,1.8285903974721398,5.600362377319975,0.08187688630434778,0.9993198174154748,0.64479225311457,0.5085898833907053,1.0,0.30417143989073314,0.05671853467439368,3.3925038591458914,3.802948598716061,0.0,1.0
5354,e2f5,meis2,1,0,1.2701051139056716,1.4396327564128362,2.9836578388683046,2.013699802860907,2.3918433457755603,3.5278776749723275,3.419880598743871,0.8908721810227154,0.8394755350148806,0.8016480021994686,1.7519382332759805,0.749907840605324,1.799082197823743,1.0,0.17445666509912983,0.02882489167798116,0.07254965476890107,1.0710003716931304,1.0,0.0
5355,polr3g,sin3a,0,1,4.625750618876144,2.4408918827252255,4.6184558896004235,14.476323864864,8.542472070151364,4.856260327836678,2.335382494347428,2.3110501880265826,2.088709037034265,1.8496381202615395,0.3354622605275832,0.649931047973006,0.6116134990019194,1.0,0.41111061184200964,0.07372676512025787,4.446172429353188,3.4404839105462086,0.0,1.0
5356,e2f5,mlx,1,0,0.3173640664877526,10.236162218267907,2.1091765524927424,49.83178072429112,2.6241060041753475,29.743646877031527,3.750419763595545,0.2758564362796253,8.491820530740968,1.2441376712035002,0.5968810755850155,0.7706728876956561,0.5617904452885746,1.0,0.2817900076511681,0.048979178470991994,1.7816853657993055,2.756855071163959,1.0,0.0
5357,polr3g,smad1,0,1,12.785726514423214,0.8263010777989209,1.4116354154297952,4.571592232212458,9.604764169065234,1.8571810812869554,1.3111106729292707,1.2712773294740136,0.6998121992756403,6.803997734883202,0.40624381767928547,0.6528418527901205,0.9461130576530329,1.0,0.2951049446315459,0.055899624966150155,2.225031592105016,1.3627363105405288,0.0,1.0
5358,polr3g,smarca5,1,0,3.122540176551867,7.059136638402105,47.475313589618615,45.40300849790681,5.756113261142982,232.51309978636138,7.529506863410955,2.9298391738721934,6.109282034665308,0.12124434418484106,5.121094559121138,0.62254395907975,0.16898803963609718,1.0,0.4718318029320658,0.15233214003784115,9.626231745704693,48.94844576527617,1.0,0.0
5359,polr3g,sp1,0,1,7.683979778119941,0.1958392442142522,9.494200324155182,13.554692793234759,14.489262512879321,2.5758341824672466,2.267883606357354,4.246855188726663,0.19305004235137468,1.5261172103158265,0.1900326493384537,0.6714440119756137,0.9506496069604946,1.0,0.14280898482933946,0.03295944937474125,1.0961094113595315,0.5679172179918026,0.0,1.0
5360,polr3g,sp2,0,1,9.062864107878697,0.13877603068007588,1.9940916625024412,11.011191473755959,8.247618241353665,6.541406923107463,1.1949060579376827,1.634462697619218,0.137048780203009,4.136027644287675,0.5940689469162563,0.645327777877808,0.5704418223762785,1.0,0.1939302640316944,0.04852282276254652,2.6999929282935713,1.926024271821641,0.0,1.0
5361,e2f5,mtf1,1,0,0.5933756584343315,12.868987426015618,1.947226552946801,13.715541344438606,2.5421915840566864,4.382398977383628,2.695285615496391,0.454788566584573,6.639392807245986,1.3055448428481553,0.31952067128291717,0.7670937889959251,0.8532814362202004,1.0,0.17075070085567665,0.03063422537583331,0.6432423707965463,0.7713409420362342,1.0,0.0
5362,polr3g,sp3,0,1,39.377324045514385,2.6914538847027782,0.32733260667430675,38.14671250965206,13.217751348269257,10.309733159409703,1.0767414037218863,0.3246340155158238,2.5140726589266125,40.38018541006766,0.27026531203183196,0.6632574991388568,0.5543412396121885,1.0,0.2253542882338259,0.04576274125153809,2.5800512006356016,1.400814435983126,0.0,1.0
5363,polr3g,sp5,0,1,2.2689373420306804,13.453732211561606,29.276981841358477,13.013355724175568,9.92460288646707,113.39771964423255,2.1110446997892325,2.1057442319446054,6.61494016689502,0.3389899594242656,8.713949118717156,0.6612164454476644,0.9152532867675409,1.0,0.3211553682684647,0.1096642472035233,7.593602919508308,16.188164501381422,0.0,1.0
5364,e2f5,mybl2,1,0,0.5775466103433444,8.498253456852396,1.2875425200585477,72.10179283878186,2.4574851864031575,332.1835942436241,2.7573774084442704,0.3987025638675543,7.602220326151632,1.90866332421504,4.6071474947423265,0.758312777399778,0.2532061165631101,1.0,0.39826438018691235,0.10840739123639812,6.607591912406987,25.302978728818033,1.0,0.0
5365,e2f5,mycn,1,0,0.5340098406263989,7.55950029930658,4.011573624359162,6.034955665431163,2.6664153986988004,30.118163809164688,2.0377158009568035,0.4712749877560341,3.3558716345445836,0.6646806586093139,4.990618900762533,0.7723504963968312,0.5439003084658486,1.0,0.26208356847356307,0.06532128739500928,2.762889834314123,4.88419461600709,1.0,0.0
5366,polr3g,spic,1,0,0.9561743953991495,0.44699460644374955,12.691379277468938,6.5501125290495255,16.068545322107326,4.297844082624255,9.111126212302583,0.8891829406423504,0.4184393514904156,1.2660992135530837,0.6561481292975447,0.6720731004924219,1.8848041457094955,1.0,0.12789297997731547,0.04292691226469299,1.6193589233837187,1.0156762015456877,1.0,0.0
5367,polr3g,stat6,1,0,7.578284001515979,1.5521131736775995,4.367715460306425,13.85721951953621,9.837194984189393,3.01793241119341,1.7529092412308946,2.770784336781202,1.3957757545391,2.252251794694347,0.21778773201497337,0.6572308341747671,1.0162549834105932,1.0,0.23098495667295868,0.035407268761906585,2.8025670602685846,1.2291940656098708,1.0,0.0
5368,polr3g,tbp,0,1,9.03094033733901,0.889970262089854,12.019507370355507,0.6513675742092606,16.809160595486645,1.1967917944407798,2.620858953314027,5.15653897024765,0.3761003960869167,1.398489977795943,1.8373524286861327,0.6729734792225214,1.1151225765101747,1.0,0.26829784940640267,0.042199622405504435,1.3197610493872687,1.2213114164948589,0.0,1.0
5369,e2f5,nfe2l1,1,0,2.780992207174436,0.48891723350184524,9.999999999998899e-05,0.04927330605820413,2.644766087823533,1.602907682352158,8.370315915730169,9.999640429037025e-05,0.04476215524553815,26447.660878238243,32.53095459961063,0.7701564436400162,0.8251085882416488,1.0,0.15965207044620838,0.028810947343149342,0.9742545920115081,0.5723405735908867,1.0,0.0
5370,e2f5,nfe2l2,1,0,2.776069757507168,3.7250414074146754,13.606717037865486,9.899304156495285,2.4410941558484187,14.9669217043208,4.206471990721441,2.3056636297339224,2.7065753517891937,0.17940360992700985,1.5119165415783766,0.7537196139823434,0.320047442245306,1.0,0.228265975475475,0.041698369456012414,2.524454419559835,2.274846510390536,1.0,0.0
5371,e2f5,nfib,1,0,3.3555736220304024,3.693755117767961,1.2128381114587838,0.7972301475314292,3.434674417725172,2.4587895621092173,4.513120858636809,0.8908495582327743,0.6557075482381506,2.8319314715415698,3.0841653062452514,0.7921605197200333,0.8061055999999999,1.0,0.2150941913317758,0.04003503051370192,2.4716913045902222,0.3210140544354667,1.0,0.0
5372,e2f5,nfic,1,0,0.6256071341654703,6.452677379921376,9.883500867432245,3.765260268295378,4.426328017279054,2.764501217787346,1.6837527729928154,0.5883647453481482,2.3777801939304695,0.44785021791868607,0.7342125167455956,0.8056371757250549,1.219291916823417,1.0,0.10925718842507559,0.020007899885444456,0.21054382280069353,0.19638223819995254,1.0,0.0
5373,polr3g,tcf3,1,0,3.034340379947778,14.476262121583565,19.426527506079985,0.00010000000000000236,7.597291995148435,15.844711950006612,1.1562037997813037,2.6244175938781815,9.999930921871933e-05,0.391078230155682,158447.11950006237,0.6423608985737895,0.3994167529820574,1.0,0.41022544617043016,0.08757657232901184,6.3492260496443205,6.143488301441439,1.0,0.0
5374,e2f5,nfyb,1,0,1.6158618561254299,5.295764689194781,16.15241212709366,9.226909447895991,3.1674056808229922,21.327028934730308,3.0166561089362443,1.4689140129895666,3.364637998711841,0.19609490247652014,2.311394628414122,0.7878495908325946,0.3912144582598268,1.0,0.2816472625328652,0.057542265411741365,2.9659239160466475,2.9075540158662587,1.0,0.0
5375,e2f5,nfyc,1,0,0.8080119633894618,10.491870542317255,5.174963029597014,5.105022079800396,2.7147343102089985,20.32925568973512,1.7186802846199845,0.6988884364240586,3.4340962699828297,0.5245900878291687,3.9822072014485754,0.7710302363982019,0.4327906849826971,1.0,0.30792213216511116,0.05727690847860121,3.534140838978366,4.58478188939153,1.0,0.0
5376,polr3g,tfap2a,1,0,9.230047099433547,1.6745609870734468,8.091897557955695,8.326495659485468,13.16395254793792,1.989771685470472,2.2541164931783513,4.311790451995325,1.394175164002119,1.626806623990876,0.2389686810445571,0.6625590610149644,1.1439298758217677,1.0,0.23609945073613398,0.03755697710557792,3.824944418679193,1.0861424491146983,1.0,0.0
5377,polr3g,tfeb,1,0,7.978835705662074,2.158322212587898,2.098315562788276,12.761682064152753,8.005792084732064,5.297198612648618,1.4765858823312914,1.66139365065779,1.8461001322891408,3.8153422805928376,0.41508623910388087,0.649260115918213,0.8680749119565954,1.0,0.28989749111616747,0.05912093666887836,3.5578637509264293,2.167461595457638,1.0,0.0
5378,polr3g,thap11,1,0,5.928880778400329,31.78211519915293,151.12525221981718,67.39268267694506,15.133153642064867,62.53258023922306,3.233756980100992,5.705062234988397,21.59703927095009,0.10013649882981267,0.9278838258892366,0.6624640346133043,0.49238062174352365,1.0,0.4064218189693089,0.07760092607875625,5.053309769801629,8.220899127369272,1.0,0.0
5379,e2f5,nkx6-2,1,0,0.5527891069053275,5.575439312198779,1.4031323121671953,98.08376501461534,2.4932665212726834,577.4569856708582,2.733511603324075,0.3965579854842581,5.275557369964243,1.7769290177786095,5.8873860071012984,0.7623715521903732,0.4844903388581493,1.0,0.2500491955120568,0.09262088500314423,4.852524907985577,11.058419160919529,1.0,0.0
5380,polr3g,topors,1,0,59.59163385167716,5.072148252639502,0.0001,51.38988142351205,15.002048191047018,36.31457841819666,1.0987012009493253,9.999983219149111e-05,4.616502431114591,150020.48191047017,0.7066484181763826,0.663224226638042,0.2865006776971334,1.0,0.4115167346904899,0.0874376453671999,4.781764386551525,10.542342788747558,1.0,0.0
5381,polr3g,usf1,0,1,11.213091166995007,1.21130467615494,4.571413711955417,18.22213266850971,10.498431294697134,8.487928283777812,1.5012604115869885,3.247468267602424,1.1358029009181647,2.2965393106384244,0.4658032316077959,0.6547893298459165,0.4198643674959266,1.0,0.3902003354466498,0.07641098887639994,5.789022213526762,5.797008140115503,0.0,1.0
5382,polr3g,usf2,0,1,18.78872576669551,1.8337715543523414,0.0001,20.077326546451545,8.963955754465315,5.301336715719398,1.0913412764939654,9.999946776876192e-05,1.680300555405537,89639.55754465314,0.2640459477238693,0.6509271298547119,0.6576153314886086,1.0,0.3522453999716705,0.06572621431720825,3.869112130134285,3.567646411953943,0.0,1.0
5383,polr3g,yy1,0,1,1.4306049918120174,3.256780731762566,101.52728336829755,93.8823379169803,5.99470777434261,125.79032003807887,21.27446688430153,1.4107266641268275,3.147590727958499,0.059045288866800216,1.3398720444021606,0.6296814048967386,0.4611608477068241,1.0,0.3895311382162577,0.08442513812407411,5.679800627961265,10.870466346625204,0.0,1.0
5384,e2f5,nr2c2,1,0,0.3202541859878872,11.839578368237364,2.686464383486826,17.753020624756644,2.6914819922183058,5.158777680850115,2.79742600760082,0.28614299757004924,7.102731294723462,1.001867736926766,0.2905859115409455,0.7645530534652346,0.9441347512752363,1.0,0.1646742058610745,0.028929933482548947,0.9926229044513112,0.540926025556296,1.0,0.0
5385,polr3g,zbtb7a,0,1,5.692491567192041,0.3705395454973067,8.280173194482975,1.8434865992374059,12.748830609164322,2.970384757033069,2.947946540342829,3.373359118567552,0.30852602542037827,1.539681635845345,1.611286330077922,0.6618788302247066,0.7203654897623549,1.0,0.18425838223187221,0.031248364931669687,3.4261247733375457,0.7416954579033536,0.0,1.0
5386,polr3g,zfhx3,1,0,6.460189507644331,0.5739250658457705,5.1252465041318365,3.0598615168453662,10.366147556535303,1.6305166974068979,2.1297310868838095,2.8579039801720127,0.4832785807783591,2.0225656557549754,0.5328727095754046,0.6564741613503862,1.1404134640579966,1.0,0.153290138526164,0.028766839209424265,1.3253560794585786,0.9111585437763068,1.0,0.0
5387,e2f5,nr2f6,1,0,0.46915624925323285,9.453473905000434,3.12929387664632,6.128426062057416,2.6066477298319053,6.7120727199202825,1.8953879693704734,0.4079889192882696,3.718090603768876,0.8329827215286865,1.0952359793449031,0.7638562002917881,1.0103425942618298,1.0,0.2316752412514453,0.040251461918185225,1.909672824276843,0.434213686514954,1.0,0.0
5388,polr3g,zfp263,1,0,2.881371553779704,1.0184866832142756,9.306237571552568,25.100592657909207,12.593173450317313,1.4544858503407911,3.6724310928473365,2.200163127618882,0.9787718406527461,1.3531970738434933,0.05794627522001884,0.6710101001135127,0.7988810947107549,1.0,0.15248369387943464,0.030735423493899686,1.555365282953901,0.8215124749737897,-1.0,0.0
5389,polr3g,zfp42,1,0,0.8561192237535641,2.5431213007945823,122.04187387952688,127.76882033022969,5.3015027741318255,1336.3174600799525,30.96943373351273,0.8501554150145195,2.49349065398197,0.04344003091402203,10.45886982932239,0.6198173330457128,0.24538898395606915,1.0,0.4871100545922033,0.1841202772416641,12.407821733660832,80.98984577821578,1.0,0.0
5390,polr3g,zfp57,0,1,2.4980740159018504,12.419491886554603,18.182485730933603,2.0011090683522745,7.971149096130297,24.42271366845926,1.3206525007722583,2.1963232961284698,1.723420398097577,0.43839710444920604,12.20458897253865,0.6453413900646024,0.32969743382029404,1.0,0.3654895838841646,0.08719242762053461,5.4875951413256345,10.281508997304096,0.0,1.0
5391,polr3g,zfx,1,0,11.08953916461146,0.5804623975004155,0.00010000000000065512,7.64963495420355,8.449587034083454,2.2431958385886595,1.0664891343318494,9.999909825805992e-05,0.5395228337852706,84495.87034028099,0.29324220724493544,0.6452460313223849,0.7763398952122011,1.0,0.23177808727197907,0.042571862859765795,1.4780379058073039,0.8375537936701367,1.0,0.0
5392,e2f5,patz1,1,0,7.028170986137778,4.155106046401011,5.145053048835259,2.993361439888215,2.755234957620743,6.345979343537114,4.064336866730855,2.9704795094608456,1.739916176690844,0.535511477038021,2.1200177362390624,0.7765664303089902,0.4266552183467047,1.0,0.28405486066027247,0.04417052763517239,2.3795290765897787,1.9371092433323296,1.0,0.0
5393,e2f5,pknox1,1,0,2.268230084612836,0.022971249666747472,9.999999999998899e-05,0.00010000000000000026,2.600747972737556,1.3882656865736935,7.924394399426046,9.999559147053033e-05,9.956656010643381e-05,26007.479727378424,13882.656865736899,0.7619986850756082,0.9856354649645624,1.0,0.18568679612392835,0.02644639395000383,0.26856344420322,0.5416896784941629,1.0,0.0
5394,e2f5,plagl1,1,0,0.8823840782742002,12.779486578099876,10.839422392568565,16.228240224485987,3.0090758329812792,10.796948334314573,2.4546452198482713,0.815960727613316,7.149425377120959,0.2776048136148178,0.6653184932537289,0.7831367345510246,1.00916912944937,1.0,0.2353452296904471,0.039102206526030484,1.300028632400849,1.1572693113413197,1.0,0.0
5395,e2f5,polr2a,1,0,2.571207994044749,6.6950080908090275,16.707710880116256,3.402264693205103,2.863158202982865,3.8122471370464064,1.7402783101256838,2.228288840134085,2.2558754363994393,0.1713674735891134,1.1205028064571543,0.7755102040816326,0.77042601327338,1.0,0.2461841624376762,0.03614739610962301,1.1798035758839538,0.8215149866802391,1.0,0.0
5396,e2f5,polr3g,1,0,2.035624998750019,2.4749601512398756,10.2791244393702,4.32617775579376,2.395275863018502,7.180467553709624,3.1697685131011983,1.699136696137137,1.5743126663696627,0.2330233355133173,1.6597717336263644,0.7605870266970759,0.6388223279214601,1.0,0.2821912699974235,0.04697060866958866,2.1393775219726634,1.7202769452174065,1.0,0.0
5397,e2f5,pou2f1,1,0,3.3451386733648016,2.4919274566752896,3.603161394271938,2.808562927884334,2.9454119598372803,3.452169481264541,3.919322499516575,1.7346796207742938,1.3203938817024725,0.8174521309313807,1.2291586729249575,0.7791764213116315,0.8450895274444743,1.0,0.1984456891187367,0.027331446861270387,1.564622481515237,0.37547789879504023,1.0,0.0
5398,e2f5,pou5f1,0,1,0.35263933150498294,6.658334169285588,0.19568865908331445,149.19066154080414,2.0285677299226945,3715.863492349878,1.5951377187791138,0.1258508029987833,6.373870264286515,10.366301958556688,24.90681021166715,0.7298194367664689,0.2610136675937899,1.0,0.4205305626169496,0.1990982044203086,5.949403013473292,143.8680747571234,0.0,1.0
5399,e2f5,pten,1,0,0.6484290650659573,7.771953626116161,1.692101240423639,6.303146811119383,2.4447352940464873,9.100750647630525,2.5050088546702556,0.4687859083693134,3.4804557831093796,1.4447925665691355,1.4438424044916562,0.7610224132231403,0.6343636495067201,1.0,0.20944953963365834,0.03911486380958371,2.5772120972898027,0.9522988267400492,1.0,0.0
5400,e2f5,pura,1,0,0.3559303585520507,10.635401774786164,2.557753758892868,16.56505669485292,2.6085575410595894,17.738640645194092,2.913439938410819,0.31245055256330617,6.4769508781816425,1.0198626556563881,1.0708469624921855,0.7695404247968807,0.6577099696392811,1.0,0.3304685982953598,0.0546206190929181,3.1359936919384723,2.330403738793361,1.0,0.0
5401,e2f5,rara,1,0,1.9044306386256014,3.917913797076847,11.178456475574208,4.3675822455740585,2.586765750665424,2.9556523096251146,2.4750244324974604,1.6272092557857676,2.065272936190751,0.2314063445447685,0.6767250491093236,0.7661634230146273,1.0261237342622564,1.0,0.17489552981540796,0.03159390470090331,0.5061356500804832,0.7973639338841452,1.0,0.0
5402,e2f5,rarg,1,0,1.2608549721028453,0.9999597089276948,0.13992112618275312,9.999999999998899e-05,2.575702180812397,1.8816190858847626,7.579471771107225,0.1259446444479411,9.999000059704262e-05,18.408243637549294,18816.1908588497,0.7600898707105057,0.8010066654492327,1.0,0.13151850353658348,0.020936484540562753,0.5895933209291879,0.8498064142152109,1.0,0.0
5403,e2f5,rbpj,1,0,3.109487593137594,3.6939327610617227,16.92106958722514,9.90177742610514,2.49988713746757,6.893839860230312,4.049422693805489,2.6267794485356206,2.6902971248648817,0.1477381275800026,0.6962224622475686,0.7576354342283383,0.5547222357114382,1.0,0.21592199299001769,0.03075212351719525,1.4052950316542887,0.6979806859174226,1.0,0.0
5404,e2f5,rela,1,0,2.0324806857636237,7.107996665156419,13.59738255272405,2.2393204328390968,3.043282204399069,2.2476197141335605,1.5116095332586843,1.7681803732804109,1.7028503475345098,0.22381382538872446,1.0037061606605098,0.78092425374552,1.0665245674740487,1.0,0.15731314627726722,0.033230292813994484,0.8365356127263526,0.8294254026502136,1.0,0.0
5405,e2f5,relb,1,0,0.6175282542424481,11.063861979706141,4.721118272258618,7.3320105052683076,2.748492385659725,10.262259836900018,1.8801821607830989,0.5460979501579304,4.409703988234441,0.5821697799459759,1.3996515457153564,0.7709469387755101,0.634809410056544,1.0,0.26224452402608983,0.03987217994711316,1.1336714421560996,2.2309039126884254,1.0,0.0
5406,e2f5,rest,1,0,0.7195362886293132,13.163786315081444,8.931072936839357,24.108760271166904,2.995135993244556,115.00780090015844,3.059562926780192,0.6658886422933583,8.514646773511757,0.33536127343558714,4.770373905857909,0.7829164579077863,0.28819703229616217,1.0,0.3734725467502503,0.08818918160945025,5.063768159587533,23.749168548794216,1.0,0.0
5407,e2f5,rxrb,1,0,4.15081520256497,3.992340251507428,2.4529249619873212,2.4657309285880853,3.259401055655473,2.16212365638744,4.164854047889043,1.5417987336360244,1.5242998352092194,1.3287813961560233,0.8768692606802417,0.7903499952121039,1.1236303871439004,1.0,0.2870820149024069,0.043767500357095195,1.0094643990189263,0.7901944472555534,1.0,0.0
5408,e2f5,smad1,0,1,3.184632141595707,3.2785565021661665,0.15192295057730126,9.999999999998899e-05,2.4175784163765,2.232459566302905,10.066365626631836,0.14500546164799924,9.999694997019984e-05,15.913187620368067,22324.59566303151,0.7506996985275185,0.9621076444528228,1.0,0.24293263310576416,0.02807965009890764,1.0175722193709165,0.7696899216831998,0.0,1.0
5409,e2f5,smad2,1,0,3.0556254969591143,1.7365073020492077,1.5068662726459459,0.8495579202443682,2.9331873883178794,1.8179166025657412,4.5091038903817156,1.0091895472292032,0.5704664829410898,1.9465479064492026,2.139838331496966,0.7795385031776492,0.7414832814060613,1.0,0.17160797970006283,0.02641205808382846,1.2526778971900858,0.7147142675306277,1.0,0.0
5410,e2f5,smad4,1,0,1.8306915522177851,9.222519856037668,13.745447512172266,0.00010000000000000178,3.472989950142388,2.629117771442437,1.1331981068521781,1.6155270916600621,9.999891570940365e-05,0.25266474205855327,26291.177714423902,0.7878172924909116,0.9343620187424163,1.0,0.19167117448599683,0.030308750044848766,0.49218438472062775,0.4341275799909687,1.0,0.0
5411,e2f5,smarcb1,1,0,0.28670497406616113,9.892147558655243,3.067871965011502,10.661683220074396,2.656551633133695,49.03483302223561,2.271971387087026,0.2622012158733683,5.131254838672612,0.8659265000075501,4.599164316747863,0.7723390113255744,0.3016584450271513,1.0,0.33725878721556735,0.07291495911450088,4.451178930164793,6.913574158295413,1.0,0.0
5412,e2f5,smc3,1,0,0.5189517678598249,12.676467488468427,6.439922648386616,23.47403208649114,2.886107628622633,93.36492568950634,3.081587179376476,0.4802514089718854,8.231360785226505,0.44815874137023765,3.977370625783377,0.7829714716644092,0.2428977286408635,1.0,0.3660934502534927,0.08780220742955172,5.427618433469123,13.617401679204098,1.0,0.0
5413,pou2f1,pou5f1,0,1,0.44132459636407556,19.30490306201133,15.158398548200205,107.70391239227689,2.8150234790003954,2762.1847419169544,6.770641360750019,0.42883928508316477,16.37062420191295,0.1857071820647327,25.646094747761662,0.8302799754175513,0.2699148180261094,1.0,0.3935453399235551,0.20695930090235087,6.599397883165469,107.01022661410238,0.0,1.0
5414,pou2f1,pura,1,0,2.2533821600217205,9.356508980363808,28.875537776113262,13.274538219283945,3.6307190772868534,15.463604086161725,2.607503065532784,2.090262746642722,5.488183333418438,0.125736847065418,1.1649071199853656,0.8488810766979153,0.6611737983790957,1.0,0.31761286137140715,0.0547369333431797,1.6895528644895665,2.487853411734569,1.0,0.0
5415,e2f5,sox2,1,0,0.6020186280428931,4.398563534593839,0.6278196726522906,999.9991715120564,2.237373781004341,6956.086364513963,1.9208452798924327,0.3073242537452472,4.379300885453197,3.563720409639792,6.956092127552426,0.7470147123522286,0.3643522916582241,1.0,0.3310843042042188,0.0948206455574539,4.733791821761011,15.178132696721315,1.0,0.0
5416,pou2f1,rbpj,1,0,1.7347794786566286,7.6753358457470515,25.142916021259538,22.021855462449977,3.4185159163319843,12.357685358837152,4.136131903469225,1.6228108078463819,5.691620290507017,0.13596338282486667,0.5611555020833078,0.8447640895281789,0.5639827089400109,1.0,0.18312295743940257,0.03588284280267073,0.9590471537040139,2.2492776051107812,1.0,0.0
5417,e2f5,srebf1,1,0,1.9822716042653772,2.3447495883207896,0.004422309413654624,9.999999999998899e-05,2.717497482240396,2.9718463869631937,9.181960155704283,0.004412465511473496,9.999573533412308e-05,614.4973650757374,29718.46386963521,0.7698996469373842,0.5173799549290874,1.0,0.17059019839633915,0.026392525488385946,1.835371440212149,0.8308835420676312,1.0,0.0
5418,e2f5,srebf2,1,0,3.337756696178082,3.9549532334459703,0.00010000000000143228,0.00010000000000121023,2.726454974551256,2.536313455993504,10.635399025457204,9.999700406694181e-05,9.999747159023572e-05,27264.549745122058,25363.134559628088,0.7730718323245719,0.6623736132335428,1.0,0.24769667220198588,0.036955384186007204,2.177839127966375,0.7944687662004688,1.0,0.0
5419,pou2f1,rfx7,0,1,3.873622537478493,6.91607620751918,1.8693347995252274,4.323278076431867,3.3683043763149665,1.6415052745844914,3.854240716118085,1.2608656106283505,2.660305911487713,1.8018732530793555,0.3796899587683417,0.8422530754321428,0.8625175044868304,1.0,0.18891660957938283,0.03038486430767542,0.9103421815895356,0.6871352991177286,0.0,1.0
5420,e2f5,taf1,1,0,2.4912093758589124,1.1386443312823276,12.082778925356429,10.23617391411821,2.34698235988578,13.370654927839228,6.339403077807079,2.065373700263522,1.024663528671646,0.19424193510323176,1.306216076438267,0.7491396304587523,0.47616270593380966,1.0,0.21573550283877313,0.041240988181939026,1.3688477229051337,2.7317200439595073,1.0,0.0
5421,pou2f1,smad2,1,0,4.083492734184649,4.256534760681287,1.1369886717899074,3.3850369545871093,3.105677785755551,1.7911037817176736,2.8777191353070597,0.8893595473380698,1.885545016164869,2.731494044585712,0.529123848793002,0.8380127636810234,0.741155383450431,1.0,0.14664013058836423,0.02949176933157206,0.5207052724610541,1.0475285571677668,1.0,0.0
5422,e2f5,tbp,0,1,3.744014248059033,8.309743455971486,6.9068484648260515,10.25051665038721,4.324273346834161,1.0573799952497684,3.444302612275396,2.427910279062143,4.589330277041738,0.6260848734203506,0.10315382446696736,0.8001075593267715,1.096388421118913,1.0,0.23596900219117953,0.03289497046734384,1.3840587832368276,0.3666483100666929,0.0,1.0
5423,pou2f1,sox2,0,1,1.2697140234325783,23.07424490816834,27.68046740763145,108.24783474642622,2.941422748008901,566.7144237309857,5.95234541719202,1.214026161678059,19.01993218724194,0.10626347831098966,5.235341889826537,0.8298251004207355,0.37161772824713374,1.0,0.3373826833017423,0.09589682287249358,3.4689815619238633,18.379684595082242,0.0,1.0
5424,e2f5,tbx3,1,0,0.2528685987403808,5.417379737091867,3.0029141714898873,11.59314877994727,2.7330157650176603,24.243466964349793,3.4044035083565314,0.23322891982396426,3.692095117836434,0.9101211719486749,2.0911891518449104,0.7678706902117769,0.34714054587361787,1.0,0.11329802429384578,0.040377361155207625,2.4827820642022775,4.3308815862152805,1.0,0.0
5425,pou2f1,sp1,0,1,1.823409221799386,8.138572874371867,18.830058835574484,10.0873848342044,3.3186839488423074,4.126653138877307,2.456311332601317,1.6624279676629417,4.504395209167812,0.17624395004929672,0.40909048348037763,0.8444913904397833,0.9611493762572088,1.0,0.14323249071030472,0.02307180507266302,0.7157457460242047,0.2069146249226335,0.0,1.0
5426,pou2f1,sp5,0,1,0.3255784133912925,3.840678862431332,20.208967652755994,20.6721365794115,3.604085151001426,164.2344644044199,6.411444457516371,0.3204163171401783,3.2389195843376566,0.17834088375661877,7.944726166718049,0.8491293324554594,0.9312452254651947,1.0,0.19297037043296253,0.0710971440684017,2.5914726328804276,14.589271241621251,0.0,1.0
5427,e2f5,tcf3,1,0,2.2147173789271806,2.810564596404352,13.661918359941495,6.25892540165707,2.514216257983106,16.81152144963731,3.503015076296238,1.9057745305053402,1.939592430135906,0.18403098245376082,2.686007640414824,0.7638080235244697,0.40477507225940557,1.0,0.33271845147599133,0.058722746010006426,3.3105393859925343,4.686962792308698,1.0,0.0
5428,e2f5,tcf4,1,0,0.4552173040200797,10.158437494704488,2.6577858968559367,10.309218292995327,2.61172020008977,15.257635439906634,2.359939522704878,0.38865046148647875,5.116636254533492,0.9826676419569159,1.4799992595242206,0.7616541326260057,0.5400812188608209,1.0,0.2978650399213782,0.05208271901063082,2.398302193474202,3.233677975236898,1.0,0.0
5429,e2f5,tcf7,1,0,0.6901242461224253,12.15638559534694,4.675512824019267,6.022271474377376,2.7309963319101658,8.471086790482095,1.7161267899781694,0.601360979270784,4.0271981544949265,0.5841062648529936,1.4066265239824471,0.7683460147618748,0.6099756848687475,1.0,0.2608067749296154,0.04432584461014867,1.68734197122442,2.4005380876184925,1.0,0.0
5430,e2f5,tcf7l1,1,0,1.0931555082468227,1.1660683187278122,0.3809032829861497,0.4104313503113493,2.4749527412405263,2.8657307243179306,4.689702490776815,0.28247619727387024,0.30357823982445264,6.497588368988985,6.982241298438861,0.7587066291643018,1.0069469901593002,1.0,0.13413036082520316,0.023929092454358265,1.1083150210014987,0.9450039208820487,1.0,0.0
5431,pou2f1,spic,0,1,1.2370395587068344,2.000951129610774,3.0902710408014946,2.3017490874737425,3.2073062407639146,4.324586218243293,3.011104500585107,0.8834095535069606,1.0704179246263963,1.0378721472703138,1.8788260813387314,0.8381956781292293,1.8780933967876259,1.0,0.12282879864358619,0.02640132974513695,0.6122891403882205,0.9951890152737504,0.0,1.0
5432,pou2f1,srebf1,0,1,4.112367649287509,4.81283724823997,1.3166073859998217,1.2487878102130046,2.962156026820097,3.300843952947166,5.13971806489077,0.9973104657520498,0.9915183519574334,2.2498400497507904,2.6432384476784283,0.8324750140201891,0.5331354359925788,1.0,0.2193828984385193,0.032456987208485444,0.8227777096523923,0.8794154575661891,0.0,1.0
5433,pou2f1,srebf2,1,0,3.4092137545096244,4.6608846330577824,0.740645068862062,1.031647855545063,2.9497616194880982,2.520944963338699,6.614976025451072,0.6084586159301532,0.8446840920563904,3.982692579078607,2.4436099486745677,0.8318541797138735,0.663373939141219,1.0,0.21461575887386525,0.033683351274134944,0.811927103561775,0.6397203052916246,1.0,0.0
5434,pou2f1,tbp,0,1,147.81145777957934,30.562186110650774,8.17485553884206,202.8727357414276,3.474290900682992,1.002517041479592,1.214284733390481,7.746431649211966,26.560868687999093,0.42499722278580027,0.0049416055726549425,0.8449550173010383,1.1424898730758846,1.0,0.22043009435092986,0.040261721713754986,1.1086525247689354,1.257966776606093,0.0,1.0
5435,e2f5,tead1,1,0,4.639406992245773,5.124696777787299,1.1373587766916762,0.0001,2.8963547355586905,1.8178503454483188,5.075897732168837,0.9134298450612144,9.999804870311279e-05,2.5465620830601425,18178.503454483187,0.7789544587821351,1.026005952261256,1.0,0.18770752684851008,0.030087520506128954,1.2347149402993447,0.31109860777935605,1.0,0.0
5436,e2f5,tfap4,1,0,2.067179265135772,1.791477974672445,9.999999999998899e-05,9.999999999998899e-05,2.725593602941301,3.9135275421820443,6.71161556007764,9.999516272417016e-05,9.99944183283334e-05,27255.93602941601,39135.27542182475,0.7684918367346939,0.6162779099832141,1.0,0.1911293690260928,0.03370665464636609,1.1982094841614714,1.243267997653759,1.0,0.0
5437,e2f5,tfe3,1,0,0.4959669029516022,15.102655019090355,11.136979097911162,57.97853601178659,3.0964811969408563,23.691696297739263,5.054458391276389,0.4748215139155695,11.981603139554258,0.2780360068666761,0.40862874310801717,0.7851723124249477,0.9029076913552508,1.0,0.211781974405174,0.04173514398944229,1.20421047900576,1.0341007146662466,1.0,0.0
5438,e2f5,tfeb,1,0,1.210885548811983,9.282272013687074,4.641450245115275,0.5468568212299111,2.5987122755075323,6.717167667534014,1.335169104105958,0.9603456167316737,0.5164317054390457,0.5598923048334844,12.28322918680384,0.7582291071856176,0.8876387768117453,1.0,0.26561675586854494,0.04027352969045171,1.386333515061192,2.4519856716830057,1.0,0.0
5439,e2f5,tgif1,1,0,0.5928062784056424,7.634516557288633,1.2713636779053017,55.381960616245536,2.4380413077146184,116.49635133314735,2.767070402846585,0.4042938080016128,6.7095863536689135,1.9176584561008807,2.1035071715928875,0.7583990772706066,0.3259933653671402,1.0,0.29459172729269517,0.058175772835347965,4.191868859647839,7.221507434207166,1.0,0.0
5440,e2f5,thap1,0,1,0.5890940915565966,7.765189018069465,0.8799810787729856,25.492748470721814,2.3210102807691038,10.728650272496427,2.715618825770754,0.3528693865750017,5.952143320131386,2.637568394090289,0.4208510622076777,0.7486587753496802,1.0127090901608373,1.0,0.2266152408525777,0.03836154405285925,1.142187569818875,1.5614059169817713,0.0,1.0
5441,e2f5,thap11,1,0,0.27092558551259016,9.823915586287052,2.810901925986666,14.356573342525575,2.655109891161195,18.74009335907494,2.698628721364464,0.24710833013036676,5.832709381540028,0.9445757842402183,1.305331913957835,0.7723825660078621,0.4796875877956958,1.0,0.27050241248471824,0.049249450065478435,2.534554430988122,3.016341885791373,1.0,0.0
5442,e2f5,thra,1,0,6.328256309409395,1.2068345745001334,2.3069372452589314,11.139634322770707,4.808443983817636,1.7149580441212247,1.5123768906789408,1.6906268614939108,1.0888696970661602,2.084341042956257,0.15395101799846797,0.7977359466413295,1.2270393312445629,1.0,0.17953947483480204,0.03160166932875186,0.2718348320729761,1.0012518993910708,1.0,0.0
5443,pou2f1,tfap2a,1,0,2.103471772470034,1.9265388224829678,2.169650697603699,1.1755018534351145,3.344579804848976,2.032390796834107,3.138578572653531,1.0680243850934024,0.7300516637723276,1.541529154228809,1.7289558420473314,0.8391276810204822,1.1530678409658115,1.0,0.12303459911511565,0.021203760181268495,0.9725996403189149,0.4354230068809886,1.0,0.0
5444,pou2f1,tfap4,1,0,2.297323856252301,3.7947626329116932,2.9429112086083853,3.9936605988509912,3.4616494968660914,3.873887686626374,3.651035800956042,1.2901749716733508,1.9458359616676326,1.1762670537732607,0.9700092410809579,0.8486326643931904,0.6123705831308893,1.0,0.23041086849785714,0.03761345007528857,1.1440818865661568,1.3212057661284327,1.0,0.0
5445,pou2f1,tfeb,1,0,0.31525353198835065,6.0488974174889325,7.729229579555188,1.9586613413084832,3.586473136650675,6.0902000075154055,1.3657988730088775,0.30289912859747065,1.4795697273104496,0.4640143108360192,3.1093685667205997,0.8455298339111874,0.8833838354408253,1.0,0.19061159054835805,0.03983191348026371,1.2992547952914624,1.1453974648693266,1.0,0.0
5446,e2f5,trim28,1,0,0.3912048198078565,9.15558280006972,1.9416812187464643,20.75486913442469,2.549650751901003,190.42798466392134,3.925116710256391,0.3256031536691468,6.353060905966838,1.3131150094488937,9.175099270949937,0.7672600330578514,0.23836740330175735,1.0,0.4060373218956036,0.12489273002815271,7.989744116675759,35.423430386067395,1.0,0.0
5447,pou2f1,ubp1,1,0,15.722474705039556,0.0001,2.7072995196218406,12.600201692632988,3.0715191715376418,3.739512800645827,1.172202266890096,2.3096022608493008,9.999920636820897e-05,1.134532455413975,0.296781979516425,0.8324152249134948,0.6221161737221629,1.0,0.3126522038134006,0.04858310784779356,1.2930927123783884,1.5674654984207428,1.0,0.0
5448,pou2f1,vezf1,0,1,2.1506238159190825,1.2482780172238712,2.218362159135043,1.2838943510495213,3.4858904200218674,1.6419489700624035,3.938478868906255,1.0919839338029453,0.6329178514596249,1.5713802210641044,1.2788816842446498,0.8434829465478477,1.1588628377873245,1.0,0.06032107736265024,0.02239913724467733,0.18773909509110584,2.4847274469206555,0.0,1.0
5449,e2f5,ubp1,1,0,3.2095784704294266,4.216046141927345,0.06826367856546245,9.999999999998899e-05,2.786452837863178,2.8030608730194504,9.54612483466431,0.0668420329829509,9.999762816569687e-05,40.81896692969847,28030.60873019759,0.773226006496098,0.5945617551454585,1.0,0.2125904404627451,0.03894858982213179,1.0725406426498856,0.9185748923549892,1.0,0.0
5450,e2f5,usf1,1,0,1.8639744350117364,4.270021733489241,11.149104347951349,3.877899649237897,2.610202661605359,9.605924314150402,2.227178451238235,1.5969814541557334,2.032262586337555,0.23411769951592432,2.4770946086854524,0.7710143151703625,0.4296126707900836,1.0,0.27274574854667644,0.04926653971931533,1.682983464135291,1.9956479675903755,1.0,0.0
5451,e2f5,usf2,1,0,1.1027944199541713,15.242645732802819,6.198083847505706,5.790272715835044,2.80767243951895,7.863605652623763,1.6253872254414161,0.9362178125749632,4.196235340298363,0.4529903932565935,1.3580717245180243,0.7764600751165028,0.6705714723732743,1.0,0.31894021947246265,0.05451709741205279,2.295613428479736,2.4137346658633323,1.0,0.0
5452,e2f5,vezf1,1,0,1.2620649414645326,0.49241735387172253,0.7869854140876158,0.12867706770784815,2.8441692164573324,1.3037958120306834,1.0577942227750838,0.4847253743045702,0.10201801687982706,3.6140049936690293,10.132309006223675,0.7766472055825029,1.1204119079042139,1.0,0.01823185873884785,0.014297599175878046,0.09355002725515826,0.176681895390624,1.0,0.0
5453,e2f5,ybx1,1,0,0.5430000050315695,6.703092553697715,0.47948732119830506,205.44673659052307,2.1813522923324746,8198.761977699885,1.8525263129611744,0.2546355452475498,6.491301434352089,4.549343008446968,39.90699542743713,0.7416718060812088,0.2680293134899525,1.0,0.43556613316776116,0.2428053826263282,9.311937639871983,136.08442483858943,1.0,0.0
5454,pou2f1,zfp148,0,1,6.741995582197081,0.2496038309452379,0.0552067120488055,8.178020738692446,3.542767296412331,2.426115955388803,1.0389597057208784,0.054758324473549745,0.2422112291619317,64.17276387118196,0.2966629741974347,0.8436441368704344,0.8110969163754067,1.0,0.16742944534574347,0.02581366674475535,0.8121461225556689,0.7243167596660496,0.0,1.0
5455,pou2f1,zfp263,1,0,1.3130475708253444,12.169627675251204,6.432146976353563,7.448275258504078,3.35657937538691,1.400688750769784,1.9411167691276983,1.09044581269671,4.620409073531342,0.5218443216124676,0.18805544937004653,0.8450728501457,0.8134290693005108,1.0,0.12808185151496226,0.023368725002448326,0.15906803531159994,0.5953917997472994,1.0,0.0
5456,pou2f1,zfp281,0,1,2.433552692902101,2.502197334168184,1.4620079242027169,1.0828126247698704,3.071898104827722,3.5203872699389627,3.7853293631227514,0.9133148398116688,0.7557610422665048,2.10115010594278,3.2511509280630606,0.8324152249134948,0.5595464380197673,1.0,0.11890353777541235,0.02193857138487606,0.31993108189888597,0.953502980863842,0.0,1.0
5457,pou2f1,zfp42,1,0,0.00010000000976662093,15.185608209346533,9.303083002858985,143.73058279625087,2.74557422648806,1565.0947155424562,7.787388248745543,9.999893486548761e-05,13.734511909916284,0.2951251994252122,10.889086268863865,0.8223026029623866,0.2540023583500718,1.0,0.37582304246452863,0.13717026441767258,5.335638307744684,53.65175786902854,1.0,0.0
5458,e2f5,zfp110,1,0,12.86129423978336,15.426204415467305,1.3644650474462656,3.712017155093814,3.0693578764645673,1.702849950989027,5.702724422192359,1.2335922533751726,2.992040572687323,2.2494954210876865,0.4587397848235404,0.7850279572227352,0.655602021047336,1.0,0.17291127130785386,0.02551977424311444,0.6766415799002876,1.1450727291463525,1.0,0.0
5459,e2f5,zfp148,1,0,1.54218643805299,1.9539690587617538,0.1903778947394431,9.999999999998899e-05,2.7066762372354822,2.1494365295138738,6.997295884353221,0.16945876226081982,9.999488247358676e-05,14.217387165352996,21494.365295141106,0.7747627718934813,0.802760742074524,1.0,0.11477639121978742,0.018746042717792757,1.225592407461738,0.46072088338762507,1.0,0.0
5460,e2f5,zfp219,1,0,2.8118086116269696,2.8707369185804215,16.935941717163956,9.938895832860721,2.4605744086514107,8.76652894252572,4.413318772502944,2.4114456570228313,2.2273827634994765,0.14528713252229186,0.882042541742028,0.764391106206991,0.5292912936515198,1.0,0.23800237144321879,0.04244611653534941,2.270828999893283,1.407225568970034,1.0,0.0
5461,e2f5,zfp263,1,0,3.60331444124729,2.0021848763495855,1.9533608543038028,5.950849709041872,3.9415321961884513,1.4893351410625149,2.0609466334372315,1.2666879025512636,1.4981327141162573,2.017820817645725,0.25027268606692943,0.7980595174932118,0.8070857142857143,1.0,0.06919199977385751,0.018735224654426813,0.8241227194788325,0.8323241305840712,-1.0,0.0
5462,e2f5,zfp281,1,0,2.152486785832043,2.345606667831728,0.3762689415081878,0.00010000000000064712,3.0356870258457853,3.5503753306730506,6.714170649197895,0.320281597688069,9.999573689301425e-05,8.067865005487644,35503.75330650075,0.7749292314265874,0.5587755990388958,1.0,0.1625650264525399,0.03444045791025319,1.2139244047605802,1.0125902398345477,1.0,0.0
5463,e2f5,zfp410,1,0,2.427072303711291,5.161815396361836,0.00010000000000000286,0.42694127117385233,2.8789641040599556,1.6163290379177708,10.945197909763328,9.999587997935796e-05,0.39432599377407257,28789.64104059873,3.785834603138179,0.7733154296874999,0.8502181818181819,1.0,0.20923464850151424,0.03395573960664454,0.8629350498412063,0.6676978587660305,1.0,0.0
5464,e2f5,zfx,1,0,2.6939139828382324,3.4984477633510576,0.5249719214746628,0.8414374495908474,2.721403714271563,2.7568883578130543,6.120475630358515,0.43935362790062316,0.6782955813537376,5.1839033726357275,3.276403206386408,0.7688283223821467,0.7936174944452178,1.0,0.15454013514049153,0.028513583689621876,1.3328109628317253,0.4026905253331946,1.0,0.0
5465,e2f5,zic3,1,0,1.1750088483807493,7.554342557158771,6.6072655166221015,2.170374360739521,2.74060463224428,4.972770649031111,1.516230706658765,0.9975998122791868,1.6859875240300857,0.4147865142318946,2.2912041069895044,0.7701870610352791,0.9821130602368098,1.0,0.2090764539933004,0.04284712926221923,0.8876262156734076,1.0596139828058608,1.0,0.0
5466,e2f6,elf2,1,0,1.683655116127298,2.9726892186597365,0.31542973376965466,0.8564765297742539,1.7087663514054448,2.6409533097080438,5.241542889405603,0.2656590014512521,0.6649068526574697,5.417264666156319,3.083509259038463,1.2520974634863344,0.8322865868589017,1.0,0.12572498732801246,0.02551137853809256,0.43038547135936756,0.4728015430488488,1.0,0.0
5467,e2f6,elf3,1,0,0.6532853708918569,1.65130808833258,3.204464123772243,5.275817251643002,2.7106364693698497,14.9542591035785,4.934449975195324,0.5426556432717456,1.2576645105476554,0.8458938420502373,2.8344914901897758,1.3057129031339847,0.6791595777509378,1.0,0.07576270171495296,0.023187860878123974,0.6925393337546255,1.7770535259700657,1.0,0.0
5468,e2f6,eno1,1,0,1.6317504758520471,3.2608622088599466,20.400103248622287,18.05410018652782,2.1278627815977726,686.3999303519103,6.454695682147415,1.5108977483084909,2.762000322644663,0.10430647118129056,38.019060670999814,1.2852753406528772,0.2861051700011198,1.0,0.27616419533218545,0.15803453273993426,6.902819162577675,94.71103634220147,1.0,0.0
5469,e2f6,etv4,1,0,0.2376525711832136,1.424393817913744,3.409510924943329,6.777539381127455,2.7468994690053794,14.751073400823964,5.465775125701933,0.22216690824269134,1.1770255817583863,0.8056579167732207,2.176464432194874,1.3004431481171024,1.2980592105263158,1.0,0.05989104771938388,0.03225112357946596,0.5284306064048018,1.375676225143309,-1.0,0.0
5470,e2f6,etv5,1,0,2.4733365872113064,5.48569993305554,16.52668915451909,15.30266539300928,1.9791071621524046,14.102358742414388,4.356652278487376,2.151368924809553,4.038115994466845,0.11975218651772328,0.9215622494664735,1.2705112960761,0.3957204966195975,1.0,0.16001854235639995,0.03238159984734082,0.7280006195866096,1.3510148648562021,1.0,0.0
5471,e2f6,etv6,1,0,1.101015068760093,1.2053142341897902,1.9649409789416457,2.787180761619929,2.267289048268299,2.7243943992608965,3.972108296658031,0.7056296937657284,0.8414359063107891,1.1538713236514127,0.9774731645598255,1.2917747981545555,1.1164109735392485,1.0,0.08823726462991183,0.020446420011367566,0.6025407643638863,0.05896616824133981,1.0,0.0
5472,e2f6,ewsr1,1,0,1.2891049358827291,4.235284597519032,9.580613410669692,8.945765857148906,2.099677605215335,44.86162863771944,3.5308943106657487,1.1362222683898506,2.87441918822007,0.2191589948590323,5.014844939393175,1.2840874703601937,0.2447260227392427,1.0,0.18279445999213345,0.06456194116275661,2.8858391720598027,7.8838905020818615,1.0,0.0
5473,e2f6,ezh2,1,0,0.19550450377595766,5.932821206538699,1.6762292913305503,13.954605945902887,1.4986929033319132,81.78607399173444,3.7430704398163557,0.1750838589724008,4.162940809293146,0.8940858575155234,5.860865889641769,1.2435737016221347,0.34045900817022295,1.0,0.19423065715773408,0.0618705591203379,2.7566420874855058,12.208039991094372,1.0,0.0
5474,e2f6,foxm1,1,0,1.1762630293704932,1.7459795669028386,1.0620297584573006,2.1786892312712043,1.9124545017442567,3.076467847201593,2.224171207799544,0.5581156977130504,0.9692402279144082,1.8007541563828484,1.4120728202280415,1.2675151900425181,0.9832315091641755,1.0,0.03286764090086141,0.02157228886023802,0.2189879164509852,0.684344101119934,-1.0,0.0
5475,e2f6,foxn3,1,0,1.7671120650685503,1.8459771130141505,0.6736439320745157,0.4921416665688396,1.9294574238995135,2.2899266462566903,4.308902465111408,0.48771951039861344,0.38855265214915624,2.864209609901281,4.652982671070751,1.2698969772444244,0.7533342696845622,1.0,0.07733564363634687,0.01884248374712887,0.5089901093385918,0.3264664245974314,1.0,0.0
5476,e2f6,foxp4,1,0,2.821903237669557,2.290877285723341,1.0245573618239556,1.2965422000707443,1.6954710031528772,5.121074869706957,3.5421761552969326,0.7516525027943619,0.8279542127386225,1.6548326783134288,3.9497942060254823,1.2528019925280198,0.6038792781270501,1.0,0.18333318238519755,0.03903206167981249,0.8164547603298968,2.238901689549789,1.0,0.0
5477,e2f6,fubp1,1,0,0.16919420172570945,7.450615102809541,2.8602295494704197,15.269629254905302,1.596143367794786,115.22136772749693,3.2298325458647272,0.1597446561194544,5.00734624811678,0.5580472966200621,7.545786855989483,1.2511740230380866,0.2360539944583802,1.0,0.20232392001407526,0.07767105685105553,4.314966283800306,8.867215207103518,1.0,0.0
5478,e2f6,gtf2i,1,0,2.9812345242941203,3.285203022455875,2.3112498903874683,2.4927175178959735,2.189589706782919,4.245218796416186,4.027375663786547,1.3019174791294437,1.41730628981995,0.9473617352625797,1.703048486616905,1.286466466743135,0.5544599862416876,1.0,0.1245032046706643,0.0292073010510755,0.5427064796923142,0.22046085415672764,1.0,0.0
5479,e2f6,hic2,1,0,2.3840738499988796,5.617494006367954,11.513920043814887,7.284005548572274,1.8202598481877346,7.116110595089874,2.7721903273664035,1.975107767147279,3.171558262449224,0.15809210427560266,0.9769501886890642,1.2592036155631772,0.4455728567004662,1.0,0.14009774352670273,0.03146740303165661,0.8501717744027102,1.690760804923526,1.0,0.0
5480,e2f6,hltf,1,0,0.933696671855732,1.293464865082216,0.607637477688439,0.666439970518561,1.642633940679869,2.5925316042312763,1.226477889226744,0.36808961300201715,0.439825786892326,2.703312420637286,3.890120219250973,1.252773726858197,0.7634834067491723,1.0,0.022320699544633938,0.0155763666943734,0.6000301935727285,0.8701637898736116,1.0,0.0
5481,e2f6,hmga1-rs1,1,0,0.6773359312492209,2.167119585363626,9.111111497507185,10.859672152809507,1.8083385955717313,17.644702936677245,5.903994300966412,0.6304659891975899,1.8066004804558173,0.19847617890160774,1.6247914935546541,1.2668329177057356,0.6272912192523333,1.0,0.14390621072558576,0.04020560675953956,0.807268628435453,2.4487274630107168,1.0,0.0
5482,e2f6,hmga2,1,0,0.9295364812946137,2.1415851747691734,4.207856765273565,3.703964956809943,1.576708840829241,13.70117228787832,3.331192260772088,0.7613503938007751,1.3569905758768799,0.37470592008773723,3.69905559249095,1.2435267021553336,0.602292080815215,1.0,0.15877552756985328,0.03519441486090295,1.2010886132079077,2.9646513816526,1.0,0.0
5483,e2f6,hsf1,0,1,1.3120209694341893,1.830521112966889,2.0783159427695925,2.5139301824656473,2.390372479247408,3.7176950045454045,3.8680251683720273,0.8042841076377348,1.0592367050739173,1.150148747866489,1.4788378096081858,1.3029384799937966,0.8023088731437696,1.0,0.07120406329829447,0.023041016016876924,0.31854347553814694,0.7346298742084032,0.0,1.0
5484,e2f6,junb,1,0,1.332897010891257,1.1130450472983129,1.4670047709471081,7.302660320471162,2.1006799822800404,8.887873565432347,2.351862100274763,0.6983695952630007,0.9658358446021332,1.431951704508655,1.217073391804551,1.2882205513784462,1.5467969321834325,1.0,0.021146740225496105,0.027624392126228067,0.414719704323609,0.6187585576304022,1.0,0.0
5485,e2f6,jund,1,0,0.000100000001503453,3.01987612131592,47.30168748487515,153.40904926175983,2.951006963796441,635.589027218692,31.855456173810992,9.999979009494538e-05,2.961577109379597,0.06238692783930877,4.143099968856432,1.3084956745890406,0.8136012051125245,1.0,0.07287337705353188,0.04870118321293179,1.9168234969248497,5.996452268203423,1.0,0.0
5486,e2f6,klf10,1,0,0.8065718990318393,1.6938112305505741,1.0222670640634655,2.20063042439661,1.604832769115893,4.717400278250749,4.011645352825296,0.45084991287797943,0.9571211632864495,1.569876234432082,2.1436585743579415,1.2444134099764668,0.773844491048051,1.0,0.09051600091053258,0.021869463099892447,0.19868614159649706,0.13630259522107668,1.0,0.0
5487,e2f6,klf15,1,0,0.25076357066945953,2.1389540177683277,8.729952033193749,13.025335781005436,1.8018418290172349,40.78759187673342,6.890119859011686,0.24376163773353102,1.8372501891790567,0.20639767803604442,3.1314042541776987,1.271065114001848,0.5803832471678949,1.0,0.13962424233206158,0.037574565054214235,1.3443950901501556,5.3293330771494976,1.0,0.0
5488,e2f6,klf2,1,0,0.28915403126332945,4.220262044053271,39.58534007063368,65.131641052634,2.6621612537364667,1490.386684023273,15.990546451694602,0.2870572008036834,3.963447004736384,0.06725119069297543,22.88268282414174,1.2932279171041345,0.32777601293149045,1.0,0.18380167022493304,0.13252401166276412,5.41581336788029,54.938428170898106,1.0,0.0
5489,e2f6,klf3,1,0,0.569037379468344,2.504168769362143,2.3354021283766784,6.030952295257698,1.8374132568227979,19.423809764506164,4.238828093375773,0.4575516561962318,1.7694561416241534,0.7867652574676597,3.2206870181645497,1.2710080629605338,0.418113982574739,1.0,0.09078789479168628,0.03056974345858191,1.3481267469257556,2.086392160794671,1.0,0.0
5490,e2f6,klf4,1,0,0.3294947111230674,2.733637742604051,4.271632066962229,7.681197857013978,2.066568669577298,56.15348049914255,4.081924057064333,0.3058990203511534,2.016125186950898,0.48378901487340364,7.310510879220067,1.2880263590611611,0.30595837420369143,1.0,0.11479113401457984,0.061436841369398344,3.0153084020844334,6.941444985845598,1.0,0.0
5491,e2f6,klf5,1,0,9.999999999998899e-05,7.774741632003927,2.889280597885591,46.04714665594794,1.645761175977252,101.76375391618278,5.4649940699244794,9.999653905060513e-05,6.651655665175332,0.569609326689017,2.2099904403748303,1.2521812675294308,0.30370318410077957,1.0,0.1719658303532347,0.048164500890202244,2.0948613039079897,4.651793345085604,1.0,0.0
5492,e2f6,klf6,1,0,0.46311988648542346,1.9764346055466782,1.202360786105456,16.33454807384808,1.648599512936203,40.031986480079546,2.994902673704429,0.334340229784503,1.7631039603051104,1.371135462822395,2.4507556804813913,1.2415944847902387,0.6791564641510673,1.0,0.028283548177525715,0.026599107252939073,0.5878848756274058,1.3791713537721904,1.0,0.0
5493,e2f6,mafg,1,0,0.6303804833684807,8.1448462694155,6.132506110004928,14.109304841680462,1.6726799711529394,28.55969651630228,3.0131604359433077,0.5716216163779784,5.163895865095873,0.2727563480815831,2.024174602276205,1.2611760935747474,0.3804745541949803,1.0,0.17407423792984164,0.03685896675481627,1.005739951439648,2.547856422638392,1.0,0.0
5494,e2f6,maz,1,0,0.0001000000024388159,8.220376693203384,2.849522722368466,92.34349745983438,1.6281541288137122,155.43978432062755,5.0023709487064565,9.999649320216881e-05,7.548419754916315,0.5713778367278375,1.683278071509447,1.2564955046983357,0.3682734409999927,1.0,0.18926113871759023,0.04927151079763392,1.3876500171419264,3.3126474433693556,1.0,0.0
5495,e2f6,meis2,1,0,1.2815305919149993,0.6477731275943326,1.4456211359982176,1.5763055410427544,2.065875955602185,3.6850007744668347,2.997977286826511,0.6793196326917322,0.45910622891377467,1.4290576584408297,2.337745239434444,1.2864177988831726,1.8003591448470002,1.0,0.06249141658520969,0.02441044911123439,0.05859870006012402,0.38685441009724675,1.0,0.0
5496,e2f6,mga,1,0,1.1451638863149822,4.158386014182708,11.823198751371535,12.444143541715247,2.2470051737853276,27.727149697491043,4.379237150802558,1.0440408407032673,3.116847483278096,0.19005052871370082,2.2281284047025105,1.2821215031258941,0.36752590621174913,1.0,0.15979576685839478,0.036112612806465855,1.7244272521554258,5.178671670169138,1.0,0.0
5497,e2f6,mitf,0,1,0.00010000000003018705,5.296088463365076,6.557280075026762,52.29879192177254,2.007685813127811,31.931663168575838,8.160159408156963,9.999847503088983e-05,4.809091132626169,0.30617661441273986,0.6105621563178469,1.2745039309980977,0.5350774214003546,1.0,0.03885060736894704,0.02752512295238869,0.43717681546960063,2.6231837519484205,0.0,-1.0
5498,e2f6,nfe2l1,1,0,0.7957299649485867,0.7152782088107681,0.4443944781399245,0.20009062311001033,1.5527617975923307,1.8225117366797963,3.474504899308711,0.2851471918680574,0.15635278098516814,3.4941068667001294,9.108431511444566,1.2393169586705757,0.845301195629374,1.0,0.06190040823270381,0.014178444664206105,0.22824309350830618,0.37562438075066806,0.0,0.0
5499,e2f6,nfe2l2,1,0,3.1423606783855527,3.3836019369115036,10.58467771852304,9.640826292893765,1.507573392467489,14.962811636163579,4.967705330410912,2.4230190150528785,2.50457969766481,0.1424297869579209,1.5520258514763035,1.230834375,0.3215044922948069,1.0,0.18830806459430485,0.04120805943025728,0.8164594170571446,1.9585253472359216,1.0,0.0
5500,e2f6,nfib,1,0,1.6695822941144969,1.8951336100365455,1.197051366464618,1.0648645591734764,2.105148564835983,2.5303364408038567,3.720420321025932,0.6971856202201783,0.681777656898009,1.758611721945857,2.376204953959446,1.2729183552088499,0.8061055999999999,1.0,0.0767775727736554,0.01821574653293696,0.8098197129990417,0.7343450822463558,1.0,0.0
5501,e2f6,nfic,1,0,1.4723927285757878,3.9547814192763218,2.2496421313432484,30.675793656661313,2.584549858457338,8.626627745921164,-1.838314651493744,0.8899316746752847,3.50314883622053,1.1488715571458996,0.2812193823727809,1.2988971175875113,1.2328206305479035,1.0,-0.00461749236374391,0.017444885516475602,0.1193452141851393,0.6768066908460932,0.0,0.0
5502,e2f6,nfyb,1,0,1.154631820963702,2.9548089609903596,11.563004238135992,14.025451077022193,1.8196954622104096,28.01650400989308,5.90358421718824,1.0498030119156523,2.4406297919785973,0.15737220403404026,1.9975474482808142,1.2687464639238406,0.4029178134073981,1.0,0.16192451669913022,0.04002434073706016,1.3895921639863384,2.906327673407225,1.0,0.0
5503,e2f6,nfyc,1,0,1.532430544566552,2.8556463319652243,11.053878103694839,8.164972903849753,1.8371375033037167,20.907938802240572,4.281489527754549,1.3458513465230553,2.115695536209109,0.16619845868298838,2.560686856949955,1.2734082397003745,0.4346373786671426,1.0,0.20842672456586794,0.0439634306811086,1.7378957798399337,2.883877336308571,1.0,0.0
5504,e2f6,nkx6-2,1,0,0.24827804997444247,3.8086770217683186,1.449144065551989,249.63908371390812,1.493376466975806,1572.2377309295227,3.2314382416125937,0.21196298754225873,3.751442266116741,1.030523122217644,6.298043189147985,1.243651733652645,0.538124514364897,1.0,0.09427538302119284,0.060248025506918455,2.268522406207392,8.884161352473049,1.0,0.0
5505,e2f6,nr0b1,1,0,0.2644513995047595,1.82813343069607,2.303387433377848,6.8778688775348495,2.1241118447187737,32.10890579922422,4.589988270541844,0.23721661288011814,1.4442520897424973,0.9221687215701388,4.668438199527383,1.2797001153402534,0.6508502574287411,1.0,0.07485260004312715,0.03739684581139675,0.9129126654800286,3.4728015205169105,1.0,0.0
5506,e2f6,nr2c2,1,0,2.0642176718834992,5.764853249986077,12.662879596207087,13.07400777320148,1.9863567476125539,4.003060859162452,3.800539343071684,1.7748874312156055,4.0007586503725445,0.1568645372105984,0.3061846779200903,1.2719831382438174,0.9369329984839961,1.0,0.08455579998155409,0.02102140697908773,0.1649277212375589,0.2302279270290353,-1.0,0.0
5507,e2f6,nr2f6,1,0,0.9114744272956349,2.503053257729375,28.5894025154036,31.26865889604848,2.289557940301119,18.827911848234912,11.43554946555294,0.8833130396451059,2.317534810145166,0.08008414793095221,0.6021336543670651,1.288994289664872,1.0309971509971507,1.0,0.14757992083536653,0.028759896236513535,0.34871785083219387,2.121757881015442,1.0,0.0
5508,e2f6,nr5a2,1,0,0.8214237016409551,3.5169376536741344,2.7831794501397558,7.313083594490937,1.8089921672772737,7.995370507450794,3.987920184304887,0.6342361336324763,2.3748484392206928,0.6499732409228719,1.093296747417715,1.260222799636928,0.5347375616905649,1.0,0.06680640003756409,0.027277916443895264,0.6931086098857798,1.1257862741711917,1.0,0.0
5509,e2f6,pknox1,1,0,1.3061000988712752,0.019160118451226976,1.3619282116472957,0.014453442047827269,2.0581843602871372,1.3732751107405534,3.3363308750826537,0.6667150288005651,0.008238629218469934,1.5112282297153514,95.01370719834814,1.274385002286237,0.9797833207357016,1.0,0.05823036199585272,0.019968644401926507,0.07760489148183598,0.5084516763401309,1.0,0.0
5510,e2f6,plagl1,1,0,9.999999999998899e-05,8.81074281255544,8.91505921187632,231.0290360043556,1.8264109980440024,127.28518681648154,10.324788800397783,9.999887831502943e-05,8.487071779785442,0.20486807262153947,0.5509488721326,1.2659543182040975,1.0562600271616116,1.0,0.08872601155701647,0.027281494848679665,0.6760602997165607,1.2726916043438994,1.0,0.0
5511,e2f6,pou2f1,1,0,0.697342144435989,2.0128808321400213,0.3407533500326644,2.290658044045345,1.4775675492899019,3.400785031833129,2.5246766676994907,0.2289015539530411,1.0714023510653714,4.336179084221074,1.4846323486273312,1.2318120327518693,0.8378215191402003,1.0,0.040125298394748335,0.01671590920471155,0.12136426414393345,0.5347036392335534,-1.0,0.0
5512,e2f6,pten,1,0,0.27884207590136495,6.575916630888588,1.3803831447260104,11.5726303845789,1.4775465504929155,12.593698970127504,3.317349745716017,0.23198110589779716,4.193209106173655,1.0703887222458015,1.088231331306427,1.231812032751869,0.6500137152183708,1.0,0.16426995090821264,0.027443927149616527,0.8109535626726568,1.2256486122263406,1.0,0.0
5513,e2f6,pura,1,0,0.8899959070891008,3.188301415937332,13.65857884181346,15.428455101222077,2.1201596401021185,16.550619554379313,5.955911995236817,0.8355512121065148,2.6422736527499864,0.15522549341748526,1.0727334296139832,1.2760615759792713,0.6632651210438866,1.0,0.14087685777289582,0.02839039066354177,0.7074827683602282,1.5692892282498903,1.0,0.0
5514,e2f6,rad21,1,0,0.8012358127344673,2.4592704034545574,1.5146718954520546,4.335366245511462,1.6135176028860836,15.808174734073063,4.224302080424492,0.5240318355038869,1.5691549742170126,1.06525882452221,3.6463297075396457,1.2450356815201127,0.39327154340401627,1.0,0.0981265091067709,0.02844336232356955,0.9920666019059037,1.702088534855938,1.0,0.0
5515,e2f6,rara,1,0,0.2285817789736492,10.38645370829649,11.41879354226826,68.20249178144311,1.8082688714644286,22.387608141037287,7.717951130625975,0.22409582155940944,9.013761659022585,0.15835901268998942,0.32825205584539396,1.2663680373582726,1.0644064193856948,1.0,0.09955467075730189,0.027454208910013034,1.045019512594388,0.3721075834165066,1.0,0.0
5516,e2f6,rarg,1,0,2.032574208383399,2.6488000629706647,0.5502435822791033,0.5331681630632898,1.90225357995294,1.876685373713594,4.297073518017455,0.4330196724338489,0.44383091331375407,3.457111797785674,3.519875160833303,1.2738550637244739,0.8053257108469984,1.0,0.10204372961250924,0.017960948934713696,0.9432870794799754,0.31931085214435473,1.0,0.0
5517,e2f6,rbpj,1,0,0.02775131151342969,8.25492001252761,1.9089527228337815,39.12934300163699,1.5566786997966442,20.23745196545469,4.448737099348612,0.027353658967115353,6.8168116601225375,0.8154621542883486,0.5171937582649432,1.246591247961728,0.5791962518015793,1.0,0.12894228888914222,0.027536885660972954,0.5133717498531842,0.843776871269689,-1.0,0.0
5518,e2f6,rela,1,0,0.9994004506628511,4.483059959164443,8.001616653950382,10.024710519336988,2.068395243992118,3.561055840560165,3.6402713111058547,0.8884350731753223,3.0977453357186295,0.2584971679405505,0.35522779771955804,1.2768248710903682,1.0824121304726704,1.0,0.06728007548951334,0.025061576631054867,0.1485662461098202,0.7223688023832588,1.0,0.0
5519,e2f6,relb,1,0,0.8025715001756815,3.2471474361353887,10.318294816426922,14.172427760949818,1.9909084232566225,13.01970887905773,5.620033312994328,0.744651460984794,2.6418533142807443,0.19294936408359434,0.9186646846020096,1.2750588177629643,0.6382390317762321,1.0,0.11525873886369331,0.023745051447434645,1.5182236848324036,1.1538558933835215,1.0,0.0
5520,e2f6,rfx7,1,0,0.5463171019328726,0.6006541388711285,0.21855352375263737,0.16023396885355912,1.3791449861651601,1.731737949410575,3.614894825826347,0.15610421384236986,0.12649060433792744,6.310330588520276,10.80755823375531,1.2221370845320882,0.8765321823981985,1.0,0.0675452372639049,0.013647097953781379,0.08569027920350869,0.1270155539341266,0.0,0.0
5521,e2f6,rxrb,1,0,1.638370828759331,3.687814301839876,7.473740903981297,4.316392377674378,1.675317035987101,3.4190127741413456,2.646246206845485,1.343789391299038,1.9887109591360788,0.22416043819429862,0.792099622783476,1.253412663052895,1.1535611919312099,1.0,0.13893376773093197,0.024640079672984268,0.19673299298963567,0.601136536906287,1.0,0.0
5522,e2f6,sall4,1,0,0.0001000000000001317,4.147850445838294,64.30195461123706,151.89888810354398,2.240693691262958,162.42685535793765,36.9103775363274,9.999984448410565e-05,4.037597175049195,0.034846432037874416,1.069309047523884,1.2818923050789874,0.5301969116458649,1.0,0.1238929315919632,0.044602730387634605,0.978603734426755,2.176941072435817,1.0,0.0
5523,e2f6,smad2,1,0,1.864056912075945,1.542986618908491,1.4150743119003022,1.707065316102107,2.0714452126308815,1.787031147964965,3.330097077383878,0.8044139962780511,0.8104421077011976,1.4638420012367686,1.0468440376056911,1.2739929993601564,0.7451678311619294,1.0,0.11276225097736939,0.02416839961848749,0.2667555729288537,0.5236807705341098,1.0,0.0
5524,e2f6,smad4,1,0,0.06227758784915143,11.811766835453835,16.71478066628275,173.81846253329218,1.90906748084296,56.51904886442876,15.77425896484695,0.062046409183049246,11.060176772512193,0.1142143303557643,0.3251613668692037,1.273928608080942,0.9944789976563909,1.0,0.08517144777039314,0.025668364813286274,0.2749107694885822,0.7045260610099964,0.0,0.0
5525,e2f6,smarca5,1,0,2.769502434716165,5.566748049365154,35.64015817644227,45.564862340511326,2.189583474731928,235.01598987813693,9.075415969422863,2.5698093467311462,4.96069078637611,0.06143585176844745,5.157833861580357,1.2901973995960383,0.16973102831715298,1.0,0.2592536457432336,0.08235554918300693,3.5865179393466255,17.736878117833825,1.0,0.0
5526,e2f6,smarcb1,1,0,1.2854505006954662,7.16974362112471,10.933418796166231,16.750808681107888,1.796895302049549,62.9926918304325,3.728572671843864,1.150218430559269,5.020745431485894,0.16434889539579556,3.7605761625991065,1.2617649748513944,0.3086861557481955,1.0,0.20606881503557084,0.05164762772347788,1.9354443141177105,7.194563106092371,1.0,0.0
5527,e2f6,smarcc1,1,0,1.8052237987847535,5.998265919225343,15.808290276336725,14.83471536519583,2.323277658149576,53.022416325181275,3.869784824959486,1.6202049008067598,4.271235421451826,0.1469657766613299,3.5742119090184064,1.2937706654187886,0.22272391903903918,1.0,0.19681418535913298,0.05923194795346817,1.778112325049388,6.792156890844076,1.0,0.0
5528,e2f6,smc3,1,0,1.5662945347085846,5.480045169942895,18.57006661188774,20.085649987540553,2.4612731388859217,82.90080857579517,5.05872222573936,1.4444612724027652,4.30538925389502,0.13253981207101986,4.127364990787943,1.292720491503955,0.2508958065724851,1.0,0.19851150079486385,0.05434710067853807,3.0066698790345656,6.813098782359537,1.0,0.0
5529,e2f6,sox2,1,0,0.29318260752920206,5.403265670800236,1.1978636692205016,170.22227876285834,1.4721483138418985,878.7910139190935,3.050484615564841,0.2355344696424319,5.237029716893903,1.2289781814652456,5.1626086802854,1.243349279670116,0.37466487632570517,1.0,0.1644628114617766,0.06162675667415333,2.9342138893854517,8.508299188526353,1.0,0.0
5530,e2f6,stat3,1,0,1.2899696395394689,9.87312031817503,1.189651542208084,10.90188780641658,1.9685701450582642,4.63895615598545,3.663003378689091,0.6188906524819211,5.181016024758451,1.6547451713502996,0.4255186109377383,1.2763554262325763,0.5034012052593133,1.0,0.022833870490381252,0.023226043727577562,0.594930988875295,1.0486063172688391,-1.0,0.0
5531,e2f6,stat6,1,0,1.648698907541145,1.4012063736004519,2.972201345413761,2.782675813334344,2.900599601656789,3.0424500757254846,4.113554641833519,1.06045680342103,0.9319342445836107,0.975909524478395,1.0933541238064184,1.3051533516988063,1.0190177027783862,1.0,0.05933006786558512,0.03309197332500504,0.11575539821000637,0.9297215177771616,1.0,0.0
5532,e2f6,tbp,0,1,3.1570498762536805,3.765597823927169,11.662457008915077,6.572739175496758,1.5849749852905475,2.3993465228197115,3.488079278542685,2.4844928203149137,2.3940303298171246,0.13590403669475074,0.36504514461253856,1.2433230637475223,1.129221288813771,1.0,0.12313073928550033,0.030410849198113838,0.18510075373589288,0.2748165839475721,0.0,1.0
5533,e2f6,tbx3,1,0,0.42643482485590445,3.8333998223056565,4.98138959376172,11.569092159385688,1.9569709691437915,23.666304184868913,4.361902461295777,0.3928082412664227,2.8793364009371754,0.3928564374074535,2.0456492055575066,1.261405139783518,0.34695308212494125,1.0,0.08847895465200198,0.025886384326346976,1.5118224800456534,4.261183054699379,1.0,0.0
5534,e2f6,tcf4,1,0,0.14097485129885495,4.394202432347032,2.948263149497779,12.646930616597121,1.600177454168364,16.12150755004834,4.063530570319869,0.13454157918009643,3.2611196167275076,0.5427525878892275,1.2747367751738417,1.2520897116411538,0.5434336264708124,1.0,0.08436628792683364,0.02475244716998164,0.6789541542164381,1.1990975727848776,1.0,0.0
5535,e2f6,tcf7,1,0,0.9584450527171389,8.95600142138096,5.0865470825296395,6.423482135406772,1.604747261060964,7.918655110289325,2.0407991730566684,0.8064817583859943,3.7406142360045616,0.3154885298462414,1.2327667366958233,1.2553456027989418,0.6080429541968004,1.0,0.15358701137518221,0.027909507344493302,1.120862690394073,1.3605321308344154,1.0,0.0
5536,e2f6,tcf7l1,1,0,1.116211899214897,0.9905322171196665,0.9773210795295326,1.155792268370444,1.8943283582854271,3.312518239909616,1.1170692004610223,0.5210796435500459,0.5333999988623899,1.938286606073541,2.8660152265769594,1.265633720789148,1.020059042359152,1.0,0.025363798590695787,0.01972392102340321,0.742504617071992,0.12969548948060972,1.0,0.0
5537,e2f6,tead1,1,0,1.7947234103366534,3.0416281155534834,0.9227253780447583,2.0375438887045507,1.5531935093103235,2.085522965708505,3.7573625636807697,0.6094086646155522,1.220169502698947,1.6832673580535067,1.0235475060291628,1.233746518474878,1.027772839506173,1.0,0.06334993616445549,0.018780540817101586,0.23856921189036667,0.1381649311077776,1.0,0.0
5538,e2f6,tfap4,1,0,1.6467864207642748,2.2994604924397297,1.100680086537496,0.8178260916215362,1.9799689952436168,4.431004510092744,3.309412384876024,0.6597296146462207,0.6032678538397601,1.7988596500116356,5.418027812376609,1.2700020221340051,0.6364329973000796,1.0,0.14977154348033658,0.030230584645992,0.5349411355026465,1.0696498281536697,1.0,0.0
5539,e2f6,tfdp2,1,0,0.459452564336264,3.2726910850306425,6.972350745971898,10.012088985720515,2.230767994393,10.808906806817694,4.326775088888372,0.4310480641011232,2.4664672046955696,0.3199448902770376,1.0795855712263065,1.2931748209114464,0.6300956540370466,1.0,0.0942979226334186,0.03007580762095729,1.2468984768385478,0.9713779024615897,1.0,0.0
5540,e2f6,tfeb,1,0,0.7263230014521034,1.746477283500909,1.610902526922215,3.690616685973227,1.9564758745201427,6.837870937114257,3.9537305842397834,0.5006087534970369,1.185482215380039,1.2145215752179488,1.8527719129170657,1.2710407177595684,0.8964061738100689,1.0,0.06756092932972312,0.027134477715221653,0.4674417497127489,0.8858392537691333,1.0,0.0
5541,e2f6,tgif1,1,0,1.7894865483397582,15.042347460025614,32.16985700389416,77.7996555897009,1.8989355509395256,162.56964701192115,6.515369368131051,1.6951896105393132,12.605172370352605,0.059028411307817115,2.0895934021775036,1.2761091231389983,0.3311747937199623,1.0,0.2218740798460179,0.04847386586466708,2.494834360820742,4.235861837127942,1.0,0.0
5542,e2f6,tgif2,1,0,1.3068188575382493,1.2085924421770495,0.957692486184099,0.8621807023025232,2.03717377394804,2.7847695856827315,3.863860967812796,0.5526713761613729,0.5032058114968514,2.12716900606071,3.229914075141997,1.2770662318761026,0.7114958478941595,1.0,0.07242836116616862,0.021933616457303188,0.2474574308978078,0.5878685623038532,1.0,0.0
5543,e2f6,thap11,1,0,1.4833700703988213,3.4446444433314465,28.593417806329484,34.64970344588153,2.2259003152532704,35.487087534573305,10.067960130274546,1.410211102267868,3.133165812026823,0.07784659848395394,1.0241671358024655,1.2851949183698477,0.49113442910912486,1.0,0.1768476335220073,0.035672476277847545,1.4129573003382447,2.30983117984062,1.0,0.0
5544,e2f6,thra,1,0,1.33278367843446,1.936853069934348,1.649889880297453,2.0441165741851344,2.277034337014178,2.0092725836342904,1.6034559587451573,0.7372400165070411,0.9945198823262698,1.3801129179625364,0.9829540100643555,1.289339599603888,1.2348087143494666,1.0,0.018172695296584992,0.020313728955690866,0.2226897369222629,0.5208600506982378,1.0,0.0
5545,e2f6,trp53,0,1,0.4985477966943531,3.0932636148940884,56.277159683227936,83.95119620237088,2.158797980196081,677.4820150815619,23.220033940872952,0.49417004577549944,2.983339562159261,0.03836010900954298,8.069950706222683,1.2860554349786386,0.2777490106077195,1.0,0.2332804916071163,0.09811678788555356,3.803798084816794,28.239066250591968,0.0,1.0
5546,e2f6,ubp1,1,0,1.8630886678099794,3.3586651900936295,1.1075552181130635,1.051037473058542,1.9128526582728267,3.6931797083093167,3.505360957928551,0.6946216561394039,0.8005263039032885,1.727094619744327,3.513842087439645,1.266145613485655,0.618224819231425,1.0,0.12695925953035692,0.027555040800110182,0.6389056344589374,0.7273082254148737,1.0,0.0
5547,e2f6,vezf1,1,0,1.0440890295850302,0.670546049808678,0.7843983593592541,0.22470494768504026,1.7568329075532503,1.3848239521460584,3.1122198431371295,0.44790121429513924,0.16830477202984256,2.2397202729851986,6.162854740907216,1.2571288552113882,1.1337659485946743,1.0,0.05214329203995865,0.014844224105803851,0.35365965895737317,0.035348235735359196,-1.0,0.0
5548,e2f6,ybx1,1,0,0.00010000004616705915,8.577679161842653,3.64522479586005,237.17802254269645,1.651970828603412,9999.9985045875,5.425337748726946,9.999730292474377e-05,8.278290055941184,0.4531876416729048,42.16241621960278,1.264922714917441,0.2795500919980411,1.0,0.24203589313876248,0.18093611308771823,6.959787084345203,67.80876395440424,1.0,0.0
5549,e2f6,zbtb7a,1,0,1.7114665612148885,2.600376229888381,2.0167933015510298,1.9532053638495022,2.1820880387277297,3.138537526763864,3.2371415261075884,0.9258137639381279,1.1154008544020606,1.0819591859262816,1.6068650971643008,1.2859786095598151,0.7278118259161105,1.0,0.16361779194403292,0.026326643792325414,1.191598808597036,0.6949866150004218,1.0,0.0
5550,e2f6,zfhx3,1,0,1.2430957767088464,1.329843241954473,1.255425084012737,1.0863470762343574,2.0199933258460088,1.9617703146700416,0.7708645220918205,0.6246150049993459,0.5979128824711881,1.609011442872775,1.8058412063575429,1.2798453433325805,1.1589553658494403,1.0,0.011950085428707213,0.020108955302137764,0.23386710789591023,0.5313848127364031,1.0,0.0
5551,e2f6,zfp110,1,0,1.0147937550449748,0.655565927732556,0.734848531446396,0.05367893304042545,1.7134452792289538,1.742385338093022,1.6226418698716227,0.42621266436763805,0.04961626299271004,2.3316985826404175,32.45938843048234,1.2628689932072426,0.6615900486749595,1.0,0.01199244331002741,0.014833791921301305,0.3738621956508401,0.20529703751146666,1.0,0.0
5552,e2f6,zfp219,1,0,1.0044715488164073,4.117946830660131,14.86682874626484,26.079587965808212,2.040690349923455,18.467258287873577,7.5236367908952,0.9409000030940745,3.5563948293316305,0.1372646705462428,0.7081115818273348,1.2705093267454592,0.5468871973412474,1.0,0.11000367245235926,0.024115186305531566,0.6303955707050763,0.7481108926021506,1.0,0.0
5553,e2f6,zfp263,1,0,3.227748032532267,3.60383153003222,1.8115382495447894,2.019819518382635,1.9632875924972744,1.4682395859780808,4.3408561798013405,1.160320865599858,1.2943707215570566,1.0837682245962055,0.7269162282151672,1.2720621661768439,0.8064877203799121,1.0,0.06891489208566447,0.018492772042965427,0.3745397429955766,0.44504196960522147,-1.0,0.0
5554,e2f6,zfp42,0,1,0.20299777084710013,6.7723922552362215,1.5596059688041468,124.80956888358487,1.510031459153019,1395.1251224673383,3.47928283150587,0.1796186675115737,6.423823982945502,0.9682134393925539,11.178030137806422,1.2461569758899782,0.2575967359926172,1.0,0.20003789221897725,0.10429493590491344,5.0925091778561535,21.12872942059294,0.0,1.0
5555,pou5f1,pura,1,0,16.37726899588746,5.030906850127636,64.9881199394813,105.10451644342872,1773.1853072897484,8.85630450000044,5.20599647930452,13.080843534482627,4.801098646937645,27.284760798450346,0.08426188331085889,0.2715223458138732,0.6313272845103619,1.0,0.5757194285218052,0.266079209136099,237.26835823960204,16.894238366848846,1.0,0.0
5556,pou5f1,rad21,0,1,12.343933914298553,1.3538722956705804,100.55307967065238,69.44666646090195,2621.559103393829,10.908506323562515,9.227509765741242,10.994272841413618,1.3279830831705672,26.071395445871783,0.15707746504584114,0.26954257628536543,0.36122036298389537,1.0,0.4971581226124104,0.3314936227438721,204.19789549567878,26.29546296188962,0.0,1.0
5557,pou5f1,rbpj,1,0,62.05929862000609,6.392832065117571,76.23861262382883,160.0403962189986,2088.7746180098543,15.642277133068253,2.317496981782791,34.211036049961116,6.147278324232189,27.39785715036734,0.09773955515370898,0.2656010282752569,0.565900877444361,1.0,0.4520754306634631,0.2456626529662811,155.9279785300332,13.53100718465464,1.0,0.0
5558,pou5f1,rela,0,1,6.7936397434938085,0.50434368731888,76.31505211511073,0.15940123329287947,2038.6864400553625,1.1837916631909107,1.4219452142304192,6.23830022445889,0.12112033292550299,26.714080427807154,7.426489988417117,0.2721438310697768,1.0341682891644053,1.0,0.26624480981260584,0.15965026663713103,71.96782786702757,4.652623865995345,0.0,1.0
5559,pou5f1,rfx7,1,0,6.198600774553676,0.08663478820082188,200.016818936615,0.026095564861590478,5144.802258307924,1.5030703716157354,1.3384973720844187,6.012277891346818,0.020054791574306823,25.72184822086538,57.598690796230805,0.2757415345232678,0.8575491894025413,1.0,0.3391504398537553,0.18813943437542044,96.37213660319406,4.82586785673139,1.0,0.0
5560,pou5f1,sin3a,1,0,9.995883106231783,9.999999999998899e-05,84.47947798765766,2.6289253665040615,2151.2399658676027,4.32269238462269,4.548786629437785,8.938277420299004,9.999619630903666e-05,25.464645581520948,1.644281134679375,0.2604756567996094,0.5967567323140435,1.0,0.4964826477805979,0.2541341313393378,160.77746009800973,14.839678884045036,1.0,0.0
5561,pou5f1,smad2,1,0,6.348851729456093,0.03174555436960923,77.05831374582006,0.005524429566476654,2074.8322372184352,1.745590128984361,1.2706500670128074,5.865584877586323,0.004705558217154398,26.925481967621984,315.97653802610716,0.2697129094798172,0.7314015004052863,1.0,0.35859131280492046,0.20354076977731347,77.83004826179227,6.357473921638405,1.0,0.0
5562,pou5f1,smarca5,1,0,50.43619437377894,6.02085066499316,121.32328950599606,176.33597938821393,3018.006412724931,174.1354952744906,3.521758054524363,35.625893099875604,5.822061057170018,24.875738409448374,0.9875210713017403,0.2581103313210111,0.1528650061071628,1.0,0.7133283180170455,0.5150493545288227,427.18271785530123,177.51825851595578,1.0,0.0
5563,pou5f1,sox2,1,0,4.502338443457329,147.31148701313342,332.7047343790473,161.3382460931605,2336.3199629522264,756.4769615216891,2.1113215998685604,4.442223893398339,77.00306980628226,7.022202335992248,4.688764008782402,0.24481935802987712,0.3462007468829002,1.0,0.7256901591333524,0.4780910227352608,397.1682394738888,120.19188425246458,1.0,0.0
5564,pou5f1,sp1,0,1,7.338603704774828,0.11048294528336705,142.90059628376872,102.52554635859713,3864.047631988742,2.355287940940944,20.204738892451225,6.980141303884505,0.1103640154954429,27.04010852631857,0.022972693388075224,0.28175701198138137,0.9419823800131492,1.0,0.2851187421894787,0.17682739836055372,81.07249094872488,4.756553138675396,0.0,1.0
5565,pou5f1,sp2,0,1,6.769408594185664,0.27946020415123946,99.42322307480748,71.06267473630504,2598.1223319781316,5.567082782161707,15.4576723207505,6.337882489268396,0.2783655073669417,26.13194635646912,0.07834046217398503,0.2711781578345262,0.5624868004552209,1.0,0.3551970354334583,0.24234987655870874,150.75024939055902,12.241731425496512,0.0,1.0
5566,pou5f1,sp5,0,1,60.478126386314514,12.710243331402697,97.69844673664974,360.2843571211198,2611.962083799069,121.09342149819528,1.6264683053077533,37.354577184400384,12.277126376499135,26.73493971546674,0.3361051322510966,0.2739470968822678,0.8787871581450655,1.0,0.3641897225938823,0.4129586016932425,254.6560291656032,91.86552881872046,0.0,1.0
5567,pou5f1,spic,1,0,0.00010000000000112924,18.515709790545465,77.97332767074488,110.92062972097064,2087.894752183485,3.9493896456569746,3.0314859095329183,9.99998717523104e-05,15.867060189192989,26.777037925070502,0.0356055465569567,0.2748984408835569,1.8718759715498479,1.0,0.2937028406026394,0.1884375587294252,127.61022195850569,8.176262773196951,1.0,0.0
5568,pou5f1,srebf1,1,0,7.394004198958456,1.0703682094180502,111.42049551174779,0.753194598901372,2871.0490923201423,2.9489479230079723,1.7575837262600373,6.933864247796511,0.4420991426735611,25.767692731338006,3.915253677216193,0.26903783233875994,0.5128167866633151,1.0,0.3993947076297072,0.2168954828537814,129.16748047249047,10.460829898953355,1.0,0.0
5569,pou5f1,srebf2,1,0,7.772362466227272,0.924539756841686,96.58383118604509,0.9002432109733911,2579.048621374742,2.3859009770380295,1.9960085257117157,7.193483377289716,0.45611486628916387,26.70269536530226,2.650284887411998,0.27521452296676674,0.6546781892721879,1.0,0.4205151240745231,0.19601130047341994,146.2363301267657,5.95857551698198,1.0,0.0
5570,pou5f1,stat3,1,0,11.270178408810075,5.147025759119899,178.3611417564468,4.703559739875958,4579.652286954291,2.797543086769218,1.9178481306445292,10.600368583852267,2.4576552473118154,25.67628936356459,0.5947714585300441,0.27268963558133336,0.49328837545366205,1.0,0.266410585841953,0.21074220044355602,75.68712004789907,9.990297601714884,1.0,0.0
5571,pou5f1,tbp,0,1,9.009032394806217,0.3124528799092428,75.6701997705336,0.06231190783127116,2031.1257594404035,1.0421798544489655,1.3333881813944686,8.05056049307482,0.051951345727818544,26.841818385569205,16.72521177286035,0.27145650929702686,1.0743885992737268,1.0,0.41794375950003426,0.17061746261426847,117.3505418922554,4.346621456969951,0.0,1.0
5572,pou5f1,tbx3,1,0,9.14813876955704,0.9111566488597036,101.99264288788605,77.70063752359675,2714.2074696001564,16.912942664169275,12.069848304760907,8.39514385896683,0.9005958106610491,26.61179662324968,0.217668003805413,0.2780965234785524,0.33377298190175236,1.0,0.4406699722658133,0.3424471229622196,197.64259740563693,38.91660848313089,1.0,0.0
5573,pou5f1,tcf4,1,0,9.754118172718043,2.4055848310580283,80.23319316280823,83.9678932278676,2088.4171685588867,9.384138901835362,9.273924641177164,8.696826651110078,2.338586968873197,26.029341301686642,0.11175865608976498,0.2661164474226823,0.5199789399553338,1.0,0.47240066015640114,0.26955674614712843,161.38067806970605,17.101373317061693,1.0,0.0
5574,pou5f1,tead2,1,0,14.646901399796953,4.560549326138428,87.10242502711844,112.31458241654309,2257.807511890527,12.002630783175036,7.1918125353336535,12.538467583584245,4.382593504005684,25.921293364537004,0.10686618357944533,0.26400316739000906,0.5056770814658109,1.0,0.544858378960807,0.2871987020955761,195.96417481223222,19.60473254124273,1.0,0.0
5575,pou5f1,tfap2a,1,0,9.529299431207624,9.999999999998899e-05,101.77331549356376,2.284498016719873,2728.2306262027555,1.8640402624691212,4.864497655327369,8.713437668112569,9.999562286233641e-05,26.806934735021887,0.8159517972116896,0.2767135556002994,1.144130886426593,1.0,0.3641502146729226,0.17602983044657358,150.48426149006002,6.7536670017050096,1.0,0.0
5576,pou5f1,tfap2c,1,0,0.5638183654719677,0.21631720465719798,186.54976326484987,105.78647861529319,4868.333225051043,3.3315591711144052,75.36391145750645,0.5621194447069773,0.21587577164905183,26.09670009679581,0.031493241997685446,0.280394134482636,1.021180033005799,1.0,0.2927853891939275,0.21094484519384102,89.99383236508862,13.247810401104859,1.0,0.0
5577,pou5f1,tfdp2,1,0,8.363452363363818,2.301191350832147,75.33987855855887,85.29917811188007,2006.1488927825626,6.474239401497551,9.85004983189743,7.527794634288474,2.240740902213905,26.627981504154643,0.07590037260389322,0.2674953865919853,0.60564779141947,1.0,0.49728507140672107,0.24526894116128167,174.51481757230508,12.537593114225112,1.0,0.0
5578,pou5f1,tfe3,1,0,21.070807624382294,5.70121647493172,91.19931809590726,132.44068120611811,2578.593660027286,6.363236799580222,5.557596840934155,17.116247752864393,5.465923129178793,28.274264696974807,0.04804593831465639,0.28133180155531073,0.8873714859955165,1.0,0.39731709353352873,0.2072989475658389,116.02721730943477,9.265365127573403,1.0,0.0
5579,pou5f1,tfeb,1,0,0.0011003685892605475,1.7769198756015354,87.24001290271009,89.87348676485306,2282.485328964241,4.177307658528984,30.04441709061331,0.0011003547103565902,1.7424689183167037,26.163285091551565,0.046479866408861856,0.2699074534499292,0.842834946182512,1.0,0.43869782094021104,0.22043792923992242,157.46889204456,13.436737491671746,1.0,0.0
5580,pou5f1,tgif1,1,0,21.10713464056869,6.719373727433167,142.15592358513715,178.47526438862846,3439.9371485991737,36.45329929746558,7.98724304146581,18.378341381537673,6.475576262516157,24.1983384289927,0.2042484678329923,0.2555971562320994,0.30584090549192017,1.0,0.6458308186615576,0.38225452594217463,287.5042452045286,50.59197608393515,1.0,0.0
5581,pou5f1,trim28,1,0,11.88137606021865,3.0249166601527158,99.25979537164946,104.92134118658699,2362.519813379605,89.5642809124375,9.378045871563767,10.611215819277918,2.94015113901848,23.80137702816972,0.8536326346911708,0.2498033868254849,0.21163537021785275,1.0,0.7781588466975721,0.5421869830574847,474.5679089534301,160.63693789491543,1.0,0.0
5582,pou5f1,usf1,1,0,17.568838776976012,0.00010000000398679987,121.13480680485836,12.042548223728028,3011.8001122529663,6.790751352282656,7.603435853230337,15.343489221983488,9.999917360459393e-05,24.86320977177777,0.5638965463225218,0.2594765855439449,0.4067271800941597,1.0,0.5506240075327786,0.29764536291779387,219.84895061302674,22.922380091178677,1.0,0.0
5583,pou5f1,usf2,1,0,29.942655559740064,3.3442790977496633,108.97888465802522,69.08766746602605,2700.1971173141164,3.8938006723750274,4.8641717554988695,23.488921887022116,3.1898692935923543,24.7772504351399,0.05636028563693816,0.2542624878663459,0.6495996739162079,1.0,0.5049361210756408,0.23174436266122686,215.94183469159998,11.092952427973376,1.0,0.0
5584,pou5f1,xbp1,1,0,9.055640794031731,1.871621903153115,86.07663695883119,79.63941290115632,2346.497117163582,7.185271701852841,10.549879880631895,8.193634415885658,1.8286465126827034,27.26055756901686,0.09022255991227322,0.27635545652830196,0.6668236916255025,1.0,0.354468687426582,0.2398779291724571,112.65392681513569,13.453826192005572,1.0,0.0
5585,pou5f1,zbtb7a,0,1,7.433888418981136,0.368023511915205,102.48509698326582,1.190108763765009,2685.253582243329,2.8927790135795943,2.9684099070567385,6.931129984452024,0.2810980900903647,26.20140548514862,2.430684574095602,0.2695850594432119,0.7155617462458785,1.0,0.39620749163831603,0.2252603850358076,119.01953667011938,8.293563099430362,0.0,1.0
5586,pou5f1,zfp148,0,1,7.055609227390393,0.9496370161850549,87.6932533567608,0.6549268186788071,2236.0774991294847,1.8042807667550838,1.7669419487657194,6.530203220268957,0.3876086051524906,25.498854399123417,2.754934926004228,0.2620930974999806,0.7901709398461092,1.0,0.3018722090153172,0.18349979480388312,133.84921829650852,8.30981495158424,0.0,1.0
5587,pou5f1,zfp263,1,0,6.715271319244576,0.5924112726672066,78.27707266216804,0.11497719159834273,2176.2557342529612,1.3970901159147482,1.2915276049154443,6.18469566056018,0.09628907996569475,27.801956054812507,12.151019663058857,0.27797205590712526,0.7954359506079745,1.0,0.22007920841735198,0.16536414587936699,27.63549795496835,4.409979548395423,1.0,0.0
5588,pou5f1,zfp281,0,1,6.747107195008368,0.7780936465014845,65.93345026773936,2.1505424087527336,1879.2118192366597,3.4447960205125727,2.910234532418457,6.120757355517021,0.5713661080489734,28.50164539555639,1.6018265933711473,0.2814957017282956,0.5564716332247706,1.0,0.25817618277065274,0.2224563537948147,120.90501544359343,10.27689986347091,0.0,1.0
5589,pou5f1,zfp42,1,0,43.595895939423855,4.705071752165578,46.171695668893086,104.03630564285437,1203.3812813492625,255.01279947814533,2.1522061804065045,22.423420342061576,4.501490551307621,26.063181434335053,2.4511904560853717,0.23106494364559507,0.20885685248888003,1.0,0.8124516739898435,0.5824181377313,477.5276104678053,261.9835538281691,1.0,0.0
5590,pou5f1,zfp57,1,0,7.286100173126208,1.148211214462135,93.84375221469534,87.86812399597814,2382.988158898913,18.981826563719764,13.334373550325093,6.7611586797949785,1.133400573360141,25.393146615100413,0.21602630966138064,0.260486946915491,0.30891033885228947,1.0,0.6202147642516305,0.3688462787525719,255.8507503737939,43.67146050429043,1.0,0.0
5591,pou5f1,zic3,0,1,10.258798389713366,0.00010000000245291574,75.65988829200367,4.41585342772798,2091.4967281914455,2.466455841642634,6.247457683489358,9.033885062177825,9.999773793616883e-05,27.643402275714056,0.558545676845905,0.2732115641622853,0.9284780023781211,1.0,0.32915177039998034,0.1969963539706101,116.31839350359327,10.91061166366142,0.0,1.0
5592,pten,pura,0,1,2.997497793082698,22.728766386632643,54.901217878836185,20.76717664838378,9.005463946653077,23.123960466228787,2.018179721028619,2.84231312421286,10.851869705895421,0.16403031288900757,1.1134860004202076,0.6289227461921011,0.6852620893853377,1.0,0.3957253382589668,0.0795901595245086,5.065818483026392,6.299489314273224,0.0,1.0
5593,pten,rara,1,0,12.045236262044446,1.880788691357568,5.389278487912382,22.931911144800672,9.182403065867167,2.5654788761558502,1.566131842539794,3.723369052701569,1.7382259664265354,1.703827903208637,0.11187374920286652,0.6314441890528474,1.024312685736433,1.0,0.27558960286452505,0.04202853152779756,1.9576943985838955,2.1697554233363063,1.0,0.0
5594,pten,rest,0,1,1.7291006247815934,13.785406730447804,26.729106211552313,11.843381855873652,7.917897440105153,73.70267726159211,1.9793909904513163,1.6240416873785912,6.370407848085413,0.29622754226937226,6.2231107768462035,0.6291726858796862,0.2801714547506339,1.0,0.35165020941629765,0.09796835596845437,5.16615539836682,24.38941580555645,0.0,1.0
5595,pten,sall4,0,1,0.8509502421601779,8.079009540367455,142.37546522183482,197.05009649177347,8.747820661315203,216.62335279375665,24.62310135324361,0.8458944965961587,7.760817761463482,0.0614419109899676,1.099331371313489,0.6338396044021417,0.5492911722462348,1.0,0.2148898474250857,0.04581311556187473,2.2941344402216632,5.296186298818246,0.0,1.0
5596,pten,setdb1,0,1,3.0162424317516465,25.042388396755854,40.71539939419003,8.709836217076818,10.325957454041154,16.963231376756806,1.4432328070293394,2.808207287694871,6.4622437162491,0.2536130704274668,1.9475947599907888,0.6412514037317157,0.45524466869450697,1.0,0.32937366914379373,0.0627785868440254,2.3511250086804814,3.776154815231844,0.0,1.0
5597,pten,sin3a,0,1,10.867493444339603,1.981320454106338,4.692127049345814,10.057570651299427,8.77010677058792,4.671574263655614,1.7138113212169426,3.277178898384326,1.6552413569960203,1.8691111042721376,0.46448336537929785,0.6344081732061274,0.6038052295778713,1.0,0.33006198131951753,0.056951879249271864,2.7754330290548017,3.238104353401637,0.0,1.0
5598,pten,smad1,0,1,13.541364117615375,1.2884430495343353,8.37143902661586,12.409772763019049,11.453403868995856,2.180712933033943,1.7862232310536172,5.173263470751542,1.1672531431545574,1.368152337081033,0.17572545240573925,0.6445209806131494,0.9609355376161495,1.0,0.26662060832500034,0.03796557203269158,2.246154130657867,0.663093528911393,0.0,1.0
5599,pten,smarcc1,1,0,18.948960303527986,1.1582093629863168,3.751971909978534,23.043507858569903,9.777610201026281,42.43972984031511,1.2522828406154538,3.1318523007541907,1.1027815222166397,2.60599237830707,1.8417217595858233,0.6386286280827347,0.218536642903149,1.0,0.34044201048702183,0.08895829526210497,4.953143830335984,15.359210662575784,1.0,0.0
5600,pten,smc3,0,1,1.9576987830555201,13.407979084051584,42.135781070085734,27.86531970947783,7.271265285598909,103.7272782764999,3.2212852663216505,1.870779253502807,9.05228403729296,0.1725674735566048,3.7224506791220895,0.6227417125331379,0.24349420218346218,1.0,0.4212130585980906,0.11210227242784107,6.415858052631362,22.45093684364394,0.0,1.0
5601,pten,sp1,0,1,16.386176490572975,1.1669855173747916,7.691615862278406,25.29826731299649,11.636693630904315,3.1221997585260737,1.5371785184071567,5.234540325374096,1.1155272824396747,1.5129062396334105,0.12341555727502747,0.6467403745366483,0.9579863176680551,1.0,0.2387786752552079,0.03734057617320067,1.1947250597853114,1.0953042282110748,0.0,1.0
5602,pten,sp2,0,1,8.236578884288885,0.3747358508057761,5.049698178276367,12.062600115228133,8.25843429607741,6.25463058428255,1.6548983902157417,3.130465907896154,0.36344509221706933,1.6354312682696401,0.5185142941434778,0.6272694280078895,0.5704195667091461,1.0,0.16626250596336448,0.030851360465352123,1.5693591955443371,1.5280440853761992,0.0,1.0
5603,pten,sp3,0,1,2.364733468395312,19.36429573726397,38.46352380432535,15.371728506197217,9.385009384345025,9.462445963820366,1.9041018543584627,2.227770375917564,8.569279394229083,0.24399764909968158,0.615574621943493,0.6346870968678576,0.5551155107644783,1.0,0.20892579850295176,0.03685934525480203,1.3005003981211016,2.416250257756266,0.0,1.0
5604,pten,sp5,0,1,2.0049519612051045,24.407859870165247,45.61956071464373,20.609163618878924,12.964832219439453,172.01996864616476,1.9050592061099607,1.9205451685498023,11.17411900352155,0.28419458706619644,8.34677097175291,0.6463871033568003,0.9333756293161058,1.0,0.2391671737544984,0.09867864653907991,5.644335540820071,23.084601308726416,0.0,1.0
5605,pten,taf1,0,1,2.699228717732358,25.46800680198493,42.38895698631101,11.396730508550522,10.995883328750327,19.113509129203244,1.5314006925915074,2.537637925003306,7.873432208865997,0.2594044324398289,1.6771045972231355,0.6380569262758444,0.48246439442091726,1.0,0.30807236529474996,0.05870176029537444,3.0240394595148636,5.149421148221187,0.0,1.0
5606,pten,tbp,0,1,30.474602688402648,1.996804069197237,1.0685322627042795,32.73295069833932,10.288236412443013,3.085628373138363,1.0982048620756086,1.0323354421216169,1.881996852231522,9.628381632956199,0.09426673450783371,0.6413692677455535,1.1350169786637154,1.0,0.25159298119627294,0.035200659346488195,1.0435743676045748,0.47245363220625863,0.0,1.0
5607,pten,tead2,0,1,2.7747150788515587,25.592804724410726,60.986735422745845,27.335677443880797,11.908427854543127,32.375260378330466,2.1583893951587108,2.6539674530017776,13.217772854439335,0.19526258902032842,1.1843591747376943,0.6393008866699322,0.5319039688336986,1.0,0.3117521149134193,0.057846806735156756,2.9992790904600373,3.8315364403464662,0.0,1.0
5608,pten,tfap2a,0,1,2.7153131688008747,2.296427290706018,8.474660385826995,13.481816064911428,9.44029384736146,2.214452676950318,4.569533044537506,2.05642639228886,1.9621962750827322,1.113943617510548,0.1642547759358462,0.6399352828835916,1.1679069424745345,1.0,0.22125981162078945,0.035766461198296705,1.307128295157578,0.8663642283642425,0.0,1.0
5609,pten,tfap2c,0,1,2.883093241731137,2.268458059231482,16.42305618481078,18.213310785391837,14.88415261025294,4.222885611260212,6.88417616889469,2.452545106167233,2.017215014476433,0.9062961511401801,0.23185711049565016,0.6503499772372529,1.0538826394210103,1.0,0.20225609235570244,0.04060426884626313,2.085958102305481,1.505083747063695,0.0,1.0
5610,pten,thap1,0,1,5.9403613240108015,21.96413740415709,132.90370136165097,81.60572255634446,10.866058140915115,30.054507572591948,4.926170899437405,5.6862064687204175,17.306186412501077,0.08175888278195455,0.368289215892193,0.6385325050883326,1.020385711118956,1.0,0.26856129461764433,0.041941458902415414,1.5215208016070587,1.4712616232227635,0.0,1.0
5611,pten,vezf1,0,1,4.806667545438714,0.4662972187188833,12.51238943835628,0.4487302384066315,12.94115136787493,1.3355609623838505,2.4840527968967194,3.472642666717447,0.228672550200176,1.034266990460215,2.9763114853284938,0.6497712954064356,1.1242286746142658,1.0,0.10840786594913182,0.015178783319174084,0.2849589959135695,0.7489840914711284,0.0,1.0
5612,pten,yy1,0,1,2.341120684938384,13.314367006525437,47.90984559414615,28.852878370386637,6.954964373066493,45.03891665044253,3.3218066931690684,2.2320512188706716,9.110336906861505,0.14516774760627246,1.5609852186071165,0.620637989246727,0.4505903356674352,1.0,0.40188525837316724,0.08122733915334515,4.335985481529131,8.66722811646979,0.0,1.0
5613,pten,zbtb7a,0,1,8.889450401272734,1.0089935106581842,8.876344484723544,6.544857203645619,11.05755612597759,3.3720811769992958,2.3066300985590864,4.441446304423875,0.874218818510438,1.245733099364043,0.5152260885265728,0.6437331230845839,0.7434756702774238,1.0,0.22915380495942633,0.040461878295435336,2.0607860166313943,3.318414264978833,0.0,1.0
5614,pten,zfp148,0,1,7.014557882514759,0.9777562553644945,7.612298432833067,16.07412685141594,9.655829260289254,2.6677526369670224,2.2120538241348298,3.650607268224482,0.9216916384000342,1.2684512234362897,0.16596563294708758,0.633048079629956,0.8196339047879244,1.0,0.21710298419003307,0.03536604736186405,1.4919075861156994,3.0024488373342035,0.0,1.0
5615,pten,zfp281,0,1,5.6160518345243435,0.7950993210087014,9.67003199070622,1.8299697532126928,10.959257903981957,3.333613597602595,3.6675553265690866,3.552734730636323,0.5542740655986106,1.1333217836833218,1.8216768838665813,0.6403423662354306,0.5502869227960678,1.0,0.1418454761896802,0.026555932578367487,1.009377762638153,0.8463894074226372,0.0,1.0
5616,pten,zic3,0,1,6.932837682965862,1.983660100056184,6.576231542688331,15.45473864588832,8.859124898529737,3.7545997021866846,2.198666370626131,3.374913925563257,1.7580139584647712,1.3471430926697832,0.24294164969173276,0.6332780134669871,0.9687793512281182,1.0,0.20993949079128518,0.030992017784262204,0.3444530354666607,1.637950882038896,0.0,1.0
5617,pura,rara,1,0,4.0799943091965005,31.824277617730765,359.9591267180461,591.4071201023294,46.29163968726719,222.73999661384929,19.732088358651637,4.034267483145214,30.199223665706803,0.1286024891474058,0.3766271812475123,0.67083181494746,1.0644492774595475,1.0,0.2299868621668784,0.03564414216822877,1.0378040855455106,1.601788784622848,1.0,0.0
5618,pura,rarg,1,0,6.332445032311252,0.7926628905672919,43.04015821186607,0.8679672254689101,38.539050159969854,1.9474584146483933,2.1915884440589934,5.52025654208874,0.41430382552622574,0.8954207363797452,2.2437004042362307,0.6729151463875443,0.8041559950397643,1.0,0.2085035631558772,0.04139465862132023,2.1112419084478184,0.9021646419098669,1.0,0.0
5619,pura,rbpj,1,0,37.55594093426355,3.9226199807505595,38.72585498291686,80.09966094346478,36.15508497864204,11.53861013346847,2.130620253619063,19.065963312483053,3.7394906090632816,0.933616184706345,0.14405317073205276,0.67216867360326,0.5629773453528235,1.0,0.29907616361326517,0.050789562043749494,3.826121151975059,2.7971034547687843,1.0,0.0
5620,pura,rela,0,1,5.552321879876779,0.7701953554541663,32.44608335941789,0.31552237029022134,29.213295938931246,1.212510049107583,1.6217062632059154,4.741017351078332,0.22382784988870236,0.9003643248808862,3.8428655565445373,0.6657183896253132,1.0390206502769177,1.0,0.12351411284901899,0.025181270576552624,1.1993944887153265,0.33422398851143903,0.0,1.0
5621,pura,rfx7,0,1,5.899503542274698,0.31349040102050135,37.57722505825074,0.16426067693620872,34.24605519192895,1.6185643538135606,1.7173963732691249,5.098980063033643,0.10778446739433013,0.9113513608001139,9.853632555295851,0.674681310294935,0.8673049594877379,1.0,0.24468750942276382,0.04016407397635519,1.6072251278711693,0.32172459831137995,0.0,1.0
5622,pura,setdb1,0,1,20.55852959207315,1.9428779392945534,14.097588739223779,36.20302303881474,17.83591612712155,12.684974398063801,1.7761960866848114,8.3629012488244,1.8439217057227293,1.265174949918677,0.3503843970284946,0.6763179495605487,0.4437747189686873,1.0,0.35202685345265405,0.07364198126272688,3.701595224129824,4.630551081569464,0.0,1.0
5623,pura,smad2,1,0,5.959898531877611,0.264722312121127,30.28927422428231,0.10073163376483471,29.48008852897861,1.8618714184041012,1.620025087928056,4.980003328496982,0.07296654282749655,0.9732847446488172,18.483482783082568,0.6773100334673525,0.7447065197291032,1.0,0.2534906408191762,0.04224188153970836,1.7790771213614676,0.7540001543660132,1.0,0.0
5624,pura,smad4,1,0,77.15542592298392,7.642896280921906,81.08458375163465,202.60853115240732,70.02092909918811,9.22601691248539,2.128291216364147,39.53561180898173,7.365067662709774,0.8635541536929515,0.045536171947001304,0.6784960520791998,0.9618114748476407,1.0,0.25568356867463127,0.03910753121521734,1.259393819362836,2.0403155380855864,1.0,0.0
5625,pura,smarca5,1,0,43.098393085672,5.684780182122709,195.96240440983468,200.90138814257085,166.77865365220742,239.89949312747044,5.703817077134231,35.32852238321183,5.52834799703923,0.8510747464774288,1.194115657166213,0.6958059835307082,0.17102126607011947,1.0,0.45565015098153605,0.1445879859671848,13.22872944650609,52.06557056260415,1.0,0.0
5626,pura,smc3,0,1,48.98064208244092,5.031557333219585,51.94941916250247,115.32037719845597,45.4358464785346,92.19759880908256,2.150518010477895,25.210684260004967,4.821202848300087,0.8746170257728421,0.7994909577031543,0.6700977767200174,0.2432686656994653,1.0,0.44810091589911294,0.10974913969144787,8.841897530235494,26.0515359377942,0.0,1.0
5627,pura,sox2,1,0,1.2847522845184358,5.613932235941572,207.20361985553959,193.92928188316,6.733103776185625,935.635796478069,29.50432915455223,1.2768353517147852,5.455990332034316,0.03249510689475349,4.82462363286519,0.6194143358707664,0.3615431416193222,1.0,0.4503868050504501,0.13150167982309904,6.1438412655327586,27.49705885005072,1.0,0.0
5628,pura,sp2,0,1,2.894631163951323,26.535950453417588,43.78980110233593,12.665099873610647,14.186897502960363,14.699092653202285,1.5404327200805596,2.715151856427026,8.573251479999188,0.3239772080673729,1.1605982424054724,0.6567039112006623,0.5984363404313457,1.0,0.22592915940821393,0.055980376271981394,2.3227613466290893,3.2160503900394715,0.0,1.0
5629,pura,sp3,0,1,27.665080757852646,1.3638251380790616,5.1893012925668645,32.56810854830098,12.841111459023413,9.038907894297287,1.2328299144801598,4.369658790580062,1.309008957414328,2.4745357293894212,0.27753861974796296,0.6543534456222354,0.5543244075100031,1.0,0.20035730907851948,0.04476366236021082,2.2553664246366147,1.6669385300397193,0.0,1.0
5630,pura,sp5,0,1,35.463113476208356,13.233878491951014,104.42601666613865,287.40030377524556,86.80452109612801,98.52907725017711,2.487495243977918,26.4729051866386,12.651324842798546,0.8312537801154622,0.3428287164485024,0.681857045856449,0.897743946487986,1.0,0.21860510064924255,0.09001513162320234,6.434364910103015,13.922920264720396,0.0,1.0
5631,pura,stat3,1,0,6.669990171827055,3.361742655739194,144.22212477650112,1.232449047767316,121.53861982729204,2.502466333634177,1.4178086455808625,6.375151910016593,0.9018292666677936,0.8427182723568845,2.030482589253976,0.6875267121579919,0.48875173596498606,1.0,0.11090642340745033,0.0307258521567061,1.3387620565009075,0.9564134196620686,1.0,0.0
5632,pura,taf1,0,1,43.15333533576605,2.8748153322887386,15.427961235650674,58.537860485983806,20.650138245175718,25.433559192728854,1.4040889950850683,11.364855742610482,2.740241108243881,1.3384878228406307,0.434480505122298,0.6649376127282042,0.4838360663285272,1.0,0.2246925263957016,0.0543255048187952,2.7704993038181946,4.184623071899574,0.0,1.0
5633,pura,tbp,0,1,16.33052302863615,57.18908867922261,86.59665355911903,9.964103033945541,70.13498236111461,1.0624373523360962,1.378983152738897,13.739506824461538,8.48564241668773,0.8099040722541763,0.10662649198995656,0.673403957271745,1.1160943036467466,1.0,0.2592014699787697,0.04451651967042908,2.1540905389911447,1.8525500383065723,0.0,1.0
5634,pura,tcf3,1,0,11.692250958567197,2.3385414850551105,39.57442571272456,54.19056727440102,32.43127543613385,16.58345222303557,4.573887520876608,9.02563120955059,2.241798826319863,0.8195008481375401,0.306021011720787,0.6588987063524804,0.3995694673275145,1.0,0.38082351849426427,0.07584374543788545,5.693386206706299,5.836957130130261,1.0,0.0
5635,pura,tcf4,1,0,21.200878778683357,2.8223540723556413,30.272705835653333,58.324485978679135,28.50201620565595,13.365088274576326,2.545385988657375,12.468686055831187,2.6920827042343434,0.9415087095415179,0.229150554013661,0.6666858327834857,0.5352104575163398,1.0,0.3260670219504105,0.06547293885981804,4.185215706995635,3.6363017125393657,1.0,0.0
5636,pura,tcf7,1,0,8.616079621442394,0.751726232386019,17.520819091163677,23.99517892460095,19.475417799306392,5.058944458460465,3.128536700707569,5.7757721748963435,0.7288913637480013,1.1115586376397484,0.21083170391673156,0.682872395438445,0.5857065093873554,1.0,0.2611332622517226,0.055744095829079486,3.8826196438602443,1.8898534666672575,1.0,0.0
5637,pura,tead2,0,1,4.539817093151983,68.72231815837094,132.9786620645108,32.071656286014324,20.690583647065257,38.65590518509375,1.5065821038345533,4.38994676761089,21.86676911296427,0.15559326079719327,1.2052980625746683,0.6615911018946178,0.5298864257549648,1.0,0.38442653209750466,0.07448661349522383,5.104194111957477,4.999413028741237,0.0,1.0
5638,pura,tfap4,1,0,8.997630837760694,0.021733018074505058,29.82629533911903,2.8214727737211907,28.9548053256808,3.8098050386852975,4.348141945498172,6.912386797171269,0.021566894301125836,0.970781151211387,1.3502894921295352,0.6758340823027243,0.609762383572268,1.0,0.296381647925614,0.05494301844233932,3.5549175229454475,2.3318750913862676,1.0,0.0
5639,pura,tfdp2,1,0,17.22925271579503,4.339811886155902,62.28756572809208,95.44764583522134,54.00407050301856,9.896344175931487,4.825066374808191,13.496116066795327,4.151071060031164,0.8670120572501742,0.10368348102598897,0.6813762755676568,0.6271935391898014,1.0,0.32736019905063707,0.061138116466643216,4.761846522614704,1.9336427532270348,1.0,0.0
5640,pura,tgif1,1,0,79.68588583417316,5.101178639021666,33.053964443222796,122.76462251761644,33.88320579254671,70.87113108335657,1.473318507201455,23.36294070382997,4.897668214249577,1.0250875004947837,0.577292787042022,0.6676302532333019,0.31975863769925744,1.0,0.4035229857405077,0.09689802783971395,6.211829122971564,13.6919401596551,1.0,0.0
5641,pura,thap1,0,1,180.0153994840647,6.396861790175246,88.54445329162405,325.9500458660811,77.06521399501763,21.895744485318197,1.51645788871366,59.35125807766571,6.273737910217479,0.8703562010959719,0.06717515387101439,0.6747144257435488,1.0054253853246178,1.0,0.29206980930374626,0.05520926121585033,2.756688174143184,1.7645755055643537,0.0,1.0
5642,pura,thap11,1,0,24.448034808627963,2.6196346811503624,17.77158963624966,47.56726694605967,19.534776261746394,13.78297195191508,1.8220177191827476,10.290959423358817,2.4828960971736,1.0992137823113057,0.2897574915864873,0.6592070720926689,0.4710983856205023,1.0,0.3838015286837753,0.07173697594160466,5.49398962731702,3.5733437777712815,1.0,0.0
5643,pura,usf2,1,0,11.28277895294978,2.0124522493279584,34.29221908344184,48.39898945295928,30.61927815281471,5.341444976835689,4.207299250040826,8.4895566515582,1.9321140578566083,0.8928928769033606,0.11036273767714162,0.6682863560213097,0.6594791213919884,1.0,0.3179206232925578,0.059507501686218274,2.8971657229628685,1.8646454435272661,1.0,0.0
5644,pura,vezf1,0,1,3.8206483802790547,0.1405184288471016,20.93944093995231,0.06031065885272743,20.668646601397796,1.1951736668045627,1.6674455336736322,3.2310966279838187,0.042198862335050144,0.9870677378956265,19.816955900333582,0.664420173166235,1.114328022875817,1.0,0.06869426591116723,0.02556906141513976,1.3134737694768244,0.2187706965110911,0.0,1.0
5645,pura,yy1,0,1,4.800305468780413,49.282304233680634,128.65336808254972,43.85065693637831,17.389581482407937,69.33419953554052,1.9533678390986182,4.627639314448287,23.204044935705397,0.13516615803831897,1.5811439184625118,0.6564721109618084,0.46166359886691893,1.0,0.4062361807897021,0.08703648386517335,6.467383296468466,11.818173942111775,0.0,1.0
5646,pura,zbtb7a,1,0,7.713198309402786,0.16805839424304758,119.72538032270764,1.7722799644699314,97.47296192580974,3.079836454872208,3.6193783149848002,7.246358292833553,0.1535023639771276,0.8141378349609852,1.7377821318390585,0.6772362345491703,0.7245039289954208,1.0,0.26805653490895726,0.05159074758583843,2.2620808373459202,1.635001630679371,1.0,0.0
5647,pura,zfp148,1,0,9.097463714149777,0.00010000000078536075,36.02689597119114,4.56047243431272,33.16486152586301,2.3726648102866528,4.681346991005775,7.263335837158349,9.999780807812914e-05,0.9205583948276657,0.5202673285414172,0.6684314611576874,0.8101869736537125,1.0,0.1920691145919978,0.036337696164681056,1.642223767938442,0.944198642524906,1.0,0.0
5648,pura,zfp219,1,0,97.78091563073346,5.688019660929522,10.46660585591642,97.35076736258819,21.571535082456325,21.96091004854015,1.171723714885009,9.454574941595535,5.374025595221661,2.0609866636243557,0.22558538205195194,0.6587413569630317,0.5389412604042806,1.0,0.32105513137259034,0.06923784923733986,2.9771218479865644,4.223839709501022,1.0,0.0
5649,pura,zfp42,1,0,7.522514091416658,23.052670673255523,182.06110560105125,114.26097792944913,12.478595900819156,1201.8904185400177,6.202633160597462,7.224027237186548,19.182511875660893,0.0685407015387646,10.518817887959347,0.6519213802568375,0.24454601368868534,1.0,0.5130826778384895,0.18927079823349757,13.43091099149364,91.53560042475306,1.0,0.0
5650,pura,zfp57,0,1,13.228761044444207,1.4946852703893536,15.553710841355363,29.93877610425099,17.39388334630442,23.875032614546658,2.2843733362562797,7.148667595022842,1.423611835908438,1.1183108342258923,0.7974618779141294,0.6611650602458047,0.32596697877902403,1.0,0.3882141276890333,0.08766306436458773,4.782045143854116,9.567602247605846,0.0,1.0
5651,pura,zfx,0,1,11.59388673624082,0.6028976743335197,13.720052901684832,8.97337761454129,15.932546565627124,2.4847916109106887,2.330082916307404,6.283839719639982,0.5649407866342862,1.1612598493458137,0.27690705971005863,0.6573428988791977,0.7809504924317535,1.0,0.2279937456225628,0.037185713271492754,2.9642507852114015,0.8506781544115057,0.0,1.0
5652,pura,zic3,0,1,4.1496936229820705,0.2628302982737679,86.58627611515892,53.659872847827764,71.08456088797199,3.8787365767331328,20.856385493165504,3.9599126880968876,0.26154920957345723,0.8209679879687884,0.07228374520626824,0.6772477863260271,0.9697766244225455,1.0,0.1558757699053009,0.04155213201616888,1.4808883440141623,1.997494503946478,0.0,1.0
5653,rad21,rbpj,1,0,1.2592400504740686,7.8698570903324905,25.631946783779654,26.460654270378154,12.248886367747353,13.835435729533536,4.576587849788489,1.2002733148483244,6.065786944930073,0.47787577241298984,0.5228682400730302,0.3709597735838523,0.5666164952903417,1.0,0.2504804153764042,0.05474006701474656,4.754123950553511,3.5620709492664506,1.0,0.0
5654,rad21,relb,1,0,0.6328107666633261,7.677338099136726,10.069662032341748,1.2060097854195126,11.738566982030848,5.990174443308561,1.2298021307142417,0.5953942299502168,1.0422810176813713,1.165735944694957,4.966936848878775,0.37050874085927393,0.61484548028164,1.0,0.2772153283560852,0.05462362138977774,4.769766328149488,3.078794528785513,1.0,0.0
5655,rad21,rfx7,1,0,2.616503522628538,4.068607070071237,3.3411550977796747,3.993898191711358,13.462109338037031,1.62776487280874,3.533448850929553,1.4673791568120789,2.015453248380122,4.029178216534491,0.4075629359273311,0.3815918613482028,0.86597974049141,1.0,0.17314155729141847,0.036538911059213745,5.405469675654437,0.8476316693424302,1.0,0.0
5656,rad21,rxrb,1,0,1.6469229220297903,12.534220396413527,14.929568700460248,0.3705875987199154,15.37358501643624,3.433194601556424,1.1431404097763729,1.4832963131623762,0.35994542811367436,1.0297407329631902,9.264191822433814,0.39012236559158736,1.15031391192767,1.0,0.27054706123769673,0.054584949847815055,5.142690739421946,2.002670221070866,1.0,0.0
5657,rad21,sin3a,1,0,2.5626496911085304,2.6355528391315755,1.9366447212110318,1.4640476664012652,11.50175568014696,4.859238720870145,3.57128809223894,1.1030489543003312,0.9412075587853647,5.939011711427705,3.3190440669288486,0.36670458482293167,0.6115991251092174,1.0,0.3145320576225283,0.06827969972744871,5.171984212322508,4.606871360425168,1.0,0.0
5658,rad21,smad1,0,1,4.821064538320906,1.1439857562823181,2.9261879646748747,9.918906601842838,14.27992667001991,1.9276429170932312,1.7922956532025927,1.8209476228508503,1.025689078685555,4.880044222178507,0.19434026294139048,0.3838941398865785,0.9483122618845398,1.0,0.2407423453091694,0.042273142586225804,3.7999871041138897,1.8973824342549075,0.0,1.0
5659,rad21,smarca5,1,0,1.2381988126815546,8.055287345577353,35.91179694703513,47.234789753714225,12.513485527831138,246.3708332213106,7.026697903013407,1.1969299977497248,6.881701457764403,0.3484505536241135,5.21587657118634,0.3757788935056941,0.17278106212032138,1.0,0.4350013953548111,0.18020781633947142,21.33958763868005,59.99330408103703,1.0,0.0
5660,rad21,smc3,1,0,1.425300924431802,7.374285068486143,25.77009459459655,20.902445396847092,11.843624877185874,85.5447551686461,4.046584714765873,1.3506014142237324,5.451146170303884,0.4595879473282661,4.092571636692308,0.3709192245482371,0.2504634200200497,1.0,0.4732297156636055,0.14974163696653084,17.01926993338922,27.886729905613876,1.0,0.0
5661,rad21,sox2,1,0,0.30074915514195405,39.844638429163695,97.57630325994415,966.6338091068691,11.086435054222475,5003.020869809634,25.337928759670053,0.2998250360344945,38.267262166972095,0.11361810894483379,5.175714756379383,0.3630456525983307,0.37106921956562894,1.0,0.44617480553339484,0.17231140740774648,13.221619098938994,30.3714070111698,1.0,0.0
5662,rad21,sp1,0,1,9.72093193381759,0.00010000000000012465,0.9228133332259413,10.98821022453588,16.03119228355067,2.3733013366106896,1.0772554308042803,0.8428053636049139,9.999908994209064e-05,17.37208567144272,0.21598616044961344,0.3916118781503396,0.9465558406292526,1.0,0.19234419354042048,0.036994422478569135,3.661930701141162,0.9159684109454012,0.0,1.0
5663,rad21,sp3,0,1,3.055698830895031,16.052451646025816,28.799417284370037,4.868971815243367,15.51854532163416,6.243948992078338,1.4416019487100435,2.7625812258187525,3.735832543839502,0.538849281858781,1.2823957971024413,0.38828607298431106,0.5447606876861928,1.0,0.30691991759660037,0.06432625013729398,8.703184535816337,3.8523917331257724,0.0,1.0
5664,rad21,sp5,0,1,0.023420718679973557,3.6061664433851277,14.08423833902507,19.792373678484456,13.673045140434532,155.99520564189697,6.4872493364708355,0.023381836958970607,3.0503866233765167,0.9708047259146992,7.881581470517277,0.3833359694323507,0.9220052014072773,1.0,0.1961476381031494,0.11840939202529221,10.779074207727566,18.676560614108496,0.0,1.0
5665,rad21,srebf1,1,0,5.4511417191113285,0.7606865279435295,2.3386318516255313,10.670943589056355,14.072847380992844,3.2899181937009545,1.5308858978579174,1.63653199111314,0.7100687255940391,6.01755567949317,0.30830621174634903,0.38352019225396644,0.5319110631019894,1.0,0.2866821071809767,0.054523101212400574,7.023483681914911,2.740947894742089,1.0,0.0
5666,rad21,stat3,1,0,12.338237040842323,3.31677264402179,0.4602459503920528,9.084945610342382,12.701304129707989,2.7764526000613152,1.41600541807269,0.4436950564308416,2.4297196932534524,27.596775417336307,0.30561026110058126,0.3777829832782032,0.49397942857142857,1.0,0.16764637119279402,0.04063397739433328,3.7703680733041463,1.6726306383535352,1.0,0.0
5667,rad21,taf1,0,1,0.7402392972551698,5.964445818276896,16.310928962066544,16.149966053546088,11.544386144567854,19.14378732369839,3.8759729820347886,0.7081034219375788,4.355783823313871,0.70776999712377,1.1853763196917024,0.36676153234101194,0.4814223797788003,1.0,0.2627330300010463,0.06513662979129618,5.074141098529035,4.409716717207722,0.0,1.0
5668,rad21,tbp,1,0,15.173686613922657,1.1938618148207343,0.0006919520372328169,57.60114356022476,14.194053074200982,1.0414222571677232,1.0207729051441112,0.0006919204842028362,1.1696198571273007,20513.05915792137,0.018079888571636882,0.38572498717773773,1.1309932909172153,1.0,0.30819462432901173,0.05679378341304749,2.2518356100154087,2.0279661880366184,1.0,0.0
5669,rad21,tcf3,1,0,1.3039596469433985,9.631178562432,14.723634575938465,3.2250642777832503,13.123183116359426,17.090987462959006,1.453074702944651,1.197873185231678,2.416037898528932,0.8913005174554851,5.299425372912724,0.38042351240737016,0.4006981334659631,1.0,0.39929921835902144,0.09500248538491715,13.114643875500935,11.530052566265507,1.0,0.0
5670,rad21,tcf7,1,0,1.6650137425770781,11.100898555101681,18.312699277973547,4.684519136983444,14.194827547728213,7.322951140002258,1.5512841563334612,1.5262455682560858,3.294329788001739,0.7751357313447343,1.5632236577259049,0.38163153932733007,0.6029598797548849,1.0,0.3023946053992837,0.06543225367836392,5.69015141436789,5.284377936893228,1.0,0.0
5671,rad21,tcf7l1,1,0,1.797896009917979,1.4466000739321043,4.092923479955477,1.7731196708024093,13.957565641870643,3.1035920335919074,3.2034042096152593,1.249172684065666,0.7966516499046206,3.410170190140587,1.7503567777731577,0.380763154412564,1.0174314836350522,1.0,0.17520284369419775,0.04381577209025788,3.465345273647038,1.4295932681518495,1.0,0.0
5672,rad21,tead1,1,0,5.5947419716615325,0.5278483123714419,1.3154170914879235,10.018845165675403,12.365503117705748,1.3661967213920816,1.3001895456639638,1.0650144439127003,0.5014301898145154,9.40044279318175,0.13636269438245,0.37446348588235223,1.0064946312212244,1.0,0.17875305817088646,0.03174381696973071,4.361448350702918,1.0561992898428556,1.0,0.0
5673,rad21,tead4,1,0,5.48660145127929,1.3729864379509482,2.8521525907121728,10.179958985879342,14.828904966569436,3.9783422835325495,1.7248226380894676,1.8766142357322948,1.2098166410168392,5.199197621774755,0.3908014058849277,0.3851748748609195,0.7200810080215552,1.0,0.30748827627349135,0.06381274191491915,7.833410874048993,3.9954046393376927,1.0,0.0
5674,rad21,tfap2a,1,0,1.902303607001923,2.8491566364861836,4.085557141090716,3.847941597009979,14.104959515682921,2.136215507641037,3.443439341434146,1.2979543802158393,1.637035616873262,3.452395604462734,0.5551579861037838,0.38521730313334374,1.155763751917598,1.0,0.22415096190374878,0.04163151645471389,3.598999052211549,2.0787640290801463,1.0,0.0
5675,rad21,tfap2c,1,0,1.7538360014285088,0.8775067987928864,5.105470464831616,1.8765411236769942,16.111244651057127,4.275871311902079,4.192648289366227,1.3054028055891305,0.5979117432220403,3.1556826666685054,2.2785918506937435,0.39157513693896023,1.0539079645505933,1.0,0.12989174873616247,0.0471834613419836,4.671153119321077,2.504971057880703,1.0,0.0
5676,rad21,tfap4,1,0,3.674936367382037,1.4067947938402838,3.088142277276035,7.930910674484519,13.687992795045702,3.822284237698276,2.1667519368978554,1.678041459916433,1.194850692723634,4.432435932686205,0.4819477099893968,0.38341941794429096,0.6103574876986453,1.0,0.30149514243237335,0.06273074496054008,6.174332989201291,2.794910292122988,1.0,0.0
5677,rad21,tfdp2,1,0,1.6477916640099475,11.127307919497104,16.469227514112532,2.184304096509494,13.232541423772751,7.605561474943017,1.3159944614261005,1.4979205764273125,1.8258813615100795,0.8034706796316795,3.4819151266971766,0.37890169452570993,0.6161107042751444,1.0,0.36769481689085803,0.07415290568882367,10.413962020960614,3.649751528295212,1.0,0.0
5678,rad21,tfe3,1,0,1.2507025207935847,8.613199481061585,29.11728703828601,24.74271899796965,15.308634289582182,11.752909340428037,4.038997098259507,1.1991924663503615,6.38909027695748,0.525757577258246,0.47500476165907485,0.3848612383906943,0.9000699552119422,1.0,0.24683645307768298,0.04797246718223233,5.298553491261179,1.4506881291849258,1.0,0.0
5679,rad21,tfeb,1,0,0.2816887434407591,7.749158473351476,8.988350950260713,1.5332568480392395,13.973464347727873,6.395399394415391,1.20113204040155,0.2731290661574841,1.2799955490493329,1.5546193539897952,4.17112071118023,0.38329985383370463,0.8850466276683306,1.0,0.2835512493177597,0.06107850064339154,5.169875636110617,2.9761484898068336,1.0,0.0
5680,rad21,tgif1,1,0,0.5396923269279958,5.482824816420138,45.620083590984784,60.77751738098783,11.2248960504435,124.2304385157921,11.741987732125436,0.5333823351233795,5.029139143050215,0.24605163267744884,2.0440196287888086,0.36604078057820183,0.32539259245456387,1.0,0.384337666591988,0.10828493536634062,8.909290824849531,14.039593952557404,1.0,0.0
5681,rad21,thap1,0,1,0.3993931225926679,6.019429276218032,117.43699694841644,139.28530405160262,14.114889602513717,53.35771298694009,23.00403548933134,0.398039424755538,5.770066932806654,0.12019116606595114,0.38308214459704987,0.3847580062650509,1.0448290279122787,1.0,0.2671569871025927,0.05738086870962636,4.829371992480297,3.8943164086816835,0.0,1.0
5682,rad21,usf2,0,1,1.68935200687865,7.566753247100059,39.37256522918293,32.57377723894442,12.574433449824095,18.12943612905937,5.487077744969108,1.6198494021478962,6.140370635579637,0.3193704392037918,0.5565653622566147,0.37505979052837135,0.6831017414499512,1.0,0.3458380861505865,0.07049569894933953,8.180629187775654,2.994073655022846,0.0,1.0
5683,rad21,vezf1,1,0,2.3461678982083622,2.027884810471285,3.3464638693755537,3.1210476469658124,13.097775998559516,2.0560133205143747,3.937753610295781,1.3792155233984802,1.2292111361642264,3.9139152579596046,0.6587574279787649,0.38031757556802204,1.167616953651437,1.0,0.1564591757531782,0.037860862838081176,2.737815433862009,3.498849362023239,1.0,0.0
5684,rad21,ybx1,1,0,0.7939473661579224,5.243142197631894,37.75419856395592,39.96033003366419,11.443111986095499,1812.8677080651576,8.469540476522177,0.7775950253379021,4.634991125432722,0.30309508402650304,45.36668507336963,0.3675224980775584,0.2830809523759485,1.0,0.4866861336956116,0.3698672055507713,31.63283201969524,322.7419306266494,1.0,0.0
5685,rad21,zfhx3,1,0,2.9017339531732245,1.7698999101056794,3.9283230829071663,7.834954155374997,14.037962025600194,1.6550820025387343,2.8851604101658546,1.6689389866716882,1.443757974951215,3.5735253260308117,0.21124335506204614,0.3785197411476332,1.137877230935641,1.0,0.22389674676339014,0.044096594359535814,5.137677324362519,1.3182152010270092,1.0,0.0
5686,rad21,zfp110,1,0,0.5188608643946953,11.008113279608068,11.647607060927564,11.551335482156313,13.895993277188659,1.7004810680417213,2.1406388441198,0.49673311143854876,5.636592048909074,1.1930341747021507,0.14721077668192603,0.38395530214908186,0.6635504734385665,1.0,0.22361573360739073,0.04670080142473011,3.4677439856836836,2.035436157891711,1.0,0.0
5687,rad21,zfp148,1,0,9.509742233586794,0.00010000000000040462,0.0001,9.76641942578798,13.043647315288663,3.1086313252138917,1.0000172540045664,9.999894845784458e-05,9.999897609418336e-05,130436.47315288663,0.3182979544177296,0.37836026053772326,0.8245392608567789,1.0,0.24444088142186937,0.05054582196989792,4.076376326505838,2.168763857750197,1.0,0.0
5688,rad21,zfp219,1,0,1.2857306687230174,9.567127124870334,16.014288822781218,5.8022875847359545,13.60299393680616,8.211821600186587,1.7354605187743595,1.1901756693019618,3.611798105983161,0.8494285376853665,1.4152731108656835,0.37966066224165035,0.5283548781552975,1.0,0.2624257106923672,0.06367411578573538,6.149790321536349,3.311702346697984,1.0,0.0
5689,rad21,zfp263,1,0,5.229856208649054,0.7106434769193932,3.8715353794411684,16.575322476942663,15.506490611901828,1.465644585624945,1.8148875488001956,2.2246678593271567,0.6814282075710666,4.0052560785690385,0.0884232923771921,0.39130092438907,0.8087638336373895,1.0,0.16836328435871564,0.03543113882271078,2.375581050205021,1.4871216535607354,1.0,0.0
5690,rad21,zic3,1,0,1.839029789169474,1.9384212919282175,3.516877535522881,2.7679185915918953,13.00677503082451,3.106369072126849,3.69752334325442,1.2075717820713052,1.1400350304178717,3.698387248190231,1.122276168657223,0.37892107320607926,0.9474055100054809,1.0,0.2295914938355475,0.03707096691271765,5.651084681868303,2.9509167527573297,1.0,0.0
5691,rara,rarg,1,0,8.287332947138118,0.7590593840795823,19.509965815573167,0.869356057848486,7.79793418667965,1.9317481646130652,2.651548428536316,5.8165933273283095,0.405236192697241,0.39968979240625907,2.2220448654764375,1.0473157571204152,0.803633982926912,1.0,0.20152646860059956,0.030175888557195024,0.3308191882219214,0.620064975181011,1.0,0.0
5692,rara,rbpj,1,0,2.2921803506427296,21.55885435866378,47.29051570749656,20.407310237035876,4.700338746512482,12.826689710756494,2.0409374216445224,2.186214133039076,10.483641607253482,0.09939284180331698,0.6285340675361608,1.0412214034952354,0.5658629302709748,1.0,0.20060473029018044,0.03271277954025227,1.1992872161218462,1.0901982897776206,1.0,0.0
5693,rara,relb,1,0,0.00010000000023668854,12.434299731564586,6.661978262092121,84.14520404391239,1.9780479016799144,55.55324563155911,5.783436961874855,9.999849920357935e-05,10.833423730235975,0.2969159945980866,0.6602069156855077,1.0108440035726673,0.6515970137726461,1.0,0.2039757713504746,0.03387726527976219,0.8583949857787616,2.906915306534906,1.0,0.0
5694,rara,rest,1,0,75.87901887661351,5.785215557037526,44.290279862074115,153.0641557305317,16.968918032560982,119.9908256309924,1.643488608794307,27.966402541907012,5.574520867029596,0.38312961862974165,0.783925048018658,1.066157496332892,0.2867506855710073,1.0,0.38959797312176386,0.0897950887178866,3.75035898604673,18.33204482740303,1.0,0.0
5695,rara,smad1,1,0,23.127338885912945,1.195944424489871,84.20957627479783,19.510776584002333,28.24775999364351,2.350894294838511,4.9256122735994,18.14420886822035,1.1268710513622848,0.3354459343372504,0.12049209239401079,1.0745488494411575,0.9638718045074028,1.0,0.21452007828073036,0.0361799085297649,1.6124506533498355,0.5328447898936103,1.0,0.0
5696,rara,smad2,1,0,6.032248535297231,0.05712731061710357,46.21804705581212,0.01508731337665085,16.112569344865328,1.7835286983024912,1.4201954799017074,5.335830993923796,0.011935222950410393,0.3486207308891279,118.2138034636891,1.0602142848181464,0.7440941929959922,1.0,0.1637047788999715,0.024617144377952684,0.1547827615103809,0.1197220463914414,1.0,0.0
5697,rara,tfcp2l1,1,0,26.45960361178793,3.1049744446946903,39.454368507126276,65.76434053433414,14.219627248244333,34.222000182349454,2.6087318708512743,15.83802216574969,2.964986609689466,0.36040691528685787,0.5203731977587898,1.0534218215702724,0.28756631819802897,1.0,0.2800061952173767,0.04715249949711268,1.7503280457285197,4.134575192768967,1.0,0.0
5698,rara,topors,1,0,42.27723362250005,2.9442893609462013,10.226891816275296,52.5356420506548,6.926952211837614,36.396631515854395,1.3102554833062676,8.234870897009449,2.7880375484364204,0.6773272208486564,0.6927988332332706,1.0433171936791128,0.2854328979748474,1.0,0.22240616859217396,0.047218986199350874,1.5925241985760115,3.7280427115677996,1.0,0.0
5699,rara,vezf1,1,0,4.992410553111674,0.17919715416054227,114.19992064916998,0.07952611616195833,41.33505828300934,1.2074601542625696,1.491624267311309,4.783301771704236,0.05508145316770245,0.36195347639507985,15.183190284352946,1.0834187618019553,1.1075060090489206,1.0,0.10790548682925573,0.025304668298585194,1.0886935682293548,0.4667724258211422,1.0,0.0
5700,rara,zfp42,1,0,0.7323677093938169,8.988852804934394,1.9432827529268977,121.48034079284645,1.698269310932418,1272.8792412427251,2.810085038007628,0.5319071225884932,8.369553547227085,0.8739177602304915,10.478067751005852,1.0046491110169111,0.24263815831985147,1.0,0.3425097247108404,0.12507900357482576,5.244172341197326,60.75095213447396,1.0,0.0
5701,rara,zfp57,1,0,1.4140770163925311,12.09842841627655,15.386884034301575,0.3505437458039627,2.8134305115568043,21.803980858135475,1.123538556320258,1.295059193408709,0.340672977669661,0.18284602036935468,62.200456060423015,1.028378947368421,0.32164098843597505,1.0,0.27223580452689433,0.04880161124389741,2.090299544901266,5.374609020421497,1.0,0.0
5702,rarg,rbpj,1,0,0.576436932624952,8.515141302677732,0.3421410405749883,29.305494316999155,1.770750662596859,15.389802656440668,1.981019608342315,0.21470439930876442,6.597996595388762,5.175499143923242,0.5251507614909451,0.7954558925653521,0.5680535057543662,1.0,0.20894882307740797,0.033458617699810886,0.5515607167714489,1.5706289765942645,1.0,0.0
5703,rarg,relb,1,0,1.8304409860469262,1.9592670415182687,9.994958617472335,6.358015608758226,1.8928042089979138,7.273545060383696,4.154464566307309,1.5471089790335375,1.497730804096767,0.18937589253136825,1.1439961000354135,0.8063145552850083,0.6245409193127072,1.0,0.1624671430761379,0.0246695132182997,0.25865863935281713,1.263335312230287,1.0,0.0
5704,rarg,sall4,0,1,0.6867184179712837,5.601871254672525,0.491123782701921,157.3275830348306,1.8240778248551983,168.09188127540742,1.7235628380739456,0.2863403492355513,5.4092666596913945,3.714089785715571,1.0684196504702783,0.8049821730155752,0.5358097805670342,1.0,0.17259078757607452,0.03849621599164897,1.164909311815911,2.2590682410687304,0.0,1.0
5705,rarg,setdb1,0,1,4.155935212505077,0.0001,24.464910575942433,16.995313517274504,1.8234311152189577,17.02981449616107,6.88678064742467,3.5524660621450552,9.999941160596123e-05,0.0745325068554319,1.002030028975429,0.7930651830775376,0.45426838581460366,1.0,0.23758354639342985,0.03407488313879577,0.6868333572572062,1.3073205655143683,0.0,1.0
5706,rarg,sin3a,0,1,2.907402360485115,2.1220571891409294,0.2690923860324256,0.36444549215550004,1.8988685296591077,5.171693342125932,4.661353177755331,0.24629659444485583,0.3110288931099628,7.056567291466561,14.190581180022653,0.8051335823039354,0.6175177702491556,1.0,0.1566645366476117,0.030013510361256667,1.2690658097064436,1.339185210605409,0.0,1.0
5707,rarg,smad2,1,0,0.7149952356650453,0.4577297233138972,0.0001000000000000445,0.00010000000000003062,1.7801951250072063,1.8811811271612182,13.708344171404114,9.998601584870176e-05,9.997815781833995e-05,17801.951250064143,18811.81127160642,0.7933737509758568,0.7536471163339054,1.0,0.17964328594409718,0.023493832223820357,0.3443709094081362,1.036029805329961,1.0,0.0
5708,rarg,smc3,0,1,0.7640754797556117,7.637005875871054,0.8515219095438555,20.90855151477218,1.9281508377082592,83.82025356032455,2.576898885099709,0.4027160577668746,5.593820733260856,2.2643584576010896,4.008898153518879,0.8104443060096195,0.24228899670406537,1.0,0.2720967376995657,0.06382970120154408,2.745971475506632,9.273338318038288,0.0,1.0
5709,rarg,sox2,1,0,0.6235128135726554,5.6782416692762325,0.3822685387896656,208.55569282241137,1.781128613970971,1056.251300436262,1.6226805117908043,0.23697927149000234,5.527740636229314,4.659364905127585,5.064600664416663,0.8000879840976892,0.3691710358195437,1.0,0.2649838153503334,0.08348314316655679,1.6362809290152425,11.797314356778795,1.0,0.0
5710,rarg,sp1,0,1,1000.0,441.2187439294404,229.03202684577093,3.2045958024633743,1.8905363561098802,1.2313697813795934,5.405176606215249,186.35155296446294,3.1814884781195163,0.008254462845857615,0.38425119961557674,0.8014789537598059,0.999951025405571,1.0,0.1348100487339502,0.02218943201556091,0.3851533961731945,0.9870634033563159,0.0,1.0
5711,rarg,sp2,0,1,1.4179626084636257,3.031550100607894,9.758780906935327,6.503333180409829,2.0703859716052198,7.699923406928331,3.5120467038898173,1.2380696050829179,2.067689742632459,0.21215621001736468,1.1839964512541084,0.8143498236620748,0.5819832034537784,1.0,0.15574028571163792,0.022084265025534244,0.7935599616773151,2.1370872138893655,0.0,1.0
5712,rarg,sp3,0,1,0.7350423949196443,8.439208106154878,0.6774347305886935,23.572159606814612,1.8976499616676856,11.274878450834162,2.426510257087159,0.35253190142421037,6.214366165704607,2.8012292195568715,0.47831334247264484,0.8022481097755497,0.5598837136177275,1.0,0.1307414095737671,0.021224666817156138,0.38899826001680426,1.1977880671783463,0.0,1.0
5713,rarg,sp5,0,1,0.8159655934519536,3.424628410429632,1.0382803821676416,27.385860356533257,1.9722332472189439,212.36739080776272,2.26254267374474,0.4568978869817146,3.0439762293419554,1.899518936398921,7.754636445339928,0.8112644950693939,0.9317210123546295,1.0,0.13265562469161957,0.06096114269931183,2.4782367938952063,13.64224232809838,0.0,1.0
5714,rarg,srebf1,1,0,1.115702379144752,1.3271383155768437,0.16764248733094073,0.17194782603998413,1.9772439673179372,3.0621402631511554,7.407971249609326,0.14574346058243817,0.15222510693860655,11.794408439041394,17.808543054444296,0.8094968732456143,0.521271767249094,1.0,0.10190466212179022,0.019837683524447258,0.5712978388735623,0.564037565445895,1.0,0.0
5715,rarg,taf1,0,1,2.096862093967012,0.5366310403449537,13.194887739306651,14.126960854122583,1.8209807486024594,16.79348814698749,7.56877785390676,1.8093324986587918,0.5169924091327499,0.13800653590844011,1.188754490112907,0.8016787203409478,0.4799130855800003,1.0,0.14577955510361415,0.029603598971466083,0.9452091888410286,2.0646678234773788,0.0,1.0
5716,rarg,tbp,0,1,4.706500197851073,0.00010000000000000999,34.387450234656576,23.6003087364376,1.8975418830021218,4.52854847486697,8.306409757548376,4.139887106380201,9.9999576278535e-05,0.05518123239883977,0.1918851369887012,0.8013609722363929,1.1309288258239587,1.0,0.14744689160336505,0.022362471523513918,0.10007738231713033,0.8630123812355264,0.0,1.0
5717,rarg,tead2,0,1,0.5750233928669292,5.662490244250964,0.32246347060441094,21.57373271792415,1.7583726399412851,25.19309064174093,1.9043388111575617,0.20660362450922368,4.485241996181963,5.452935914401315,1.1677668844395066,0.790772603637891,0.5286704473850031,1.0,0.16487925735618278,0.029986445435593416,0.7021050401948901,2.468125857835126,0.0,1.0
5718,rarg,tfap2a,0,1,1.3687264449771401,1.257929299904725,9.999999999998899e-05,0.12232208920848409,1.8598602582823123,1.907256556900824,8.518762616086276,9.999269447193122e-05,0.11148153246183112,18598.60258282517,15.592086181998758,0.8034705113370182,1.1417769376181477,1.0,0.1692722151855167,0.03162802599004074,0.8925156255612705,0.7860152477858908,0.0,1.0
5719,rarg,tfap2c,0,1,1.3386117511700757,1.4542971185163371,1.6345521704091663,1.6036798189753823,2.019905513201091,4.185646446852797,3.7236696197805106,0.735926710037587,0.7626698917067994,1.2357546915712465,2.6100262641747753,0.8125622529172946,1.0472567693251909,1.0,0.11135694179741262,0.023570940591999472,0.9638791511323092,0.9323712651194342,0.0,1.0
5720,rarg,tfcp2l1,1,0,5.228896637035641,0.00010000000000000007,18.817677252719356,18.44675348545756,1.7558308993307699,33.202956504756095,4.598810402117296,4.091879772755804,9.999945790212914e-05,0.09330752545864998,1.79993496042171,0.8005945303210465,0.2850090944742842,1.0,0.20804369016064425,0.04341126724026938,1.6930184201614598,7.032770652107679,1.0,0.0
5721,rarg,thap1,0,1,0.5791391157538766,6.311193888126962,0.34518970246906794,102.06823864688117,1.7795188608504162,37.21695718260486,1.6566694682991,0.21627894220545826,5.943677954873988,5.155191038787946,0.36462819066920454,0.7979452054794522,1.0244897959183674,1.0,0.17315248691272317,0.02689653744800911,0.35449343114393084,1.392152608837046,0.0,1.0
5722,rarg,topors,1,0,3.9630075830829026,0.12859847070763103,22.8374549671962,19.14934490181782,1.835943431426672,28.02195343459786,6.808072394192789,3.3769942232721024,0.12774062159225752,0.08039177018909627,1.4633374446108482,0.7995426034196111,0.2844972051634357,1.0,0.2285136663349527,0.04306716487807603,1.5470795372607016,3.5232268814135415,1.0,0.0
5723,rarg,trp53,0,1,0.6610227088340583,6.519074352853785,0.43951787322432423,58.0382261009713,1.8010235950026778,483.86392265021385,1.7921440853997979,0.2639896246227789,5.860770332715379,4.097725495871834,8.336986761249689,0.7995124879004618,0.27520384265827574,1.0,0.30456030543096313,0.1027923455678616,5.448033287561552,23.38176301008098,0.0,1.0
5724,rarg,yy1,0,1,0.45027591070820683,6.326278105072532,0.20965872026920895,52.36981295790787,1.718197662920038,79.10703852299744,1.6124198059700916,0.14305094289007836,5.644430405542132,8.195212012711961,1.5105465163028091,0.7907430064492046,0.4716456813270227,1.0,0.27720492986935397,0.04802949428802999,0.8760673939454126,4.6609131102265255,0.0,1.0
5725,rarg,zbtb7a,0,1,1.1646911893846124,1.313137320973466,0.06205229687242064,0.22294468393314876,1.9593040320304167,3.3931514570777916,5.5083006447827,0.05891350902452964,0.19058682026748247,31.57504445095305,15.219701125931524,0.8032017448684522,0.7449800143221822,1.0,0.12383074753145333,0.026133714237874972,0.798108994066092,1.2495549672625805,0.0,1.0
5726,rarg,zfp148,0,1,1.1816711023229052,2.1435380720116735,0.24690910740266164,0.5266615482101089,1.9582260287409505,2.3972014602483864,5.243972227734569,0.20423449459244328,0.4227845255850998,7.930959085877126,4.551692578270467,0.8059069936174311,0.8074135999416305,1.0,0.06990167347826154,0.01226743869581232,0.7537353378459267,0.4208680550869617,0.0,1.0
5727,rarg,zfp281,0,1,1.1896168741492013,1.5098800897616003,0.1973322508355742,0.34594947212437743,2.0283693576238315,3.368556696326442,6.245252532481389,0.16925622661928477,0.28146023252981567,10.278955158292685,9.737134951069855,0.8114357381547606,0.5497733066527782,1.0,0.10055680291443927,0.018351004938958384,0.5936752457900132,0.5523221764052383,0.0,1.0
5728,rarg,zic3,0,1,1.0396174195968837,1.8267634758951123,4.1451097579797676,3.739665519209199,1.9472628250630264,4.5129547809734785,3.727032016922714,0.8311581618361982,1.22726516202111,0.46977352561397023,1.2067803277571736,0.8122357541971783,0.9758503287712893,1.0,0.09763031148610801,0.027231131868252847,0.46088215540660504,0.8334252820878003,0.0,1.0
5729,rbpj,rela,0,1,7.968492397071429,1.1330870667366184,37.68201561594974,1.847995734985616,19.750365433462463,1.4646240165653177,2.677102029084814,6.577557797524945,0.7024092271059762,0.5241324040294354,0.7925472926357796,0.5794856379855031,1.054525061838764,1.0,0.10726889247543644,0.033307221767690715,0.30737971871033115,0.5429176170999748,0.0,1.0
5730,rbpj,rest,0,1,4.258409567150885,61.32965805538463,76.06764387525797,16.0781524416274,16.209828457028607,113.46060753213234,1.33281755842336,4.0326540212917354,12.738605898760287,0.2130975488554743,7.056818744818922,0.5718753829589818,0.2908764763832911,1.0,0.3491281761521974,0.10306212060253905,6.796672316901331,32.99408730656414,0.0,1.0
5731,rbpj,smc3,0,1,2.409570275123797,25.872362359687767,47.49569179238439,22.801508741631913,9.075139129335897,97.0173483225815,1.9767508098174835,2.2932292587615106,12.120032435535922,0.1910728907582947,4.254865299568678,0.5573643386545933,0.2439147208376243,1.0,0.3766712003383129,0.10094019603462914,6.410354473064676,12.438739736790648,0.0,1.0
5732,rbpj,sox2,0,1,4.662046827891496,30.854811767026728,122.76172732629244,91.24323769761315,11.496364140502424,484.20436283127685,4.107459580874319,4.491476769284112,23.05764044977026,0.09364778739179727,5.306742450722386,0.5619907343259031,0.3690926413963184,1.0,0.3480303998802998,0.11408956058108562,6.255627172453619,14.629554386706516,0.0,1.0
5733,rbpj,sp1,0,1,2.3541614258580976,26.906136283674094,43.81247880003913,15.822875278905338,9.37475876064971,6.068626025556651,1.6734084349060847,2.2341163891848552,9.96354521401207,0.21397462589223182,0.3835349719053396,0.5619382584198058,0.9682482577251809,1.0,0.17558534176731558,0.02993752482712268,0.4817161330085985,1.2742477287173175,0.0,1.0
5734,rbpj,sp2,0,1,14.407564584249776,1.3647929177537677,16.605709529598062,28.42271840000637,11.047314509440596,8.85943670080728,2.25593016185864,7.714368745354387,1.3022613524786157,0.6652720553584195,0.3117026519463843,0.5645818774749592,0.586955727216755,1.0,0.1802045073635311,0.0388531589966334,3.230525604883901,1.8621420242083782,0.0,1.0
5735,rbpj,spic,0,1,2.8894106814406864,6.445317825340636,33.913822457614806,37.47007974276122,17.34182076530784,4.023107329485543,7.275915976985191,2.6625639244049863,5.499359820400974,0.5113496358890683,0.10736852862617033,0.5728519223153872,1.8591888380570047,1.0,0.14821909980139164,0.04506438771075876,1.842095346687192,1.3436494644587238,0.0,1.0
5736,rbpj,stat3,1,0,9.725992122571508,2.991593429261944,33.16964035886784,13.235139377556841,17.200204954215458,3.240608744507851,3.714490258270061,7.520757759626665,2.4400571864119707,0.5185526514042236,0.24484885667339723,0.5700664999584847,0.49701386268301934,1.0,0.08889850622223879,0.02530283487273525,1.3500439698527908,0.7955863920612222,1.0,0.0
5737,rbpj,tbp,0,1,66.68151849935097,5.369862545631265,21.697494103710387,95.35675867756174,16.238110825241193,5.92610363841141,1.4000271244608236,16.370649680872383,5.083588436475165,0.7483864610182975,0.0621466555763485,0.5702204275968018,1.1453499999999999,1.0,0.21643473489291454,0.042118024678893175,1.411137689186451,1.382989961832766,0.0,1.0
5738,rbpj,tcf7l1,1,0,2.998575692004276,1.982047597503922,39.87154995651028,21.493931118514134,20.56543995341326,3.0170938882154847,12.210537923348276,2.7888385838278626,1.8147057913840103,0.5157923375400486,0.14036957090723454,0.5805332363757844,1.0091490118376265,1.0,0.13991248722807795,0.03563456167516589,1.4506166011538353,1.1695146728073704,1.0,0.0
5739,rbpj,tfap2c,1,0,3.768307497452085,2.2278052483652164,38.56794007628877,22.257793765880095,19.675951086332013,4.002339960607859,10.858029549493482,3.4328941765001053,2.0251099325693422,0.5101633908218141,0.17981746091758716,0.5781073910593539,1.0451182331945268,1.0,0.13821041487154936,0.038208403560661054,1.9214559889780292,1.9940818490189876,1.0,0.0
5740,rbpj,tfap4,1,0,10.497746073274383,0.10766069445116858,27.61297901845139,3.270556482410747,15.272802527302579,3.8549536268689555,3.749877354833697,7.6061014678854955,0.10422964649809566,0.5531023116736905,1.1786843149173947,0.569938110809462,0.6151755321851343,1.0,0.22752288654031258,0.03739595771132822,2.1179788795133274,1.3302630232537087,1.0,0.0
5741,rbpj,tfcp2l1,0,1,20.22491302989792,2.1706854027632776,31.939557880294636,47.095568689649674,16.89140355692051,29.67286183357445,2.6980975107704275,12.383424370477629,2.0750443761706916,0.5288552715797545,0.6300563441353186,0.5726244876533506,0.28522943731090333,1.0,0.2921732725958747,0.0694615505460714,3.4229521335948854,6.320802007566444,0.0,1.0
5742,rbpj,thra,0,1,8.3333884428142,0.573326009447624,40.28509301558984,0.5675854544362005,20.25394453117291,1.2434031808662194,2.225153042744587,6.905014687491467,0.28522064499612976,0.5027652418063149,2.1906889458633656,0.5801177241820815,1.2032701838583668,1.0,0.17974630458562138,0.03125913936530178,0.8814960704689091,1.1977576290407987,0.0,1.0
5743,rbpj,trim28,0,1,46.85785569666031,3.8503567904678797,26.05382076860313,85.16094199820168,16.559814196757678,184.83516136538643,1.6256604738218599,16.743904860060137,3.6838021213904164,0.6356002194009692,2.1704217570689806,0.5701323976864668,0.23902491164112652,1.0,0.43018779784426253,0.14271842390537895,7.774788805107696,43.95777164660442,0.0,1.0
5744,rbpj,ubp1,0,1,12.534755212612096,0.549799204821773,32.0700263596646,3.8983394956457986,16.81513890456514,3.115175929701508,4.060357026508804,9.01226092608562,0.4818428783720426,0.524325696398991,0.7991032933845205,0.5710945282973172,0.6048149223399621,1.0,0.2569275030146318,0.0442976767899291,2.5504678272530583,1.4843415282157089,0.0,1.0
5745,rbpj,usf1,0,1,12.642093143370545,1.5595345315447484,17.456443871632555,30.00708802286278,10.925718273512654,10.309165959156887,2.504555561193719,7.332116815750686,1.4824864421937733,0.625884536040436,0.3435576938122821,0.5603697917184965,0.4324739114718213,1.0,0.2856635481826047,0.051552006656647054,2.8996913966937106,3.547881062449652,0.0,1.0
5746,rbpj,usf2,0,1,3.940783466116567,46.850682760166244,69.42246245937443,21.04524261610604,12.758899520155609,16.010251847371535,1.5314623044742264,3.7291001616102473,14.521990531150328,0.18378632892231433,0.7607539689335204,0.5616021277905918,0.6791063240777006,1.0,0.257371111065473,0.05600451812364645,2.47574191773713,2.111624573329962,0.0,1.0
5747,rbpj,zbtb7a,0,1,11.05770843516496,0.14240026199458056,38.94991775454932,4.735069769282218,20.06970081584807,3.4250811287254894,4.658427458368647,8.612623052122569,0.13824281264356592,0.5152694016537158,0.7233433287393128,0.5782694641965532,0.7415771968646941,1.0,0.207765069092485,0.044619084893931106,1.6051559181264539,2.812156048824093,0.0,1.0
5748,rela,relb,1,0,1.0140445830475742,5.994810848657535,0.7703139123189094,137.34705315077406,1.3339190362430418,97.33210260610295,1.7719246626105587,0.4377666551097064,5.744097232213112,1.731656425920554,0.7086581064047708,1.0457511105342303,0.677476906396149,1.0,0.13451893716134022,0.03407993609549454,0.2900503790370556,2.382555850157304,1.0,0.0
5749,rela,rest,0,1,0.747548957578894,10.277126902312075,25.15939104885159,21.674654603373632,2.495149372177113,105.84389072718707,3.2013956659659613,0.7259783111097016,6.971541661394225,0.09917367901839601,4.883302302344998,1.0654355186211144,0.29036411325281836,1.0,0.22938852234345586,0.06131065134204524,3.307073042123191,11.547152664648715,0.0,1.0
5750,rela,rfx7,1,0,1.7022773775521975,0.904752434472736,0.00010000000000021103,0.00010000000000010001,1.3090607495679976,1.7725673770805515,11.537237960908541,9.999412586200179e-05,9.998894847432736e-05,13090.60749565235,17725.673770787787,1.0409565236739051,0.887002062103747,1.0,0.11988252929480342,0.021321818586766305,0.48100484547970684,0.5061080422942895,1.0,0.0
5751,rela,setdb1,0,1,2.8065869871912543,1.7135296818933972,30.152379860316614,12.404097803631185,1.301919635976738,13.943075930123987,4.823313833361389,2.5675949534568328,1.5055496956145211,0.043178005915552535,1.1240701380186056,1.0421112642857844,0.44921612490869245,1.0,0.24468892614872823,0.039168045383127875,1.393311606523107,1.0768151534256052,0.0,1.0
5752,rela,sin3a,0,1,4.439501167110286,3.637903837216113,0.00010000000000042862,0.4819510881210947,1.3292802896956046,4.72935710505363,8.536882242342456,9.999774754584459e-05,0.42557122631756394,13292.802896899071,9.812939988352792,1.038481744155503,0.6057377514057516,1.0,0.1960727296847321,0.038743090902113,0.7335397716693688,0.9584994255990118,0.0,1.0
5753,rela,smarca5,0,1,0.9502794630559541,8.434657787146772,0.6212281388197503,52.06212255844579,1.3010478338129936,279.1348876887137,1.8633978895074819,0.3756522345092505,7.258670377901798,2.094315682938653,5.361573327621292,1.04466071655081,0.18117508560727733,1.0,0.2074324801682691,0.07970440992959468,2.288501322821555,15.443913769817664,0.0,1.0
5754,rela,smc3,0,1,1.1842851815306303,7.809315761921118,1.6429885547475565,29.976811422251593,1.4303468584436592,112.4105803580618,2.601801868563136,0.6882131623283704,6.195352722731056,0.8705762765726817,3.749917853992308,1.0510034602076126,0.25363507915215505,1.0,0.1936478438414503,0.049001661021589184,1.957505153332868,9.258006526273768,0.0,1.0
5755,rela,sp1,0,1,1.0947144067097598,7.3257905949714655,1.936136856784438,18.334704949305873,1.4783337622594561,5.999419866111803,3.119586147290846,0.6993140626901413,5.234357569106112,0.76354817433448,0.32721660275961695,1.0502217414818822,0.9715530613168538,1.0,0.06694819197772885,0.012095348595465474,0.03561076183706714,0.07203780479192126,0.0,-1.0
5756,rela,sp2,0,1,0.9467560276139673,6.5137435923418785,0.6324433701705812,31.662646880637535,1.3010232666587274,23.23620499153691,1.9323644542762395,0.37916020844074555,5.402353671474286,2.0571379636849043,0.7338680521288447,1.0446607165508102,0.5997897157544247,1.0,0.12928116818622543,0.030540201566850642,0.4223204886704424,0.18983904189158754,0.0,1.0
5757,rela,sp3,0,1,8.342203899045757,0.0001,29.331424340491377,32.480796029676505,1.1931838917588482,12.752638487659906,4.500993708091414,6.494960372333362,9.999969212671994e-05,0.04067937096773321,0.3926208728384702,1.0314120322047386,0.566610421107923,1.0,0.09669692941456058,0.025228569583218365,0.2751936634304647,1.2531844078243308,0.0,1.0
5758,rela,sp5,0,1,0.8332972219711885,7.4797675668079044,49.880003078780575,40.38517332159297,2.1363491753222505,300.0287070308593,6.3833918650405135,0.8196048719165302,6.310917844755306,0.04282977232275019,7.429179630892936,1.0627052613017696,0.9300905321803986,1.0,0.24062526177860058,0.07603784533735188,2.4274961288981545,21.970048188951434,0.0,1.0
5759,rela,spic,1,0,1.2237274984679447,0.8839464594716022,0.8343871832998,2.1553283794033105,1.3933739105588467,4.64828171373326,2.2739925021635523,0.4961154738453026,0.6268583760847022,1.6699368571894755,2.156646642874952,1.0520628941412673,1.8888221296847112,1.0,0.03334575299791176,0.014475207334811599,0.030994542398559186,0.2051502090216747,0.0,0.0
5760,rela,srebf1,1,0,3.2775985989185994,6.162331733849885,0.00010000000000587317,0.00010000000001308962,1.295989739690196,3.416955654636805,12.939680453048823,9.999694908471633e-05,9.999837727706031e-05,12959.897396140805,34169.556541895385,1.0427875432525953,0.534821084000825,1.0,0.16834778644831486,0.022619411986050348,0.447504324725065,0.5015276833355302,1.0,0.0
5761,rela,stat6,1,0,2.5083203420320883,0.6581577947294337,7.633966323691674,4.664861375901586,1.228875416123339,3.3092376299182877,4.613942405206635,1.887979866001677,0.5767807286551515,0.16097469703391,0.7093967780079437,1.0312457747254358,1.0251863945578232,1.0,0.11408949674923384,0.02029264533047899,0.28251478854542017,0.5843308045729986,0.0,0.0
5762,rela,tbp,0,1,0.6694786326775641,2.6523054568167934,14.6715183586208,4.684956425758745,2.9320694794234443,1.057379705237896,2.8926041528013244,0.640262693200746,1.6935385013989777,0.19984771908086782,0.22569680678868845,1.0785841797476148,1.0937744704691388,1.0,0.1665266694563433,0.031637997875934826,0.03501512552948681,0.04792311195590211,0.0,1.0
5763,rela,tbx3,1,0,1.326955902663782,3.212552300475955,15.334692067888327,12.083342539579617,1.3771974068395536,23.943087517836954,4.617564953040739,1.2212753618957666,2.537829285496345,0.08980926390582562,1.9814953883339916,1.044935693073631,0.34834158422573325,1.0,0.153235390821383,0.02974686380550052,1.375029187959294,3.099228094209641,1.0,0.0
5764,rela,tcf3,0,1,1.5896203248157859,3.513778927529109,19.318750003186416,7.844980467735493,1.3378911156603392,19.526929447348994,3.2451961067281623,1.4687647661363405,2.4268079017413053,0.06925350322560563,2.4890985423938954,1.047394705403089,0.41175495032018056,1.0,0.23288828961863922,0.036912019748212385,1.059862005598791,3.991056295012337,0.0,1.0
5765,rela,tead1,1,0,3.6557054608884485,4.311239335518737,9.999999999998899e-05,9.999999999998899e-05,1.3527914903786677,1.5527093427045247,12.875547305247064,9.999726462467787e-05,9.999768053514947e-05,13527.914903788167,15527.093427046957,1.045836506886089,1.0160812624369475,1.0,0.10703179160662737,0.019950054658458644,0.3047462514417697,0.2196309344417702,1.0,0.0
5766,rela,tead2,0,1,0.9917007070013791,6.679588478149686,0.6273555505489221,147.68217649116352,1.3037843981651114,140.20501585261025,1.6650730200910289,0.38426641453580024,6.3905473270181234,2.07822246415821,0.9493699184545762,1.0365589111310258,0.5477943490509815,1.0,0.1846459343817527,0.037269820344858116,0.7876589872387185,3.297556653774709,0.0,1.0
5767,rela,tfe3,1,0,1.1506476319222083,6.829524941670771,2.345626458926193,61.40239047628104,1.4981621139819734,25.147429086276222,2.668049215547711,0.7719616540940489,6.145938519639424,0.6387044741419821,0.4095513039673977,1.0553323855496044,0.9124336058542392,1.0,0.09410103089704337,0.014268883433079225,0.09090418193399838,0.3797164658822251,0.0,0.0
5768,rela,tgif1,1,0,0.7020408867931566,6.92517047350664,0.28635037287749504,66.60047815167175,1.21883599956027,138.13822734316125,1.5351393322191456,0.20339078046426076,6.272908480802433,4.256449842590937,2.0741326665639535,1.0392561983471074,0.32838581370685727,1.0,0.20697454568598314,0.04208199465593813,1.3049883788535102,4.9455402650868345,1.0,0.0
5769,rela,thap1,0,1,1.2610860367896506,8.327324165517673,1.545237396898385,88.33785135162263,1.4078842248132077,31.001191619949747,2.193348789481604,0.6943879958244203,7.609957984919173,0.911111928587236,0.35093893665753395,1.051892002943788,1.0218877178336636,1.0,0.1579067868126418,0.025161375708194492,0.09996853912778465,0.5347703780282951,0.0,1.0
5770,rela,topors,1,0,1.0607098327857563,7.692941216252439,1.0589229717063402,30.857337748864047,1.3821006217793779,43.26849421661525,2.3166140837361837,0.5299078245398123,6.157768290259665,1.3051946729914374,1.4022108637096569,1.0501209352324643,0.29218010973936903,1.0,0.12355245814460411,0.03365520904162783,1.2431141022028331,1.8412703301785385,1.0,0.0
5771,rela,trp53,1,0,1.011208785489649,6.817074554237841,0.6483532359183071,149.13630228790026,1.290995444568986,1161.7189087226955,1.6736125765588667,0.3950563340230052,6.519084818978192,1.9911914879864225,7.789645384126894,1.048006106139746,0.2794889991304511,1.0,0.2445315704350974,0.09039885088945378,3.075271099533159,22.282963651577298,1.0,0.0
5772,rela,usf2,1,0,1.1320526513856104,8.10794380553714,1.0679644167933624,106.55539632387482,1.3713424688287768,58.325103124450564,1.9652002484370712,0.5495375318233944,7.534624096905299,1.2840713110520368,0.5473688347718363,1.045418329994021,0.7212711969045548,1.0,0.1989443918823337,0.041726509979219936,1.046276122006752,2.2381845265809823,1.0,0.0
5773,rela,xbp1,0,1,0.1518035768754317,13.760732285402792,10.098604372168005,58.38141719526065,1.8033088721227144,41.74705660058865,5.321417381039428,0.14955543942892885,11.135945605304203,0.17857010787477492,0.7150743953501978,1.0693861546782044,0.7014956579030167,1.0,0.18703725709786967,0.03629721980193608,0.8684957918542391,1.1152914433771892,0.0,1.0
5774,rela,ybx1,1,0,0.5045429677556629,6.833590056149906,0.16957388474461738,31.571794844785142,1.186797672073259,1512.8501091402275,1.596561606386473,0.12691762673722864,5.617668039589829,6.9987054543251555,47.917773334641815,1.0363914087991684,0.28303944659556646,1.0,0.28569440873409085,0.19482660565565935,4.96000324382012,101.54706603541163,1.0,0.0
5775,rela,zbtb7a,0,1,3.3237395781817796,2.6243043309910634,0.0001000000000024636,0.43726487583386264,1.443297029206931,3.5252532074982343,6.930558643212263,9.999699143367884e-05,0.37481305497945433,14432.970291713738,8.062054380141072,1.0493192636911521,0.7495031564513356,1.0,0.14330600828787277,0.02433252694441101,0.8225451763724789,0.324678662900547,0.0,1.0
5776,rela,zfp148,1,0,1.2877574772165314,3.8578787190842814,9.835905828464663,3.7070344194146045,1.3451518167350502,3.506138971040738,2.217620182444018,1.1386771540751315,1.8904763261314033,0.136759322445142,0.9458069643697588,1.0439341841345415,0.8309567320612739,1.0,0.10764467243687179,0.022906384325273102,0.5363090550128846,0.6855828501212125,1.0,0.0
5777,rela,zfp219,1,0,2.7097778039901943,0.43394326799882865,26.577493986971213,15.532769873327013,1.282392307706379,11.63062693785901,6.72243459346625,2.459058112534875,0.4221495595395642,0.04825106190730517,0.7487799685895822,1.0391076907600223,0.5365299252409957,1.0,0.16590399480021667,0.0277457517148457,0.7881892968484971,1.0590867031182198,1.0,0.0
5778,rela,zfp57,1,0,0.6726298765630769,6.0035134443018,13.327309645682963,5.585731104967719,1.5373919532307376,25.175201991433312,2.027838395544276,0.6403132404714464,2.8935459634460927,0.11535651186199729,4.507055838947121,1.0561404913829175,0.3279260197397154,1.0,0.20534238008891964,0.04098508499901083,1.148827546018787,3.233902058501374,1.0,0.0
5779,rela,zfx,0,1,6.174841311373175,3.4200469798490745,2.140397960970153,0.8294070235736826,1.2680998677390223,2.756210936311251,4.827023659767889,1.5894452726256687,0.667523635684493,0.5924598559999775,3.3231101955653934,1.0390346876112497,0.7930985448167988,1.0,0.09452492168909848,0.016220795892169005,0.07086603560793124,0.5136731278906387,0.0,1.0
5780,relb,rest,0,1,2.548264782778637,32.250766461426515,64.13885582022415,26.721081157615725,14.811924912795378,133.11622593409865,1.888283988079646,2.450889857239305,14.613334714865177,0.2309352844446113,4.981693111476496,0.6392555821487383,0.2925316793055971,1.0,0.3282984446096197,0.09467170136620354,6.765874890304618,19.68229766144305,0.0,1.0
5781,relb,setdb1,0,1,18.646232641095047,4.000409742167385,81.41077059497715,100.0305512197261,54.32177498435116,14.750235723585833,5.580669985551652,15.171393494798357,3.8465778640682324,0.6672553838681228,0.1474573072299243,0.650983850495272,0.4516381419556838,1.0,0.3116496036982949,0.05660618998082038,5.265337406268067,5.06289957235954,0.0,1.0
5782,relb,sin3a,0,1,10.417729475011312,2.299309968511377,13.303617889922885,16.491210339223056,12.92124794500863,5.012654114166894,2.594493293605759,5.8425640872748925,2.0179539312802173,0.9712581984781833,0.3039591401150641,0.6379166030258977,0.6140771626745215,1.0,0.3104769539023635,0.05784426458175377,4.351975510708314,2.3336133749694374,0.0,1.0
5783,relb,smad1,0,1,10.277061472508588,0.00010000000612331306,94.4310771822707,4.128240123126315,64.70422164476842,2.082313262524281,4.698237983738352,9.268372044288107,9.99975838419781e-05,0.6852005036422114,0.5044070113216539,0.6604614101505952,0.9518658734451054,1.0,0.21021695290676656,0.03521457918152064,3.8373125742328615,0.8838205243199095,0.0,1.0
5784,relb,smad4,0,1,1.8674990455140579,12.666862655815427,48.60819640302517,44.53391680865528,8.727200533550837,13.080657001897434,4.689274892665901,1.7984053430102156,9.86184127248005,0.1795417476754536,0.29372347952460304,0.6328149734175404,0.9693805212956895,1.0,0.16410465712678854,0.02264341617199226,1.2007872058282816,1.7520134526102225,0.0,1.0
5785,relb,smc3,0,1,1.5321012714278364,10.363948358599869,25.563113076165603,15.23564560260062,5.978951583599675,71.48931544900314,2.618102849408614,1.4454684706757257,6.168122997364809,0.23388980699593653,4.692240638414456,0.6142046412316682,0.2472470130466345,1.0,0.3802783925197908,0.0900134412827415,5.686813003874948,16.95152547343188,0.0,1.0
5786,relb,sp1,0,1,11.130289564268978,0.7119371769384285,10.999184716748303,21.13136462724373,12.542607528245865,2.5804184233734397,2.055206082102128,5.532174389398223,0.6887330593351999,1.1403215648472032,0.12211319377105541,0.6443134575509698,0.9531384951480975,1.0,0.20214416319513137,0.03261315610636373,0.943337556126202,1.099996424428961,0.0,1.0
5787,relb,sp2,0,1,13.208664766490006,1.326171994862972,5.031461830834401,18.94063558693644,9.267817495697791,7.655422668465273,1.474829180447312,3.6435543500356142,1.239393050874859,1.8419731297376944,0.40417981927413776,0.6332353925514904,0.5800903459645179,1.0,0.2229607002880073,0.029912910098851938,1.8609280494191438,1.6737075387627722,0.0,1.0
5788,relb,sp3,0,1,10.51508450057474,0.3297296713674275,126.53588456200357,84.26945505800892,89.46483652223537,5.907232878744339,13.00549824855473,9.708326235306718,0.3284445330232713,0.7070313439694406,0.07009933640460772,0.6722474999999999,0.5475282925500834,1.0,0.2058734984793663,0.04134617610424524,3.741345520189659,1.5058110702014675,0.0,1.0
5789,relb,sp5,0,1,1.6187386783936741,16.767958155248046,26.330939237021624,10.9884668017259,9.306114673019042,99.29494481098814,1.7468883670391584,1.5249875118558125,6.638252289597455,0.3534288917401978,9.03628746417948,0.6291331310907676,0.8907006474420158,1.0,0.26742068163762356,0.10694885572163772,5.444270780606771,17.94690025926529,0.0,1.0
5790,relb,srebf1,0,1,2.4221091999470117,1.5871769456929439,12.024003103888987,21.91805213355567,11.073796041876621,3.0231365223522917,4.866113990149872,2.016005962406062,1.4800037440004243,0.9209741503056469,0.13792906887578707,0.635102413711574,0.5217737932780444,1.0,0.24084880151761617,0.03728950575340034,1.7221009136494734,1.9764527357451487,0.0,1.0
5791,relb,srebf2,0,1,3.3971401755897133,1.6613487028320555,7.173656008518953,15.714299765248448,8.1190541421004,2.493476890922505,3.2652726737274964,2.3054001428043955,1.502501134209101,1.1317874919648718,0.15867566026942737,0.629223941860331,0.6595898377716557,1.0,0.23499131351718863,0.032789907132375395,1.2857814634312101,1.1060750299236712,0.0,1.0
5792,relb,taf1,0,1,1.1946694244714569,9.605274275338829,16.538261243217775,6.353531018304578,5.727292299292845,12.370631611444363,1.7814813571595123,1.1141844183259417,3.824058688904254,0.3463055889047325,1.9470482753298075,0.6116152079695467,0.4705155450892399,1.0,0.24774801025418008,0.050940410817916115,1.9382339317810535,3.0607172775010283,0.0,1.0
5793,relb,tbp,0,1,6.944627362887424,0.03105545388660578,57.54181232172923,0.0053320545647677275,40.25962193548658,1.0582367648030506,1.3131042698964714,6.196751538989681,0.004550720335202273,0.6996585667199003,198.46697965086355,0.6522219336227525,1.1021417771318684,1.0,0.20248167723636853,0.03389362398412761,1.5670578058427407,0.6032820932378486,0.0,1.0
5794,relb,tcf3,0,1,1.8014129619821933,14.29855022402494,17.60442826870249,0.9089811964528469,6.963464586215164,16.919943377885524,1.1696801910567114,1.6341907003434504,0.8546497739057095,0.39555187364959493,18.61418414804716,0.6203369032442788,0.40102826620222376,1.0,0.310549029170812,0.060050787014895524,3.5427928430691003,5.516319824825672,0.0,1.0
5795,relb,tead2,0,1,1.6699317999565197,13.967498884550595,39.84916975784527,27.46878805037332,8.823215291151884,30.531239411664384,3.090942003629472,1.6027657941453461,9.25928201665617,0.22141528530628476,1.1114884047914682,0.630750322688376,0.5283276432394054,1.0,0.25586613861422997,0.05872471105250027,2.825985086444917,3.5998003434348798,0.0,1.0
5796,relb,tfap2a,0,1,9.797580557415122,0.00010000000076781923,116.20147335499395,3.2896326239772202,82.43867268535215,1.9619050730012855,6.040486770784355,9.035728926007078,9.999696100705549e-05,0.7094460191008345,0.5963903259900523,0.668908015061861,1.1446431861290485,1.0,0.2160507391394844,0.035350195951230845,3.4204247761264917,0.2940516702203459,0.0,1.0
5797,relb,tfap2c,0,1,5.02341912461565,2.33692510855069,15.962201820354666,19.610848425145544,14.277948868418108,5.678505309550817,4.675375500824881,3.820941496351696,2.088097182811886,0.8944849231395612,0.2895593901113268,0.6381277030762227,1.0836508564644693,1.0,0.16391809825578527,0.043435426948239146,1.021267109185373,2.7819806334903148,0.0,1.0
5798,relb,tfe3,0,1,2.874581799142589,41.407102815386565,66.02920046321664,18.47466287535472,16.031229919081564,11.620857228262832,1.49223838007768,2.754657750728256,12.774878234388753,0.24279000512829466,0.6290159288246123,0.6454341262403324,0.90751467201261,1.0,0.2107081574905511,0.03408472053396474,1.5035240138401091,0.930899964983687,0.0,1.0
5799,relb,tfeb,0,1,9.374312511869912,3.136040699349065,11.617783060401639,25.20790651974994,12.195429262570478,6.763631586697819,2.517908363634197,5.188082758501294,2.7890618120419783,1.0497208631944337,0.2683138951423291,0.639757972076592,0.8905039206550381,1.0,0.23111486708882698,0.04518755145674113,1.9069223972897598,1.7590078857142568,0.0,1.0
5800,relb,thap1,0,1,6.593537145014013,16.825865107903855,167.08613191276777,123.05401468402638,10.45904061801909,47.758199251405365,8.602782454094061,6.343221536292903,14.801916152196295,0.06259670086491403,0.3881076076553628,0.6378597829828384,1.0385475258098966,1.0,0.2471367249301338,0.036350540829500615,2.1272847227429033,1.993301412844413,0.0,1.0
5801,relb,trp53,1,0,0.7051625697487115,6.560541951611837,243.743001209536,269.49972802827716,6.600988278443123,2090.1595173905785,37.26013224716752,0.7031283787689683,6.404631393739839,0.02708175515065772,7.75570176891336,0.6138779303360429,0.28012002238712597,1.0,0.4423297325153326,0.15359629129318128,8.172318087627502,53.378134390825494,1.0,0.0
5802,relb,usf1,0,1,14.378639229650489,1.4989072238893277,0.6234435389495441,17.105238005893895,7.3433684269480235,11.305943445289273,1.128661592359423,0.5975350132965954,1.378142585789704,11.778722479538487,0.6609638194682601,0.6235400587391572,0.4354150483763138,1.0,0.2786524633048298,0.053983846069574314,2.644347417545516,3.362676258430124,0.0,1.0
5803,relb,usf2,0,1,4.120599776553778,15.677399725316016,95.78347283384454,72.54654853041994,9.09564303065201,37.661334611333466,5.869553583925536,3.950643316572909,12.89152506195488,0.09496046407118908,0.5191333753878237,0.6311030178518622,0.6960727066045885,1.0,0.28248443652112987,0.05213808570752916,2.0495191837987967,3.0157580764113536,0.0,1.0
5804,relb,vezf1,0,1,5.802309675688566,0.49493396799579636,22.9143143442567,0.49195329220940776,19.263827828770392,1.3457888426220483,2.294727725560289,4.629929609382523,0.24671956443248624,0.8406896902677223,2.735602879244869,0.6500074841077262,1.1238893777064678,1.0,0.15435517446856908,0.030621147571418206,0.9395924595646349,0.2097644376068523,0.0,1.0
5805,relb,xbp1,0,1,2.116932199824343,16.160939702566388,54.04011187169518,41.53647713495635,11.080887217191966,30.231980886060665,3.7100328962948868,2.0371309564941957,11.63429039337003,0.20504930196112064,0.72784171820431,0.6400180370532609,0.6961478491178608,1.0,0.1988986709185123,0.03949512684392502,2.117429652200538,2.49158950982632,0.0,1.0
5806,relb,yy1,0,1,0.735578114585585,6.994720440911394,116.37188500834189,139.21975805914943,6.43289881505442,186.9312692243936,19.97218605802158,0.7309577842647982,6.66010163606791,0.05527880565476181,1.3427064651626048,0.6168763102725366,0.469095663654309,1.0,0.3017259793173656,0.06654139831133415,1.6826882786947008,9.181547474620317,0.0,1.0
5807,relb,zbtb7a,0,1,7.400417123686106,0.00010000000076326732,61.50111240292761,2.2320793812820674,44.01786672022642,3.189210332357862,4.376129243405543,6.6055701300008245,9.999552083650312e-05,0.7157247243243532,1.428806860142239,0.6572249452106336,0.7322954567956239,1.0,0.19900535853884826,0.03886409031461459,2.360937534877315,1.491654499396573,0.0,1.0
5808,relb,zfp148,0,1,12.307457369743956,0.39106461084361843,0.0001,12.852887942687104,6.036121968271858,3.7004842112273626,1.030434580122736,9.999918749109188e-05,0.3795173382876246,60361.219682718576,0.2879107191884314,0.6143733424844015,0.8294675787671864,1.0,0.1902035920853901,0.03714180738750499,0.7447703633494203,1.589476116509095,0.0,1.0
5809,relb,zfp281,0,1,7.182738477091785,0.491904049384533,7.217019377917857,4.104544230087565,9.548843182002804,3.6325394431252342,2.2450327118010183,3.599919060975967,0.43926131762976794,1.3231006710636946,0.8850043365345193,0.6357668540707108,0.5647644938558853,1.0,0.16907534611535105,0.03462194535761254,1.8645364087128589,1.17573278964913,0.0,1.0
5810,relb,zic3,0,1,5.311585056161423,1.3539106158759007,14.719583845000153,16.393259233837885,13.59133742519629,3.974929564609889,4.082685737768626,3.9031332604601086,1.2506223749166796,0.9233506577574135,0.24247341592726732,0.6423331176925628,0.973228422375648,1.0,0.15682212372289617,0.028664719712735556,2.859619763234857,0.691948090879851,0.0,1.0
5811,rest,rfx7,1,0,6.146957580594083,0.3593378120416811,81.35480537185757,0.18390887410799578,314.8935612016033,1.6149228481280766,1.5995596701827708,5.715136709531686,0.12164899321412175,3.8706203003287127,8.781103445719289,0.2967350750372575,0.8674077427616764,1.0,0.2703408609151917,0.07060236991462349,16.122501501044788,3.5944376942119383,1.0,0.0
5812,rest,rxrb,1,0,21.706898425761846,1.7853435402611648,58.4550465505817,23.916233649044617,236.32108360052206,2.0561124110294338,3.9686013110738108,15.828929279611584,1.661325798732114,4.042783259030188,0.08597141344249952,0.29659923700075524,1.113962293888041,1.0,0.36013315865108436,0.07610670271578937,26.741202528468,2.4717508465026796,1.0,0.0
5813,rest,smad1,0,1,8.592825255967439,1.4596772397627897,20.624777467577953,27.357250775365458,100.46586818527881,3.267009327580066,3.581655845057119,6.065696436459956,1.38573953053983,4.871124953624864,0.11942023540325657,0.284805604019398,0.9856083109328297,1.0,0.28958204073796723,0.07028860645890403,11.097435175834468,4.0719363858422195,0.0,1.0
5814,rest,smad2,1,0,0.00010000000026044731,0.00010000000002552412,24.291765845605845,5.711214212495173,94.64209883442881,1.7825270717116257,24.370354687117988,9.999958860001267e-05,9.999824911502731e-05,3.896056772321831,0.31211000067406985,0.28150961588126927,0.7493142670956409,1.0,0.2961184237274371,0.07711225374945918,9.148914030450975,4.360048245452308,1.0,0.0
5815,rest,smad4,1,0,5.2154648485079615,81.44925592721528,147.88941601879233,41.462923523933135,134.2827528707575,14.582944189094503,1.560163840449306,5.037801841084978,27.47591235198646,0.907994341215697,0.3517104668385713,0.2859021122977063,0.9833537821633993,1.0,0.33021870099693784,0.08051113240424039,17.606379304860724,5.129016992595668,1.0,0.0
5816,rest,smarcb1,1,0,26.464596951982344,2.591156438990874,8.0923855166812,38.88217606489444,71.98841086364277,44.59286274669212,1.3898431687886728,6.197350167168975,2.4292670684973197,8.895820733608133,1.1468715812681505,0.27550735801493625,0.29897361068991934,1.0,0.6070677666126935,0.22097604656594247,41.8259133632516,30.015287248575945,1.0,0.0
5817,rest,sox2,1,0,5.611295526777967,11.821117374967233,285.8683740461019,283.00541566583246,64.84761265919246,1391.1742199155433,22.738716129868827,5.503272083719391,11.3471477679868,0.22684430509523418,4.915715894137573,0.2712117909100573,0.36952717651775335,1.0,0.5665270997230383,0.25835762566800136,58.68789831113018,64.55704770796292,1.0,0.0
5818,rest,sp1,0,1,22.02916265281023,2.1383807579569734,30.84199988316633,47.566663880069946,145.71845212265845,5.412907871830779,2.5079486812655682,12.850548377897056,2.046384617539019,4.724675853532834,0.1137962478402599,0.29785003888716577,0.9686351261495224,1.0,0.2088483182300042,0.0618680118164559,14.52306230485626,3.167760636858653,0.0,1.0
5819,rest,sp2,0,1,15.710684820076452,1.6675233890846475,26.36032298260585,38.89629334470873,124.4371288265719,9.772274806385713,2.792662122897912,9.843803316466646,1.5989737683378447,4.7206223121273245,0.251239230426955,0.29136634499910435,0.5852733387333646,1.0,0.3176211648187205,0.09626650969583693,23.105534180443684,8.666753667085954,0.0,1.0
5820,rest,srebf1,1,0,7.93260697018988,1.0997310379634002,14.948693430936718,1.3635051063203667,81.81167340682437,3.135720196056784,2.8847170891890457,5.1824899645844305,0.6087475166852501,5.472831039367825,2.2997495070033285,0.28550191189042434,0.5239875787384165,1.0,0.33863109708468636,0.08582404987381295,17.926532847652105,4.877918196023497,1.0,0.0
5821,rest,stat3,0,1,9.726712117026864,3.7925558660848506,40.621646866210426,2.557990876943509,175.80600319093236,2.688344611814113,1.9652730841000619,7.847625479088658,1.5276359183394352,4.327889604524377,1.050959421335529,0.2989801626265661,0.49254431283473193,1.0,0.24132686638129047,0.07242702578592258,14.605576294160159,3.730655692251566,0.0,1.0
5822,rest,taf1,0,1,2.218590368355123,29.59894035104744,53.334928984850706,21.267064259288546,84.17560280519972,26.760694159051077,1.7778439999410018,2.1299885429466654,12.375309821850319,1.5782453339182099,1.2583163257882737,0.28099078867466504,0.489314612472818,1.0,0.3543142581022717,0.1153547507993834,17.263433633871315,10.470207913726103,0.0,1.0
5823,rest,tbp,0,1,1.1147782031789115,16.500116514586402,27.650887174035304,30.584110580804207,85.00962088416392,1.103724815220688,2.934514497028113,1.0715763364399906,10.717843728344155,3.074390356776311,0.03608817762754982,0.2872493811505149,1.1062743264885844,1.0,0.300225511038603,0.07057351101626676,12.845191115221674,2.559273442711665,0.0,1.0
5824,rest,tbx3,1,0,10.54399708789064,0.881392494048535,24.533329482917626,27.287569863651836,115.00252986854208,17.22700385092736,3.434212769891627,7.37454589368338,0.8538141715423553,4.687603855343706,0.631313229320374,0.2893612211159564,0.3375956722233264,1.0,0.3673901608911547,0.13874420692694825,34.51683012420371,14.554702240976965,1.0,0.0
5825,rest,tcf4,1,0,20.95346244105149,2.4214188993809995,34.12271646108676,56.757344569614084,153.9681018413412,15.229156426304836,2.740638926642439,12.981820307913054,2.322341643578732,4.51218770981862,0.2683204533578197,0.29421002895900017,0.5395534777698768,1.0,0.362301732825414,0.10602472074252019,25.943515559790402,9.035829404653391,1.0,0.0
5826,rest,tcf7,1,0,9.997463530978292,1.197468741077761,30.411958844760925,34.434436006128855,137.30061003274037,6.116263567387967,4.182528211099411,7.524048392204917,1.1572258352878093,4.514691432196028,0.17762055305042185,0.29446533746615483,0.5971287949958386,1.0,0.35267604710631756,0.10139976285948572,25.639948983448093,4.7809422437971945,1.0,0.0
5827,rest,tcf7l1,1,0,2.2091224454316505,2.8915481906308,15.451640489547538,19.27512179357884,77.13029462333833,3.030907354818101,6.962681938863804,1.9327911228904215,2.5143579791693482,4.991722055371021,0.15724452417352783,0.2838438130991535,1.0150627194552797,1.0,0.3461386729282839,0.08466809048030252,18.27913621875977,4.415095940582187,1.0,0.0
5828,rest,tead2,0,1,31.06260201491532,2.8884507908690598,10.523224184492147,46.17665956520558,83.68805623352293,17.287029102013264,1.4110066321513628,7.86033979917102,2.7184084143060736,7.95270107015797,0.37436725100485946,0.28786102992378354,0.5188209153913598,1.0,0.4257824184195818,0.12849290636823174,23.630631952722005,9.434820019250225,0.0,1.0
5829,rest,tead4,1,0,12.319685783311414,0.34636786724041985,24.62090267887819,4.295187688152675,116.10158463199065,3.4182183314584886,3.240303006993607,8.211070730931462,0.32052077825808906,4.715569780128006,0.7958251372546276,0.28488542458524757,0.7023068567505454,1.0,0.47516818499530816,0.10847793806011091,28.893574878232748,6.619958603231849,1.0,0.0
5830,rest,tfap4,1,0,8.401968650020375,0.14852743657520207,67.51241197984285,2.39859464320513,275.36870215640937,3.74627672779203,3.9167966317130265,7.472064768697588,0.13986652487775283,4.0787863161906595,1.561863209527582,0.3036832412571696,0.6102074527057034,1.0,0.3538310208277097,0.1091033225337585,22.81150546864213,6.475919370983873,1.0,0.0
5831,rest,tfcp2l1,1,0,42.147604400863855,3.3226394881795573,16.12488797221614,59.475678114661136,104.10931619034228,41.690420145897384,1.4598199860475363,11.662885378405035,3.146839664397165,6.45643655755792,0.7009658648283731,0.286836054923741,0.289356810681178,1.0,0.5243308637821217,0.18036461132152334,44.2633567549956,20.057676272734298,1.0,0.0
5832,rest,tfdp2,1,0,23.37795368783349,2.5942475134451457,10.655724917031517,39.098453786906845,77.65459403263765,10.384263726000778,1.5471159025111838,7.319486280423616,2.4328254910980474,7.2875937242447835,0.2655926953683837,0.28214225941422594,0.6283821358896435,1.0,0.4171309853601082,0.11583878070460193,27.6727209813983,7.0797844595991535,1.0,0.0
5833,rest,tfe3,1,0,4.428306480189709,68.89514646886593,118.51188813711593,34.82550836011927,127.34519439159475,17.148318142881937,1.5578138487075535,4.268798856637194,23.132407940145733,1.0745351913072116,0.4924068290850703,0.2924856974342976,0.9014390770154512,1.0,0.328870618757104,0.08360581503112914,13.42681373219753,4.306954074376204,1.0,0.0
5834,rest,tfeb,1,0,4.731904039220103,4.529943512033697,41.10353350232436,55.15979153335834,168.78735322749938,5.476082976461421,9.260255773579946,4.243397393764984,4.186159305140985,4.106395213393385,0.0992767163224269,0.29186811903169935,0.8716245276769368,1.0,0.41982923213637496,0.10795964265817486,31.813658290216388,6.770266696574049,1.0,0.0
5835,rest,tgif1,1,0,4.39837705698226,72.80325392110825,122.8449979239403,34.738816602443606,132.97653292835238,91.20449893042925,1.5250529327587543,4.246339901898246,23.517297683724962,1.0824741355011056,2.6254348262402734,0.29348809214721605,0.323821948555654,1.0,0.5185827812515202,0.19283474892341038,43.66948144571185,26.296061602772063,1.0,0.0
5836,rest,thap1,0,1,10.321290630814099,50.2436280470155,291.1791575203973,140.48704574219258,102.17029117416611,53.19327041243373,3.9306758278399356,9.967961005803714,37.008094877784494,0.35088463076897597,0.37863469995695237,0.28854815252548977,1.0485985665171027,1.0,0.40291286442907703,0.09664625803566686,31.389021249976444,6.311866845952761,0.0,1.0
5837,rest,usf1,1,0,12.769720595801614,1.5365785497845748,18.545800400195656,33.04067141549633,94.19029947737963,10.77885598840898,2.5663733309919348,7.562533906629721,1.4682945294524539,5.078793982727536,0.32622993197873135,0.2808315503797059,0.4355389192231392,1.0,0.5136575706908746,0.13724340815918884,33.00841023462489,12.30375372788696,1.0,0.0
5838,rest,usf2,1,0,7.279660721502797,77.73371818076612,219.31641774660557,75.61159412781956,125.4513025107352,42.76312876551326,2.0381789352501025,7.045793213386813,38.3289861336134,0.5720105398387434,0.5655631157997176,0.28754629726498254,0.7028532866163351,1.0,0.4702912321703173,0.11650500677911922,22.506843690560988,8.305219609719217,1.0,0.0
5839,rest,vezf1,1,0,4.598269482749605,0.45254200181896004,41.14064069711176,0.34139389057063835,171.728534567903,1.2878135900984689,1.8845729305677903,4.135991694476111,0.19459389118005288,4.174182308734901,3.7722221330495818,0.293679059955818,1.1289252058482828,1.0,0.0725343334609482,0.053077482866154754,11.378380350646326,1.7147145116855622,-1.0,0.0
5840,rest,zfhx3,1,0,9.690669351477034,0.10726818202401722,38.61509229420072,5.483714864851485,167.73288686252826,1.8624221612984178,5.082278618630903,7.746614040467173,0.10521014271710714,4.343713219292724,0.33962782660999236,0.2973084295350294,1.1446493261424124,1.0,0.23847723447913471,0.05803649586903,15.481765284300096,2.0846931216652473,1.0,0.0
5841,rest,zfp110,1,0,8.738918555745325,1.3509888945489223,82.21875488653106,0.24173874869441714,321.29050468859015,1.7046733075914458,1.297663496712289,7.899311575555631,0.20504846905480248,3.9077520102560372,7.051717264187256,0.3000961290840865,0.6404531432092774,1.0,0.24337575618020957,0.06076974379107643,13.766761752111815,2.994817900380011,1.0,0.0
5842,rest,zfp148,1,0,10.583030519706261,0.6670775145958103,22.50080640810045,17.209588401115727,107.14454765017531,2.634297797515133,3.2472959406723523,7.197675452655419,0.6421851542095133,4.761809230606176,0.15307151665198146,0.2828535128480275,0.8200563715621223,1.0,0.28202508891734396,0.07602655746140893,16.358363942522146,4.79815845469486,1.0,0.0
5843,rest,zfp219,1,0,25.558282325911822,2.6441008712377836,23.931316596053115,51.18652985083609,118.99578188835672,11.555858638985582,2.0363670045670315,12.359028145634039,2.514225569323226,4.9723875997688385,0.22575975891823083,0.2848330991401101,0.5392014577093387,1.0,0.40784391773555084,0.11428318723708548,27.71717386795759,7.4766864874243355,1.0,0.0
5844,rest,zfp281,1,0,7.332469694792619,0.8510592590535236,52.07505709973458,1.8218872882268635,216.40705675766617,3.3630483737174304,2.7663786707278604,6.4274478107641935,0.5800841947905739,4.155675841952541,1.8459146158215358,0.29951131315884244,0.5520592402177549,1.0,0.3018915914294809,0.08809902001410165,17.237319276088897,5.0772135317124185,1.0,0.0
5845,rest,zfp410,1,0,0.0001,0.5318931766917823,25.606429451344614,7.142916326307693,90.36742259530712,1.5134419508389754,14.429231291504294,9.999960947460611e-05,0.4950309781837009,3.529091112332409,0.21188011754595223,0.28726511212162875,0.8351236092497216,1.0,0.2767187027387438,0.07081066384044916,17.286547331244485,3.1371478949333484,1.0,0.0
5846,rest,zfp42,1,0,6.435859983656432,22.26856128469607,164.6430747208905,127.42146370501153,70.94042958283869,1364.5134046900214,6.9847967143249745,6.193747804265305,18.955789964600687,0.43087405712690763,10.708662143835934,0.27547339461043713,0.25212258665996695,1.0,0.6474787993200154,0.35462535980037596,67.89325804190386,175.3169438790853,1.0,0.0
5847,rest,zfp57,1,0,15.18150295411963,1.8519875981050817,24.47995461279799,40.29362065930605,118.41552888587468,27.852864945614765,2.7325614365446516,9.370369272078928,1.770606448197679,4.8372446256075845,0.691247509900354,0.2921532584507884,0.3336852789934976,1.0,0.5176992898477615,0.17477564075324928,46.03341762990035,24.923424590594326,1.0,0.0
5848,rest,zic3,1,0,2.93573219092669,0.3825353404474323,137.0776861572544,99.54752488268629,519.775671426196,3.2649566841789293,35.93741442266543,2.87417720856485,0.38107098341247725,3.7918328357973135,0.03279796949272803,0.29944041204127625,0.9511484081705457,1.0,0.2903796172628015,0.08789167516828278,20.52097297123557,4.370337598970963,1.0,0.0
5849,hsf1,irf3,1,0,2.5927619756785303,7.367273274659816,2.7991740942629404,4.909432968282243,3.400791927945305,1.597754824087433,3.2007089954478634,1.3460085692351547,2.946159465349543,1.2149269082317578,0.32544589862207046,0.7988242858554215,0.9081707337117576,1.0,0.19735078781683835,0.029298908273975206,0.6224317610884011,0.4201871679619546,1.0,0.0
5850,hsf1,klf16,1,0,7.954866483075845,0.0001,0.0001,7.924153647946193,3.9463798584099243,2.2043935134922896,1.0000209295270235,9.999874292367902e-05,9.999873805150058e-05,39463.79858409924,0.2781866192187769,0.809591541503769,0.9843925017760555,1.0,0.1406027847307697,0.024541244174472447,0.8307694759816804,0.8487406798694122,1.0,0.0
5851,hsf1,klf2,0,1,2.9609920223682016,6.677769629007613,183.74888647671776,161.41498883110134,5.4834136210073625,3317.0397346260315,21.6289443585042,2.914034283297256,6.412483916365335,0.02984188762255247,20.549762811041415,0.8253109789075176,0.34055735281512556,1.0,0.3938520974361386,0.18669891740444963,14.320044849929522,126.62155489148566,0.0,1.0
5852,hsf1,klf3,0,1,1.3326376488162577,7.69563455338764,13.636937288262754,3.905407798804137,3.5276178185388103,18.48153728764053,1.6547990718581749,1.2140021424303258,2.590680241406798,0.25868109121356847,4.732293844781,0.7988899035009902,0.41189488476120206,1.0,0.29541436549781147,0.06032139773973633,2.8353448277688105,4.701240712268329,0.0,1.0
5853,hsf1,klf4,0,1,0.779268361010862,4.529995661550635,21.56788040142883,23.76978962070935,3.4955095728824985,127.42744645974052,6.3177479501602685,0.7520944613367697,3.8048714074619903,0.1620701481936504,5.360899212533197,0.8005104165781265,0.32561249132100245,1.0,0.2633223020390263,0.08391829574758933,3.934174582068777,19.36395657918387,0.0,1.0
5854,hsf1,klf5,0,1,1.7687470595835466,7.586184986950328,28.54854742530022,23.792731380882344,4.017788231958392,57.678435903722296,4.392592795481652,1.6655562500492296,5.7521445127156365,0.14073529458797468,2.4242040554481017,0.8140194872765112,0.29239274289666833,1.0,0.30091324962439736,0.06803592581854041,3.4219315306354234,8.574062631095723,0.0,1.0
5855,hsf1,klf6,0,1,0.972349903903443,6.427443878000443,12.939693547050565,6.434425377299325,3.9348937724336217,20.89696258806414,2.151457604973986,0.9043897700126736,3.2154663664250833,0.30409481941174177,3.2476812400045385,0.8060191171730101,0.6502710609710877,1.0,0.24747091956916306,0.051054828829898466,2.2868307385010684,2.6416185677667468,0.0,1.0
5856,hsf1,mafg,1,0,2.0127337199769273,7.962496497710641,23.53603756877472,12.910756639010037,3.758422496812347,26.516129091921805,2.8456242656999264,1.854170437940905,4.925051876080619,0.15968798850825464,2.053801324997711,0.8084027704833342,0.3768731318962526,1.0,0.3171498454716071,0.06266930368792002,2.3035216553369837,7.411401173583298,1.0,0.0
5857,hsf1,mga,1,0,1.9338375186810468,9.569655470701061,16.696888997679423,3.526641052363996,3.8576362654082534,18.061692066804007,1.527026146644649,1.733108494755198,2.576968212388605,0.23103922329150045,5.121499976499395,0.812067474048443,0.35304340563322373,1.0,0.3153013432600017,0.0555365630520187,2.7815481591993803,4.515737884371032,1.0,0.0
5858,hsf1,mycn,1,0,1.1323185378445544,6.246292674093311,15.23114664045898,8.027108742952079,3.611973877671301,34.11182491817263,2.454980011693343,1.0539643960307266,3.5128046266095208,0.2371439237592723,4.249578024979831,0.8045794371714883,0.5574611161809588,1.0,0.2919488787015371,0.06514981678364588,2.343767561742568,7.5822196300073585,1.0,0.0
5859,hsf1,myef2,1,0,0.7491865879664427,1.8667006461354938,4.71976423084017,5.676864128179562,4.492222291496448,5.662090414773896,4.641136035929859,0.6465562001306862,1.4047743014254672,0.9517895538389602,0.9973975573358661,0.8153812284121609,1.426351020408163,1.0,0.05624898685679956,0.021587518430448278,0.5009187443538365,0.36931043311057754,1.0,0.0
5860,hsf1,nfe2l1,1,0,2.4823118854149016,6.625253934788726,3.8279747421597303,5.24838182923029,4.002361670770365,1.6422123814714102,2.9543317163137246,1.5058313132732193,2.9284932649485262,1.0455559245702457,0.31289880098381706,0.8122211290143617,0.8279954240868448,1.0,0.17630700934500043,0.031217037276590344,0.7789051435928767,0.6123243531198058,1.0,0.0
5861,hsf1,nfyc,1,0,2.2436045611389974,11.77014093347068,17.35692524511416,0.9266218551222501,3.924498306721411,15.628676911561943,1.2181657002377932,1.986786940568466,0.8589961085688365,0.2261056178614428,16.86629429812017,0.8124629563167228,0.42031614919839044,1.0,0.37287144433734226,0.06873092911296837,3.264460846998983,8.799438211430926,1.0,0.0
5862,hsf1,nr1h2,1,0,2.2063096818160597,4.1661439500259165,59.04757798955228,46.20170418218681,3.259698426934221,50.83397614205302,10.175785738988186,2.126840400809907,3.821544050368161,0.05520460851943806,1.1002619284691277,0.7939965037543336,0.45238702411259585,1.0,0.3542950551716713,0.06658492734576775,1.9216911122938722,4.272083828903424,1.0,0.0
5863,rfx7,setdb1,0,1,9.393220237660133,0.0001,20.940682957873555,18.863513816701783,1.6197472155720811,16.39519064929044,3.212763607874283,6.484508296950204,9.999946987888445e-05,0.07734930225678562,0.869148283220389,0.8739643050297459,0.4500377791277306,1.0,0.245564420808067,0.05084641784198207,1.8279785118611038,3.5260351156841416,0.0,1.0
5864,hsf1,nr2c2,1,0,3.2099220748021473,11.362556665164703,33.096263673541024,16.32739375803964,4.041983740471451,4.726075217055756,2.673301251997944,2.9261247131701196,6.699937483987484,0.12212809821499084,0.2894568041349911,0.8129309762033533,0.9378766600920447,1.0,0.1842882756304001,0.033041593772230315,0.6322643842689106,0.9542758300660111,1.0,0.0
5865,rfx7,sin3a,0,1,0.9915174928524417,2.901110957199119,0.4350099856649444,0.00010000000000000002,1.5185557477125475,4.980076228442095,3.279411271301395,0.3023566085110119,9.999655316343849e-05,3.4908526189147695,49800.76228442094,0.8618226722822093,0.6098757288142876,1.0,0.19837952492551575,0.021177939245915066,0.6531489925861221,1.1494043314960716,0.0,1.0
5866,hsf1,nr5a2,1,0,1.7781089886093158,9.808438651119765,13.642716352030494,0.0001,3.9487913471884295,6.178251304860885,1.13034560646745,1.5730828952885503,9.999898048013515e-05,0.2894431904391765,61782.51304860885,0.8084263842045982,0.5270248231884578,1.0,0.2319730999749845,0.0344127232246583,1.2100707879349728,1.9704024780455138,1.0,0.0
5867,rfx7,smad4,0,1,0.5923319163279805,6.936062179974881,0.5757953128839093,24.268040385522454,1.7538166142137392,7.903275870809385,2.3435164505471526,0.2919732821597714,5.394311108509284,3.045902901553039,0.32566600950294405,0.8856746065146031,0.9634128467082433,1.0,0.1156840459780598,0.019451281786320947,0.49499051987931153,0.25885675429038635,0.0,1.0
5868,rfx7,smarcb1,1,0,15.413811394961106,0.00013241101564082244,12.16013165095327,15.576175397141252,1.5315262068231368,48.85115923785819,1.7889266025546422,6.797503552306161,0.00013240989004178582,0.12594651528325154,3.1362743415706533,0.8605114393524951,0.30063062448427086,1.0,0.27736429253712763,0.05711085453539443,1.9334301085924719,4.303342780662807,1.0,0.0
5869,rfx7,smc3,0,1,33.626512991159686,3.7296660518318383,20.078873347373136,31.532989276071262,1.5199799341516034,95.6257980256819,1.7695652416676566,12.571969805919807,3.335186148692505,0.07570045927653894,3.0325636808003904,0.8525859529520682,0.2460472268084336,1.0,0.3286291729831541,0.0734769223754211,2.6001753969749393,10.619508524380928,0.0,1.0
5870,hsf1,patz1,1,0,10.233331471888523,0.8872401026076637,25.215285789001026,29.839640888421236,15.766766107014357,7.471133428708237,3.5670331360813976,7.279166229198426,0.861621003815792,0.6252860363728997,0.2503761173482246,0.8474927123387788,0.43249901273653446,1.0,0.25631408484134804,0.04968618629457557,3.972925368206697,2.6370540364457216,1.0,0.0
5871,rfx7,sp1,0,1,4.411586769740731,4.368640566149735,2.4691815649783373,2.2847853194014527,1.686970662607846,2.363447051590512,4.148278776848743,1.583109355561655,1.5001904286566918,0.6832104558591446,1.0344285003589162,0.8774269076466875,0.9494983777752558,1.0,0.08424503070580677,0.02029658959146682,0.11869407772620755,0.02721299363764251,0.0,0.0
5872,rfx7,sp2,0,1,9.81482065482947,0.00010000000000008803,19.516694588088296,19.3587208456923,1.630741801004192,13.20285908975287,2.944389794002804,6.530615809335622,9.99994834397004e-05,0.08355624942757928,0.6820109239134345,0.8653985354768117,0.5953208069610185,1.0,0.19843478355789512,0.030628460269766046,0.6008273121280115,2.1171570872785463,0.0,1.0
5873,hsf1,polr2a,1,0,3.21922496411589,12.29979936611663,29.467568292286995,8.049512227223394,4.099086155704632,6.0228542063080805,1.8351846072068045,2.902173080552582,4.865392371423207,0.13910500232140124,0.7482259839222096,0.8144299493807944,0.781658982748364,1.0,0.2761618496516561,0.040205322227072036,1.0753659736434409,0.9314561323236668,1.0,0.0
5874,hsf1,pou2f1,1,0,8.436018708870776,1.1208057946441112,0.4514565895902556,10.722399612808852,4.483282894483483,3.5281553715711724,1.1636386327308401,0.42852397425913263,1.0147360621612749,9.930706512784617,0.3290453162514555,0.8177313815157512,0.8506629957432436,1.0,0.21491313981547372,0.03218982393543793,0.599515553495851,1.3484053512113532,1.0,0.0
5875,rfx7,sp3,0,1,8.7016298740515,4.309569580207896,6.362111665305093,4.477349258944621,1.7409901925458187,4.534027497492641,3.3579208669562215,3.675098964240123,2.195928802749146,0.27364973834710743,1.0126588825820972,0.880042589915532,0.54468180359973,1.0,0.1514070918905248,0.028986346864929985,0.8567739357106573,0.964438382161485,0.0,1.0
5876,hsf1,pou5f1,1,0,1.1337792865922063,25.757426176124042,24.129942493087334,129.57692656212276,3.124707989655975,3276.889423476253,6.31402201587085,1.0828978099073472,21.486349034955868,0.1294950450276096,25.289142985693687,0.7922934195456717,0.2667776847545757,1.0,0.4371086283145506,0.20755690633570356,8.07161314444404,151.59346557040465,1.0,0.0
5877,rfx7,sp5,0,1,0.19978900424166537,2.8409204194355113,0.08105920685872581,15.79036698950755,1.5383595242733883,123.64344233457886,1.620775025563848,0.05766366878204924,2.4077335627027003,18.97822078316805,7.830308340315205,0.871187296084374,0.8894412420169976,1.0,0.13898317002585686,0.059998693987688326,1.9284270687144933,17.71192845741598,0.0,1.0
5878,hsf1,rara,1,0,3.0464867072216233,12.933245839238126,52.373760670716486,29.58384409943439,5.29723096903405,10.899013661854788,3.478649775826247,2.879019369986808,8.999090228413346,0.10114284139988955,0.3684110024789904,0.8256404399030224,1.0567860559039217,1.0,0.23746678666207544,0.035929193304761645,1.3020694699893598,0.9957282837827137,1.0,0.0
5879,rfx7,srebf1,1,0,0.22687122221604258,1.1014676516734836,0.02000754057956891,0.15587821889230713,1.5552125386651174,2.924027940304606,8.336500016702749,0.018386090133568,0.13655336986400898,77.73131997309319,18.758412567728612,0.8717193395895582,0.5113598059694732,1.0,0.11301912308461357,0.021939278645380107,0.937931753992501,0.5057545760283157,1.0,0.0
5880,hsf1,relb,1,0,2.162872507639738,9.435451363854197,33.20188748531742,20.057128908386503,4.317321808111996,16.87288626673724,3.3293393521947205,2.0305934398548744,6.416802550564245,0.13003242089839642,0.8412413533266053,0.8118821664442538,0.6400862158361712,1.0,0.27378101704913527,0.04876703035724422,1.34923847195134,2.991425810732381,1.0,0.0
5881,hsf1,rest,0,1,2.6548869915531754,13.664862599338813,45.156562884921726,24.97443413549611,5.565362496070336,117.16860866504305,2.99388409627102,2.5074657157682223,8.832257307885222,0.1232459279563253,4.691542079766746,0.8279840580460284,0.2852484199481484,1.0,0.40887652981988903,0.10869286298268345,4.670659427716234,18.226396687000943,0.0,1.0
5882,rfx7,stat3,0,1,1.6618862293477692,10.235047298645169,1.80777033683445,9.839421732682514,1.6153013795974038,4.308892539416639,3.7644145789049634,0.865880692023157,5.016668020865814,0.8935324065699216,0.437921318597847,0.873487946244986,0.5044634377967712,1.0,0.025715533553068187,0.021836132113253984,0.8370825536499715,0.3933826213988055,0.0,1.0
5883,hsf1,rfx7,0,1,0.13443513591872072,5.918246986295059,5.96455209106566,8.518441694400062,4.244828168836683,1.7445509629287368,2.4943327780283004,0.1314718888914891,3.4920917809378094,0.7116759320779573,0.20479695999745906,0.8133148340848654,0.8821327721242475,1.0,0.23365568648535115,0.02942767165194431,0.3895379873495483,0.851691112933927,0.0,1.0
5884,rfx7,stat6,1,0,1.7947807975637184,1.6163066298358886,2.113237419681224,1.8678599649285021,1.5674672485748393,2.5547730610372965,3.8685131464797857,0.9705169553203341,0.8665011740413417,0.74173740914132,1.3677540656186653,0.8624389941108466,1.0008720278384504,1.0,0.09943114984766911,0.020820074745919223,0.12619828560854984,0.36210866695693644,-1.0,0.0
5885,rfx7,tbp,0,1,15.51682456138368,2.5092287519088794,10.441633622331176,7.729753000385778,1.6353772999481577,2.3262156921464414,2.2159869399768137,6.241549321045677,1.8943014982300508,0.15662082765005567,0.3009430821438077,0.8738797530417074,1.1235799740162185,1.0,0.16815213188305184,0.028828881351739347,0.6371038239744387,0.4239449516190577,0.0,1.0
5886,rfx7,tcf3,1,0,11.32369653226419,0.4898787231843234,12.512915204609591,12.853103557954277,1.5670328926409647,21.623033749398836,2.1818226708188995,5.944320278194737,0.4718931515653056,0.12523323837946976,1.6823200444858468,0.8610578750940794,0.4146942240988143,1.0,0.26459328290412903,0.03849661773646895,0.6667638605628243,4.01926961514431,1.0,0.0
5887,rfx7,tcf4,1,0,1.5079462435875601,1.3550530943146235,7.728510099414845,7.941637959628451,1.536982296184512,10.664875418972201,7.1488781011276545,1.2617585511320486,1.1575453060319476,0.19887174583635245,1.3429062711228348,0.8661058648787997,0.5245071208228917,1.0,0.16801533333023339,0.030594459489078907,0.8662664826732545,1.443134261355894,1.0,0.0
5888,hsf1,rxrb,1,0,18.950366401616577,3.1652260966269297,14.908238397447647,29.69424454652373,11.675863145857209,2.0267949897824606,1.9771505678678694,8.344011270130368,2.860332072265753,0.783181945081866,0.06825548252648626,0.8474927123387788,1.1226927128219861,1.0,0.32352557179349345,0.055744412873165686,4.7768792080071965,0.5264587716284288,1.0,0.0
5889,hsf1,sall4,1,0,1.5611625777726885,7.574735202696166,50.31259538636783,50.083655887175546,4.76241311023043,55.51189300117519,7.766173548179257,1.51417873295615,6.579622222496424,0.09465647863438988,1.1083834040835185,0.8222360224339691,0.5179514611159225,1.0,0.24521589020550646,0.03983005132931874,1.8341352376261209,3.3991861842159254,1.0,0.0
5890,hsf1,sin3a,0,1,2.5046160075720856,3.400177573925469,1.7371564464487215,2.0867914329077486,3.4452836635551547,5.006479561376536,3.9124100777944273,1.0257291947162912,1.2931477146665786,1.9832892256758838,2.3991279063286526,0.8000651197491814,0.6161072290795506,1.0,0.30840647463150317,0.04887517050150423,1.6418050849050025,2.4005914951678182,0.0,1.0
5891,hsf1,smad1,0,1,6.894910685659393,0.8076399041194168,0.04675576769901037,9.158258399293686,3.775775564994045,2.1166005903066765,1.0955660575005628,0.04644084305839093,0.7421884821936454,80.75528968534,0.23111387537066166,0.8050699521845825,0.9598369288262273,1.0,0.20007765494358268,0.03349458300485634,0.6080256584621154,0.6647630702289143,0.0,1.0
5892,hsf1,smad4,0,1,3.5708969742888756,15.533829312159394,40.924603498990955,13.23380372924751,4.931113349881737,5.986081789910268,2.0135259128819167,3.2843218135342997,7.145935433230055,0.12049263592751287,0.4523326711186342,0.823085761606542,0.9641019282038565,1.0,0.26590369150010384,0.04019524897276602,0.7725445254639031,0.9320613569656337,0.0,1.0
5893,rfx7,tfap2a,0,1,2.0061978659230113,0.8067076592707392,3.8858760457781485,3.152173251072243,1.6725017305020748,3.0308006654439184,3.6885593885529473,1.3231056410883781,0.6423235158058896,0.43040532193999914,0.9614955854387006,0.8743710501952261,1.19897986433798,1.0,0.12471548150176084,0.02249051938158268,0.45525510188378976,2.074869478749225,0.0,1.0
5894,rfx7,tfap2c,0,1,1.2335086803200583,1.228061380849747,1.4446554228314068,1.566279280630209,1.8349801513322859,4.0509432582872416,3.8735140009916993,0.6653793178831219,0.6883509668961957,1.270185348237488,2.5863479830093277,0.884834505021937,1.0472687299171317,1.0,0.11474166580569357,0.024607976489093842,0.3758747638734491,1.046683864688148,0.0,1.0
5895,hsf1,sp1,0,1,0.8960293493822808,7.459007456615253,16.115638361140483,17.864931456926666,4.609759651981603,5.669744034595415,3.583848098708779,0.8488341767151232,5.262003569195106,0.28604263440764977,0.317367242536893,0.8207931346915257,0.9710548343738115,1.0,0.08874820756084137,0.0206507750339505,0.21213511549919292,0.6453112283177127,0.0,1.0
5896,hsf1,sp2,0,1,1.4474803937874794,7.631810058478015,14.027116847296984,4.799401578828534,3.712022311916489,7.750253255807493,1.79695425293621,1.3120843341836481,2.94646429589023,0.264631880686999,1.614837418480664,0.8077422377266413,0.5806992538541762,1.0,0.20920461575341215,0.033266455078277635,1.218726775041401,2.4038883388432826,0.0,1.0
5897,hsf1,sp3,0,1,2.1900268648152874,10.415400342420142,26.890903719437343,18.483622599150312,4.427247135589683,9.585085737194477,3.000614661678815,2.0251003108070798,6.661620690000154,0.16463735030182605,0.5185718159834697,0.8157859479466695,0.5580934228654977,1.0,0.1799148091813765,0.03191166452123512,1.7267865151519612,1.6857997736233186,0.0,1.0
5898,hsf1,sp5,0,1,1.3246927882651227,7.2466843547878845,22.45902880395334,14.47880471751475,4.746535497392025,117.86388974415198,3.1748198517178925,1.2509107699011102,4.82950359705401,0.2113419747053585,8.14044336143122,0.8213450238538192,0.9034669473966803,1.0,0.2579931649537625,0.08084681166407519,4.120032576360758,18.482322437504163,0.0,1.0
5899,rfx7,tfeb,1,0,2.6290769389966973,0.0001,6.472151675064995,5.103451619609983,1.6424995260236133,5.969386647142665,3.461826017272813,1.869614030825716,9.999804058021837e-05,0.25377951699611845,1.1696763469267215,0.8737632992843338,0.8831193883277216,1.0,0.18548482429460317,0.029419654102177863,0.5142588673780546,0.9666021305048627,1.0,0.0
5900,rfx7,tgif1,1,0,22.628819374849353,1.7793242081502245,21.40646796529519,31.41051412647989,1.5353175329108646,61.466053640790356,1.9526010593244791,11.000339189306485,1.683933727311213,0.07172213255357995,1.9568623866927686,0.8636989156339688,0.3153671823374398,1.0,0.22945762093695943,0.05226016768644318,1.2675609535693384,4.265344047663932,1.0,0.0
5901,rfx7,thap1,0,1,0.29400856549713955,6.295316180885711,0.1355946035416549,78.28140052331426,1.5800297330052138,26.817357454340193,1.5565239939628697,0.092797208562573,5.826735614487897,11.652600411341783,0.3425763626489191,0.8721752304002018,1.0157183565530628,1.0,0.17414485152355705,0.029387064962854526,0.16522263527217249,0.7520152159837006,0.0,1.0
5902,hsf1,spic,1,0,1.3193691228765057,3.79645223243053,17.53177526224412,25.641635307868338,11.631567908407002,4.2217645690798395,8.312658783993761,1.2270280507995288,3.306846732976932,0.6634563661933529,0.16464490343111454,0.8456143151569481,1.8683387571883094,1.0,0.1757030627842919,0.03511795526360293,2.231908592957717,1.3843992813783694,1.0,0.0
5903,rfx7,usf1,1,0,6.435219082080332,2.843870636319183,5.95105344473373,5.388890905214273,1.595949046071408,10.548121655030709,2.9405124679164945,3.0918367574365644,1.8615027934857251,0.26817924942074123,1.957382667521508,0.8665491079596063,0.43144520783916324,1.0,0.179103973333636,0.030305300605029777,0.8696108183205808,1.5946711606170334,1.0,0.0
5904,rfx7,vezf1,0,1,0.5708077688976055,0.49438461042293336,0.15171405201816596,0.13223453521852885,1.719790699640472,1.3101027755393146,4.452885620395756,0.11985736213910139,0.10432927182833962,11.335737703680522,9.907417705777526,0.8842433005315551,1.126102482218029,1.0,0.0704855962438401,0.01424110739714983,0.4198702736306231,0.058901581301990094,0.0,0.0
5905,hsf1,stat6,1,0,4.463618609774213,1.2340602528497715,3.583708233517898,9.359415175374075,4.79774249321604,2.31011476326188,2.0405832243139654,1.9877789326359177,1.0903015102178477,1.3387648158249763,0.24682255461218494,0.8188295632998097,0.996481207845865,1.0,0.17659536973011286,0.020945834178388797,0.6085332323183237,0.9066445219798904,1.0,0.0
5906,hsf1,taf1,0,1,1.7387525362721297,6.394443863483193,20.950452261426758,12.929969770943808,3.3338943320010626,16.739942705535956,3.2728753919837708,1.6055058927979,4.278523913891911,0.15913233234297822,1.2946621687510753,0.7944669117647061,0.4799504616990893,1.0,0.2655498624888687,0.04823954370348201,2.0101402756591242,3.987486001129754,0.0,1.0
5907,hsf1,tbp,0,1,4.179138225952432,13.433939192446786,62.98984710149515,33.98520930432548,5.034436824347495,7.78145522929964,3.763991390866714,3.91911946541177,9.628077468914528,0.0799245760389851,0.2289659351401803,0.8265632345070523,1.151966791618608,1.0,0.23496710364665682,0.04228378118697354,0.42101787142726377,1.2047451958271678,0.0,1.0
5908,rfx7,yy1,0,1,0.0912835784302192,5.9252581976868175,0.02783456612219699,136.9422926412561,1.4988189726782188,187.86520476361684,1.355404385517545,0.021330409479041478,5.679515308534659,53.847398450481634,1.3718567225667972,0.8597277777827504,0.4708983435809703,1.0,0.2687056902727181,0.050168315314262954,0.956265963064713,5.311424133367812,0.0,1.0
5909,hsf1,tbx3,1,0,1.7046953828182545,10.468277347442093,18.810128747500947,7.481829374344144,4.981633677362792,21.48474539929505,1.8701130073385765,1.5630423844916899,4.3633091530209995,0.26483782988591376,2.8715898645013405,0.8214533382056158,0.3438796101807189,1.0,0.23791116086011832,0.05456319214262418,2.2227002576399517,4.0870687276343185,1.0,0.0
5910,hsf1,tcf7,1,0,2.014907261237649,8.378065041369787,23.978157595322074,13.162404881696304,3.8505380608156625,10.898657027614215,2.7871045632629,1.8587174739312227,5.119455824016588,0.16058523452055667,0.8280141148651288,0.8078313890790847,0.6160413663453035,1.0,0.24178795879316115,0.03597859178767874,1.5407747450136358,1.8218320001840964,1.0,0.0
5911,rfx7,zfp110,1,0,0.4501126337549508,1.3823595187070905,0.05328668269223045,0.17517706879342015,1.652532243391171,1.8003990197221937,8.770017475075335,0.04764608990719758,0.155474799403845,31.01210583769594,10.277595304699028,0.8670734053555422,0.6588178492056559,1.0,0.05780497648347764,0.011225060651042989,0.3188436288076291,0.389012883577953,1.0,0.0
5912,rfx7,zfp219,1,0,12.527093645232977,0.00010000000000009482,14.532387044554515,18.04147112379896,1.580134072329207,12.10208037674873,2.1495080280408914,6.727718668474365,9.999944572464224e-05,0.10873190120003753,0.6707923258422408,0.8679634701779163,0.5406430951134182,1.0,0.17672725589402363,0.023092694188053497,0.47860558333255354,1.3779002889746383,1.0,0.0
5913,hsf1,tead1,1,0,11.433538485572498,0.5384374265246492,8.76826224221,7.529803711154368,8.092072434547928,1.697084416700874,1.8932355424491913,4.962540970915947,0.5025045810214859,0.9228821186019134,0.22538229173051047,0.8334197485741485,1.0206611570247932,1.0,0.1650937151069506,0.027082695522967923,1.739527327971114,1.029820847851768,1.0,0.0
5914,rfx7,zfp263,0,1,0.5942315717286575,0.7552065590517328,0.0001,0.06969237001721251,1.714950369235399,1.4468523371431137,10.340067399767554,9.998317437525502e-05,0.0638043438997606,17149.50369235399,20.76055580812896,0.8751140495867769,0.8122126245368688,1.0,0.07564068604965916,0.01681314532235294,0.24034673295800052,0.45563485780371116,0.0,1.0
5915,hsf1,tfap2a,0,1,1.5464706775699086,3.2113833290588163,4.181709147385415,5.337336590526161,4.4744675480804785,2.1640273655170814,3.6430572767915534,1.1289608176027968,2.0050058850475776,1.0700092690277394,0.4054507953195714,0.8214903138746,1.157657362700735,1.0,0.19466180944703446,0.02985541798313441,0.536508706398567,0.40204800151317127,0.0,1.0
5916,rfx7,zfp281,0,1,0.4761791722512976,1.5248739989580478,0.11432446651923839,0.3596607277771058,1.6632729207535912,3.4139908807522708,5.820073854354901,0.09219067633274408,0.2910199979088593,14.548704852024807,9.492253718810353,0.8804665660659682,0.5551484347265847,1.0,0.10059044151241367,0.026781355056968534,0.4677907748798122,0.7084129717236576,0.0,1.0
5917,hsf1,tfeb,1,0,0.7488344850279707,9.49787966829302,9.929494151446576,0.38591024874815916,4.709800248192586,5.9892661476944555,1.086966871489718,0.6963212963954621,0.3708424740039699,0.4743242884640241,15.519842157918397,0.8172744681952278,0.8835094282126588,1.0,0.23513708389496557,0.04634651125294477,1.5101202703822008,2.4288377045951015,1.0,0.0
5918,hsf1,tgif1,1,0,1.0483933500702292,3.935095743473169,78.28603474415003,82.07608354830272,3.443050901395506,169.71956542506734,17.826672763981698,1.0345389788612238,3.7550612568191615,0.04398039717617439,2.067832163619082,0.8010023385372421,0.33381574231230826,1.0,0.3455762622311014,0.07689338877275569,2.5141469582408,8.92784412525754,1.0,0.0
5919,rfx7,zic3,0,1,1.4182376088801791,1.2030936851464322,4.09088399580344,3.6685948938099893,1.7702472337147304,4.2907205494339316,4.690562818393701,1.0531344110251593,0.9059822438503874,0.4327297560944545,1.1695814538349965,0.8855076547384237,0.9755974359812221,1.0,0.11997923116878184,0.02160641466097301,0.3413543552309639,0.425565309453901,0.0,1.0
5920,hsf1,ybx1,1,0,0.9215130983164008,3.882402920251091,111.98195195902522,103.69981393455083,3.6244199689960768,4451.741683731851,21.943971009574227,0.9139917490828994,3.742295634160143,0.03236610815930652,42.92911929949581,0.8023963135651464,0.2736306965054853,1.0,0.46009443886069873,0.23841022528241282,9.25522440727661,198.35013291024353,1.0,0.0
5921,hsf1,yy1,0,1,2.484450805851182,6.029617118844579,184.78682202545414,163.0886158294568,5.082645958675146,225.45313047253518,23.361910946215545,2.4514906208031806,5.814641583882731,0.027505456844617512,1.382396492397075,0.8258394088606591,0.4748111491921382,1.0,0.3415653805726493,0.06733003001106651,2.5940783389565043,9.070629399722115,0.0,1.0
5922,hsf1,zbtb7a,0,1,1.7554351408683229,2.8266265709261496,3.6771121528866373,4.924785754220067,4.173022746576298,3.212133248249627,4.051436551175214,1.1881961704247854,1.7958701827585248,1.1348641469367087,0.6522381700558524,0.8121303752213576,0.7332906427599457,1.0,0.21017744206463984,0.03269155004731662,1.0620032951957235,1.216045116771592,0.0,1.0
5923,hsf1,zfhx3,1,0,1.9705134989278879,2.570210789973235,2.7760850653027185,2.211579653223654,3.849239843904886,1.7926001304051398,3.1728521914770202,1.1524701365256107,1.188723335981341,1.3865712877516398,0.8105519183051811,0.809361709298725,1.1516248953271926,1.0,0.13646266012465105,0.02610286569125967,0.9832681697280863,0.16497363877321602,1.0,0.0
5924,hsf1,zfp219,1,0,1.9576494274443705,8.097689900534197,17.62150976102529,6.044166165276157,3.333135114731035,7.950803169672201,1.9404220176336193,1.7619111302129857,3.460916522268583,0.18915150630867963,1.3154507920959733,0.7960000021915393,0.5275197084532429,1.0,0.23543578535385232,0.03904148053010602,0.9215458146691748,1.7416165068090392,1.0,0.0
5925,hsf1,zfp410,1,0,1.377673512263178,6.10323364021855,4.470909248319242,5.735757655333074,3.891640972866146,1.6295730394268424,2.537520098847684,1.0531531311576274,2.9568962591706,0.8704361365261749,0.28410772165586096,0.8092290058364237,0.8528206130831439,1.0,0.16242760055104624,0.027406207728288286,0.7193746722738996,0.546361911768426,1.0,0.0
5926,hsf1,zfp57,1,0,2.0661309225901556,11.392105223321316,18.28540349265324,3.599089639673593,4.549824222625436,25.834986030919346,1.4646197058078463,1.8563729307757488,2.7350193402219602,0.2488227412894376,7.178200216558752,0.8173227116116573,0.3293432891761847,1.0,0.32414123868937583,0.07180927237591618,4.0661736238593775,12.525814870394061,1.0,0.0
5927,elf2,elf3,0,1,0.3847185696507922,6.170898034315515,5.956481574200619,3.7182153862834295,2.199762298174612,14.399222393127445,1.706045671288161,0.3613778179828821,2.3202007139067122,0.36930564978199026,3.8726165370210834,0.822390619769464,0.6761066115238867,1.0,0.1821964895259529,0.03908112159671177,1.5958075530535296,2.2757739264470005,0.0,1.0
5928,elf2,ep300,0,1,3.3769544859255123,3.398187185524602,0.11073008789501315,0.007335531646797344,2.396416054233944,2.0086015513243316,7.810046947608789,0.1072145313400217,0.00731973083470179,21.641959288482322,273.81812907879373,0.834528878176095,0.7645328889324577,1.0,0.12319577348359023,0.017228980111238835,0.4291286311383185,0.2867313289405277,0.0,1.0
5929,elf2,erf,0,1,3.0575734207491747,2.9383885931073137,0.4893908197974377,0.8931252392419282,2.4396967029243455,3.784790569842052,4.969157137090017,0.42186733823420125,0.6849378940113698,4.9851705512869104,4.237692994830744,0.8337190444882752,0.6619853522543804,1.0,0.13881230338453596,0.019605423019050335,0.9038700939759119,0.38963642387584513,0.0,1.0
5930,elf2,etv4,0,1,0.00010000000000021103,2.4761556888892082,5.8241142128666015,10.293781298039004,2.501139154366776,19.961028222064524,5.037468987745022,9.999828303039597e-05,1.99601651499237,0.42944541658219426,1.9391346721021903,0.8334750462651043,1.3074635925840712,1.0,0.08162676167094012,0.023632045597888993,0.7167414892900119,1.5163350596533038,0.0,1.0
5931,elf2,foxj3,0,1,1.1796713195338369,18.19878133294834,8.521638028123649,9.388591752100563,2.3197289094025697,4.488290607010486,1.7257399387777974,1.0362242473644774,6.19344682779526,0.27221631589453266,0.4780579159815204,0.8295953546238986,0.8374146499603956,1.0,0.18355239570595275,0.030791579300972902,0.36718783373222513,0.68862240845857,0.0,1.0
5932,elf2,foxn3,0,1,2.8035915983215753,2.4725003487273067,1.1030743482089862,0.6300410069050691,2.583615884953392,2.1405213868394886,4.162489643939525,0.7916136207420592,0.5020969684923903,2.342195600095584,3.3974318550379845,0.8354399100534985,0.7497567064968188,1.0,0.0723961457842318,0.024157399162023595,0.3123538208964041,0.38940141656518457,0.0,1.0
5933,elf2,gabpa,0,1,0.4809872089383714,6.116857472095542,10.48839680944586,7.023897957121368,2.4760238626883466,7.700173901976687,2.2468038088554625,0.45989680907867153,3.2695367426691995,0.2360726722751791,1.0962821426199192,0.8343146908448487,0.5495590662083897,1.0,0.12443936071647078,0.02669301201513299,0.8027524445094808,0.8063840529803254,0.0,1.0
5934,elf2,gtf3c2,1,0,1.2850314009116641,7.946708628634441,16.223804175897246,7.117988946510278,2.1578935376863777,8.117425300117562,2.0458689532197454,1.1907186926744466,3.75477727963712,0.13300786389496944,1.140409933355864,0.8223495099555761,0.4006462350780533,1.0,0.15606793797568186,0.02783437446352001,1.2036683839561075,1.572736876652972,1.0,0.0
5935,elf2,hltf,1,0,2.5402384385485135,2.047620546449797,9.999999999998899e-05,9.999999999998899e-05,2.1997377762479005,2.249905581120806,9.579191663439843,9.99960635166259e-05,9.99951165211289e-05,21997.37776248143,22499.05581121054,0.8236979785969083,0.7552354483044657,1.0,0.14906346628578632,0.031095999451175516,0.1287488867508203,1.5670338741218603,1.0,0.0
5936,elf2,hsf1,0,1,0.6951722779511785,7.276247284992246,11.554037658835627,0.40220124020411957,2.0609621451275477,3.988118895711338,1.1187687434296172,0.655719570509167,0.3811337241439536,0.17837592415595813,9.915729980562325,0.8204176121736809,0.808152259461231,1.0,0.2046197879170132,0.035798356810086,1.1734737182878083,1.2532793418173052,0.0,1.0
5937,elf2,irf9,1,0,2.282625675392167,0.8353138780583184,0.5292814411101838,0.24892944283679597,2.3281779238895965,1.167606265333466,5.365581050563137,0.4296555173875932,0.19177818691770876,4.398752238518269,4.690510901512668,0.826679815910585,1.0261519302615194,1.0,0.04918305570292539,0.012069032005574755,0.17524674361281817,0.0667463806018115,1.0,0.0
5938,elf2,junb,1,0,1.0843785341864716,2.3333848886400057,3.7936726619046914,3.932670801472928,2.6685313643144224,5.949987523355596,3.4500544272423337,0.8433239084485039,1.4644674535261468,0.7034163466741042,1.512963536415789,0.8354756990054419,1.5155995310131831,1.0,0.07154414261938268,0.024894792946395104,0.7074760536042592,0.7451058289946477,1.0,0.0
5939,elf2,klf13,0,1,0.7362254484065011,13.900503683201595,12.636194502925255,29.649521806060523,2.483424880901039,51.63440873677589,3.3155194788085947,0.6956921782239884,9.463674990774233,0.1965326570690354,1.7414921250507835,0.8320303637080555,0.6005469128122609,1.0,0.2714002237711081,0.0512390834710914,1.5122541780395986,4.001431913693216,0.0,1.0
5940,elf2,klf2,0,1,0.00010000010628052891,13.296099920730878,10.869894771328648,183.0250990912757,2.5201663099755427,3743.5102306578756,6.928576542551184,9.999918631492943e-05,12.395604844336974,0.23184827111877349,20.453534784270023,0.8367414671827147,0.32954438164860367,1.0,0.2663456414439505,0.15619506838091188,5.316398047460654,57.413290925215556,0.0,1.0
5941,elf2,klf3,0,1,0.5473022146533042,8.074877330915815,7.613690741304026,2.1701003285331604,2.2142863319020276,17.036978267643736,1.3599497125865057,0.5105983826832307,1.7104277365137628,0.29082956047710157,7.85077908317703,0.8236539794981352,0.40774459858235074,1.0,0.21698517054897015,0.05486238348591051,1.675421012159857,2.9917714260570216,0.0,1.0
5942,elf2,klf5,0,1,0.4460180079087486,9.485876173569102,3.714180371077223,23.615871095498438,2.1962472207361174,57.63299543997704,3.9086296064855586,0.39820008067149576,6.7675348712544965,0.5913140992932285,2.4404348756359364,0.8231660208626034,0.28863949467182426,1.0,0.23126602161510046,0.050881919540178504,2.1635011337792553,4.7360537036750365,0.0,1.0
5943,elf2,klf6,0,1,0.1543992702600824,4.178635787275725,7.8039491714677816,5.58078389954142,2.5544536147906647,18.334464234493463,2.381760005531416,0.15140378258680454,2.3894928256007155,0.32732832552652547,3.285284749334234,0.8265995001159525,0.6389239669421488,1.0,0.15861807352777804,0.04154232903778482,0.6227929361261637,2.030599493014341,0.0,1.0
5944,elf2,meis2,1,0,1.676920242550834,1.3422088136225923,1.6004156650500487,1.1527063375008917,2.256366962521221,3.5432227618372303,3.6003877682593917,0.818887505242784,0.6201303499301805,1.4098630823203415,3.073829514565751,0.8236454510316257,1.7927675110090708,1.0,0.0733649899848633,0.020758456814795066,0.4066598604493322,0.3188259365008382,1.0,0.0
5945,elf2,mtf1,1,0,1.8391207662224203,11.18256921275729,21.38858967240536,2.280114943075282,2.383977930490014,2.9113299060743554,1.3074176254261503,1.6935030910887723,1.8939420154884146,0.11146026769430806,1.2768347117394567,0.826397146254459,0.8457143514556595,1.0,0.1495069879227083,0.034096726004479015,0.5480677247366144,0.6898438227751814,1.0,0.0
5946,elf2,nfe2l1,1,0,6.035306884542393,3.0991874151839793,0.6802941122928508,1.0456884798250108,2.2038962052266493,1.6293017330467758,4.410570159469064,0.6113799407334602,0.7818773490368909,3.2396226358606546,1.558113878541943,0.8240520179041796,0.8236289255222758,1.0,0.12881567646838052,0.02633799149387621,0.18777212818925482,0.20622105543525146,1.0,0.0
5947,elf2,nfe2l2,0,1,1.168540812503804,5.031894727829524,10.606160473341209,8.480284032603315,1.8675686331204084,14.051198026789324,2.9811578052101684,1.0525728913363621,3.1580322663512925,0.1760833845400113,1.6569254016455184,0.8078055708328401,0.3153244416028794,1.0,0.1254661534262798,0.03253031792856903,0.9975113805073551,1.6194459152908474,0.0,1.0
5948,elf2,nr1h2,1,0,0.24011232110068428,8.827183936946891,4.881950890401337,18.796903671934135,2.207664303789194,26.778281657007916,3.283350868158626,0.2288563243736444,6.006487110325094,0.45220944523014356,1.4246113149470923,0.8273684210526316,0.4581337145198903,1.0,0.17450681217253053,0.03359448831113373,1.318145974859795,2.240159474258595,1.0,0.0
5949,elf2,plagl1,0,1,0.0001,3.7979994700627335,7.679772084623887,17.178784510408786,2.6713749959594506,10.758631580655807,5.522421879356435,9.999869789497926e-05,3.110344013057233,0.3478456087659117,0.6262743195909496,0.8405437118639245,1.009019081185365,1.0,0.06638279614793859,0.020412268497668595,0.20918469513346497,0.2851053386954286,0.0,1.0
5950,elf2,pura,1,0,0.9652723021927625,7.986774142969697,2.2932603320376725,83.33681551243662,2.0556157819648586,68.53549541465581,2.7522485709834257,0.6793305234937848,7.288284722530747,0.8963726242708541,0.822391580398558,0.8180896602584088,0.6712790458093908,1.0,0.21107703786628015,0.038047608432317394,1.4114437364664871,1.6315190799666202,1.0,0.0
5951,elf2,rad21,0,1,3.3453008474457797,3.3153500702158896,1.8575074922036272,2.0411956389408594,2.38036981308858,11.456129524466979,4.079334004140196,1.1943398607345983,1.263366070659795,1.2814859821990072,5.61246031782204,0.8343351275769418,0.36709483271488963,1.0,0.21873735048738868,0.03873999551902577,1.2362281575622172,2.5294068033273387,0.0,1.0
5952,elf2,rbpj,1,0,0.33260355026961047,10.719664012302827,7.178687021059281,20.224462900494864,2.362984171101091,11.930047591495168,3.0204149882130857,0.31787570548695576,7.006158155101341,0.32916662394795576,0.5898820478047532,0.8314232236274962,0.5647763895755273,1.0,0.13910279893098756,0.03334626943012652,0.8554855523029408,2.0576856615734496,1.0,0.0
5953,elf2,rest,0,1,0.7438091656197074,9.946927572159202,3.4361660389539908,18.73500748240325,2.1190381694593436,95.4872987720265,3.507672652444344,0.6114514247760486,6.497321820749404,0.6166867798112584,5.096731285627316,0.8156828703703703,0.28682717199229407,1.0,0.3026593061416013,0.08212326520195204,2.6962127977577386,18.66983393987876,0.0,1.0
5954,elf2,rxrb,1,0,3.2623374208461136,3.952431096702183,1.4274452317133153,2.575861145668123,2.5634268861249963,2.129700463349262,3.6433507008063635,0.9929688304606753,1.559506424490135,1.7958145287635308,0.8267916408968013,0.8342726986639573,1.1207877793207934,1.0,0.1725428834735604,0.028561619399766865,0.13146870825686036,0.2451573852171305,1.0,0.0
5955,elf2,sall4,1,0,0.6136185084622763,8.721743863509106,3.154937847906139,137.7914231966638,2.1870441952163624,144.77221348280133,3.2612554904594333,0.5137055342828717,8.202549462439219,0.6932130839496107,1.0506620087389196,0.8228299643281807,0.524200303795504,1.0,0.21894963926085848,0.04877339724575004,1.6051949409459847,2.971036117391686,1.0,0.0
5956,elf2,setdb1,0,1,0.7706571645672793,9.069367954397038,3.8855768501642336,7.019065553858077,2.1295276200132816,12.668215703577351,2.1257689303882112,0.6431050562712093,3.9567859836266104,0.5480595808890697,1.804829375986406,0.8223309158374094,0.4469083596667624,1.0,0.169950533317716,0.028387008855455618,1.4718677719319553,1.6804439709008512,0.0,1.0
5957,elf2,smad1,0,1,3.557252654084394,3.7271592845351913,1.1203251070084015,1.6296741975465379,2.2971719457394264,2.4539175981740873,4.313941979225628,0.8519964100846847,1.1338891411260679,2.050451187221496,1.5057718910125972,0.8262990487514864,0.9722573286597789,1.0,0.13705820976557592,0.0224768783473811,0.3581641019360273,1.3900276774428102,0.0,1.0
5958,elf2,smarca5,1,0,0.8806852182235552,10.586845852797122,2.523557689665867,46.98759087055719,2.0822377856451375,250.18854487753705,3.215189733527197,0.652849991835925,8.640125893565228,0.8251199464042518,5.324566342776838,0.8207939508506616,0.1726911698129692,1.0,0.30747178273933135,0.10307158590277261,3.101478400748162,33.139144024204256,1.0,0.0
5959,elf2,smarcc1,1,0,0.8038816044182117,10.974933403371239,3.5686234813292126,11.207233181497655,2.136236502954093,49.28677674489877,2.476462075733406,0.6560886067546002,5.54493346411392,0.5986163892410427,4.397764902961753,0.8238122843008571,0.22154494410148612,1.0,0.27839698416205855,0.06732469440413279,2.648483795089289,9.605153370293639,1.0,0.0
5960,elf2,smc3,0,1,0.6354038653843813,12.890366035826707,8.729424480318668,18.664885361059145,2.3896381668474143,80.68807178670565,2.626156586933157,0.5922916953326297,7.624632784403681,0.27374521335685814,4.3229878044172985,0.8239371931192631,0.24208654123380224,1.0,0.3110356417223451,0.08142855635062628,2.854144533650897,10.03040614322701,0.0,1.0
5961,elf2,sp1,0,1,1.6662688058060526,4.100515043161448,2.753185872753577,3.7568690036689345,2.413446467914024,2.5793189321045213,3.0759037229953297,1.0380347961505405,1.960588635214508,0.8766013554690496,0.6865607849476718,0.8252559500306424,0.952632932634535,1.0,0.03728017165816627,0.014562792670366937,0.4632087154801249,0.11051608904915611,0.0,-1.0
5962,elf2,sp2,0,1,0.8065759274147051,4.0926313758622035,5.264852642985968,3.5924197119772203,2.1493026586524637,6.2496161497565765,2.165453078441901,0.6994240900602291,1.9131232129046625,0.40823605225035964,1.7396675919910456,0.8236421307546543,0.5705497885428682,1.0,0.08935053619655382,0.02623756805868046,0.7209858758751416,0.7314327040510504,0.0,1.0
5963,elf2,sp5,0,1,0.00010000000000021103,2.563175215505807,7.926573718934016,16.50066634012127,2.688002331209317,130.1743360411867,5.762647810337176,9.999873843699364e-05,2.218550698657365,0.33911276505112803,7.889035106701637,0.8426854170934637,0.8951740430726378,1.0,0.09335005155831656,0.05773249480492094,2.8637683821594515,21.112709721961572,0.0,-1.0
5964,elf2,srebf1,1,0,4.138658651192806,4.453470690686271,0.00010000000000243148,0.00010000000000298659,2.034017537604074,3.270291081041603,11.404260554646495,9.99975838190192e-05,9.999775461368099e-05,20340.175375546176,32702.91080943933,0.8147082769602855,0.5316846420018264,1.0,0.18451569497880382,0.027377126484156793,0.7553325589003566,0.35871571462065355,1.0,0.0
5965,elf2,stat3,0,1,36.16964992786409,4.068313218833884,6.434340340761292,13.791693541785131,2.4771182392394953,3.140503079189805,1.525352044801958,5.462583109579201,3.1415961874028797,0.3849840244767671,0.2277097493266453,0.8317318156885848,0.4928227572675394,1.0,0.16735661837680588,0.026165982214243072,0.671373074720198,1.3284658496649409,0.0,1.0
5966,elf2,tcf3,1,0,1.2533497370183748,5.031037756813399,15.838826436296323,5.659558035065083,1.9603373922407363,17.324414853975853,2.293077187183152,1.161443033778527,2.6634109749916863,0.12376784354101,3.0610897081783572,0.812052401746725,0.40572735110522173,1.0,0.26962862775331276,0.04869719071409674,1.4854588725680926,2.8593380273694935,1.0,0.0
5967,elf2,tcf7,1,0,0.7849998935736058,7.779943869025591,12.207845171648813,1.498170532163195,2.39169518855417,5.498257438577411,1.2692538994058944,0.7375718799386242,1.2562555431483404,0.1959146069536155,3.6699810338937353,0.825506733305567,0.5904110933333334,1.0,0.18520624598637234,0.028402459053087806,1.1465889047945805,0.9934240226308197,1.0,0.0
5968,elf2,tead2,0,1,0.15010953668886098,9.27939297403212,4.667922320811465,20.899668736119636,2.274565275255866,24.78371586309612,3.3568521615710942,0.1454327571092766,6.426185184024798,0.4872757340273089,1.185842521047423,0.8218752210588803,0.5267024638194063,1.0,0.19439391831642688,0.0337033983136186,0.49055946862601835,1.5803939814079542,0.0,1.0
5969,elf2,tead4,1,0,3.8713010202353497,3.5022744970049855,0.0001,0.8598094042185391,2.266890009174906,3.784415220681003,5.056695547085997,9.99974169557874e-05,0.6903325605073762,22668.900091749056,4.401458279141027,0.8251085017835911,0.7150631061661806,1.0,0.1843047156691226,0.035481594402356265,0.7679873861643369,1.0573892871114328,1.0,0.0
5970,elf2,tfap2a,0,1,3.783199513510839,2.2019297378307314,0.00010000000000021103,0.7628594087794216,2.422743902708711,2.110814668917441,3.673202678650822,9.999735680477693e-05,0.5665707525595763,24227.439027035984,2.766977302272189,0.833516500746404,1.153969957081545,1.0,0.1409525224274423,0.024962411510876623,0.5339911398926807,0.38959259516706995,0.0,1.0
5971,elf2,tfap4,0,1,2.581752149929375,1.7574901527392979,0.5151732500589795,0.09282504459288951,2.46906160514759,3.6210587843530693,5.0704918392769995,0.42947422819124903,0.08816827642922999,4.7926820829010826,39.00950223330618,0.8352274870925708,0.6033282183502351,1.0,0.11356058387580804,0.02555246514359577,0.3155414617920734,0.6948199003502828,0.0,1.0
5972,elf2,tfe3,1,0,0.04769987658654345,5.095364729392442,10.647915226967854,20.035467788328443,2.990816874017931,9.697192594680445,4.950774775294941,0.04748714658416936,4.062261599711839,0.2808828592514639,0.48400130693876253,0.8435955159820246,0.8967388856357823,1.0,0.07209378332773474,0.016765217519972883,0.6351162630952774,0.5226558286410924,1.0,0.0
5973,elf2,tgif1,1,0,0.00010000000836285494,11.825547953325433,8.184326444224752,64.3282088238901,2.422947459637188,137.05078018757376,5.912258290946809,9.999878652993351e-05,9.989215902032079,0.2960472649947797,2.1304927137451415,0.8263256533750725,0.3306583197895203,1.0,0.24432445088551574,0.05375053625123758,2.0903962340816657,6.513936295201837,1.0,0.0
5974,elf2,tgif2,1,0,3.208491977693806,5.2593023654521724,1.1710179444593611,2.143850226304908,2.678353392559817,2.45387959483326,4.626098657720652,0.8579045937373146,1.5230209598725166,2.287200982045042,1.1446133525207642,0.8389829707782888,0.6941906497248223,1.0,0.15512539780964016,0.028147004061203643,0.4076392036590163,0.4790706991243765,1.0,0.0
5975,elf2,thap11,1,0,0.7475092117695038,9.072944887742473,3.243943032792436,15.212557943184597,2.107110460598718,19.35768822582262,3.293491493009931,0.607517552733235,5.683337124250682,0.6495522391417844,1.272480821313492,0.8227174571847141,0.4808292541783374,1.0,0.19862211010420083,0.03716816748789447,1.6806415694324244,1.5589877298017214,1.0,0.0
5976,elf2,usf1,1,0,0.8242797174704012,8.98672786015901,13.67117587692787,0.1498560722138638,2.2936069129016063,9.374674613080211,1.077973925728849,0.7774072995454585,0.14739816863134456,0.16776954181186468,62.55785617883639,0.8231660208626033,0.4264525718123644,1.0,0.2589429459471287,0.03783520873826246,1.0561965305022498,2.975096159607857,1.0,0.0
5977,elf2,vezf1,1,0,2.494119152474708,0.0261671976368976,1.1088606011008313,0.0131543440020788,2.4007504599679095,1.1551198559767695,4.226374350595529,0.7675953382434728,0.008753784946848154,2.165060655581543,87.81280585289727,0.8267455353014698,1.1008276536532062,1.0,0.05047339146957126,0.01658708969908323,0.12711747327987905,0.12368280603433125,1.0,0.0
5978,elf2,yy1,0,1,0.8392245785896236,9.424720821975402,2.8117640164447293,21.208215596154677,2.070868016717954,37.34514296405959,3.67799056712515,0.6463184998725235,6.52505226393258,0.7365013580821109,1.7608809564738086,0.8153097645959038,0.4602573656995514,1.0,0.2684983169775467,0.05060029370478721,1.4109906660803753,5.8435553636253115,0.0,1.0
5979,elf2,zfp110,1,0,3.8473509694431,5.4510542514583475,0.6426341444267882,0.7918813835121837,2.3287339569168877,1.7313395467991537,7.993807557616593,0.55065641329636,0.6914356697937001,3.6237320676355496,2.1863622290503253,0.8285938122486406,0.6487072974145949,1.0,0.060619031393860365,0.016042967307418818,0.9191598412912736,0.5242442294109431,1.0,0.0
5980,elf2,zfp263,1,0,3.9363258256475384,2.677823627210084,1.5230200981398088,5.064876745794426,2.654685324424165,1.4513204283829477,2.1201820146746972,1.098135825972529,1.7516946240207218,1.7430402446209037,0.28654605061969934,0.8334193538141479,0.8068078342153603,1.0,0.0481118944560178,0.01653135104290277,0.18298581633595346,0.2011349418472442,1.0,0.0
5981,elf2,zfp42,1,0,1.0702673338442756,8.149315871197732,1.9422977438937226,129.061155941995,2.014684888106635,1396.7013241983539,2.4718029787595697,0.6900358247031625,7.665305078938583,1.0372688195929207,10.822011580510596,0.8111376727523604,0.2510319987106095,1.0,0.2970750474979576,0.13523403071424425,4.753245411177264,57.18807409167779,1.0,0.0
5982,elf2,zfp57,1,0,0.5360177518372811,9.719055903699648,5.912106245266678,4.1099166423965565,2.1903501187069945,26.081483969141438,1.551876012349175,0.49145982608806554,2.888465464361173,0.37048558125297937,6.345988553659064,0.8218609895567665,0.32793855837082925,1.0,0.2347398180139628,0.055898604716387454,2.3040634698564055,3.955774652744885,1.0,0.0
5983,elf3,ep300,0,1,3.3136970375433967,0.12622889117178188,7.693429130944,7.753974452477964,19.82940673351671,2.5303865618911208,3.369638956839544,2.3161080312448674,0.12420689601866217,2.5774471170157645,0.3263341370801753,0.7004599610834373,0.796519227525721,1.0,0.14137218875647958,0.037793807667342215,1.9355481657698712,1.473956693648922,0.0,1.0
5984,elf3,etv6,1,0,3.849764784076927,1.3615303877636953,8.459336320459327,14.10991493216129,21.141669720206046,2.0506413602173583,3.50589064065713,2.6457216320341654,1.2417119119541613,2.4992113942879732,0.14533336097889932,0.7102200217805077,1.0841957119500594,1.0,0.24624857517445808,0.04215218352636044,4.13679795613818,0.9868940240342758,1.0,0.0
5985,elf3,foxj3,0,1,10.580667662991917,0.0001,5.080287732523694,13.967519491646254,18.23363744586646,3.413380075818396,1.4698129457088331,3.4322833296364332,9.999928405838905e-05,3.589095422516291,0.2443798326438623,0.6980230493554761,0.8378298385811536,1.0,0.1330854653375469,0.034759260588743124,3.2024503934299893,0.9900679233244871,0.0,-1.0
5986,elf3,foxn3,0,1,3.566079229860936,0.0731997160784921,9.17292252721188,8.388035145344862,22.527427081453816,2.7594128444938364,3.5976078745491784,2.567812543337794,0.07256645172385268,2.4558614786754394,0.32897011000546866,0.7069552477386012,0.7662573754830583,1.0,0.13859453846847283,0.039686635628710484,2.743624204742486,1.5034204416123793,0.0,1.0
5987,elf3,gabpa,0,1,27.024274697708094,2.937323319317319,2.167766191237887,28.625944991516167,19.019326290370937,13.071249873518784,1.1556025508816,2.0067904554970726,2.6639717703826995,8.773698181679865,0.45662247577827364,0.6962807292534444,0.5622033903107264,1.0,0.20666254661425365,0.05743001807388139,5.556930007165196,2.708498042869177,0.0,1.0
5988,elf3,jund,0,1,12.445484066719484,47.47018431754559,534.6552841448822,222.86554170142742,38.244882353868185,923.1491426948891,5.580060114913607,12.162373380983686,39.1345550156915,0.07153185143402509,4.1421797898736195,0.721011677545214,0.8377999451854613,1.0,0.2589093567706281,0.11822361838884515,8.201744138688854,27.05378378970613,0.0,1.0
5989,elf3,klf15,0,1,1.99600110872874,9.866524776349305,20.47027927882359,10.28513983275262,19.041547195489866,35.10400518793801,1.9506067562452305,1.8186677737342325,5.035742156121233,0.9302045632170861,3.4130800124030105,0.6980402062981804,0.5559430097825371,1.0,0.18445838616188784,0.07313982119036296,7.501708265974343,5.671483174090302,0.0,1.0
5990,elf3,klf6,0,1,12.799289320568379,2.475512308823867,7.960178071972696,21.68648974647865,22.88501492108428,23.105644366156582,1.3789800876458216,4.907863013047729,2.221884270174081,2.874937559708749,1.0654395725757493,0.7064986510301894,0.6563011034000554,1.0,0.1978582290836385,0.0711190743427749,6.202491031479562,3.623269025977861,0.0,1.0
5991,elf3,max,0,1,4.787402692902415,20.82940347839478,53.31579298984947,16.616926156081767,18.03872358108538,29.380601423859602,1.8969546105476311,4.3929454814755236,9.24311308623017,0.33833734001705057,1.7681128957238792,0.6907460732393458,0.4434363273690283,1.0,0.3799015377613699,0.09354110955515227,7.179862413030065,8.233720209650233,0.0,1.0
5992,elf3,meis2,1,0,0.8827740501360661,0.44863020288578764,8.326589687568262,4.669670458690582,20.146684982345803,2.844537536944481,8.20905151220594,0.7981547381196323,0.40930678828994504,2.419560196706359,0.6091516654351055,0.7000017759781201,1.742845117845118,1.0,0.18822438011716652,0.03997532308311904,3.8725881280648484,0.6466471921564083,1.0,0.0
5993,elf3,mtf1,1,0,5.272048615395949,16.038564533349557,81.16519338597982,50.08633905819921,18.998202477602437,15.037391727819179,4.390668290798099,4.95049165731235,12.148418184262178,0.23406834487853406,0.30022940407655,0.6997633090985863,0.9192968835538036,1.0,0.19712147223208443,0.043911635461899225,2.9499854422067733,1.898263032539585,1.0,0.0
5994,elf3,nanog,0,1,7.04217620797578,0.22735454600460264,3.5699854743732757,9.727498311135234,14.289409647609816,28.86538321742863,1.5369765805868036,2.369024099233818,0.22216209461122163,4.002652041635653,2.9674004861441023,0.6768049269052299,0.2232853864275825,1.0,0.38416265774082825,0.11829702614149706,9.532398592717401,20.243894000346423,0.0,1.0
5995,elf3,nfib,0,1,3.5256835492730714,0.2634690632775607,5.534945996591199,5.375808570692737,16.29036916186768,2.438740368757408,2.695843805034823,2.153765138229697,0.2511596946296682,2.943184842616425,0.453650894872387,0.6904803980817628,0.8034863163118661,1.0,0.14182396406975548,0.03490148244197616,2.3113351490461587,1.5992830003558065,0.0,1.0
5996,elf3,nfic,0,1,7.734864214548392,0.5713079172216586,9.659442295381846,14.87945925130878,24.515526627850157,2.691629692270203,2.3351636639722115,4.295340805935003,0.5501832227181433,2.537985721967713,0.1808956660863499,0.7116449550465683,1.2214764658287756,1.0,0.1405009198984339,0.04010580871083101,1.3002059071973049,1.4999536319069426,0.0,1.0
5997,elf3,nr1h2,1,0,4.393656823478714,8.606865601708037,67.58488982836099,56.24125361701984,14.334054927700295,63.06537291808549,8.024275515222692,4.125462740929707,7.464532772655508,0.21208963962363706,1.1213365432345292,0.6746964581898377,0.4571933481887616,1.0,0.2893516747230492,0.0705658745033508,6.764340624600587,4.883130741046163,1.0,0.0
5998,elf3,nr2c2,0,1,5.021905728343593,0.0001,9.696007771473349,9.695750103797062,24.192487917504355,1.9296481574222144,2.9306769863418074,3.3083790695081627,9.999896863092014e-05,2.4950978266210906,0.19901999708785018,0.7135370665128911,0.9200090874408995,1.0,0.12124580005739612,0.033222940249525074,2.0588329816399336,0.5178440383017686,0.0,1.0
5999,elf3,nrf1,0,1,3.665183570448195,17.756292013241953,37.24891442825447,12.78777914808072,19.666672943631013,25.127891396776644,1.7377388399144245,3.336847586956409,7.433964501814466,0.5279797611689113,1.9649926000284432,0.7044799692808656,0.4950813196130572,1.0,0.2681700803639344,0.08781163112479223,4.932629556569987,6.515116015120638,0.0,1.0
6000,elf3,polr3g,0,1,26.011376213633575,3.474626448946761,7.707350026723836,34.34990945342911,25.80875399231882,14.537274383319781,1.3795476383032543,5.945621424907879,3.1554413308297655,3.34858983993612,0.4232114324210698,0.705343243490736,0.658084977069608,1.0,0.2712632974471725,0.06608751291595533,4.862773193034691,4.128304927428488,0.0,1.0
6001,elf3,pou2f1,0,1,5.905277650334665,0.749676211982863,5.651410112830517,11.098517704410282,17.10709318538352,3.641214479859656,2.0892011991481616,2.8877777539810436,0.7022416049213284,3.027048620404476,0.32808115253199316,0.690405707491082,0.8474750563975233,1.0,0.21445781857321303,0.040119521512740966,4.443063153779147,1.2941094517571992,0.0,1.0
6002,elf3,rela,0,1,0.00010000000000021103,1.3084910932578677,11.91625679613751,13.850295897192868,25.23992502063682,1.2199179123460313,11.35022650085001,9.999916081755051e-05,1.195543471379301,2.118108517837413,0.08807883393980631,0.7114633077599338,1.0403571953654813,1.0,0.12477581553464989,0.025519214331350376,2.5877258418265088,0.58625359595271,0.0,1.0
6003,elf3,relb,0,1,15.201110155918204,1.8502247811202648,2.545185520641716,17.49823639754073,16.30041892888511,8.167572887915867,1.2787014751879777,2.180153321666207,1.6732943415849983,6.404412879409787,0.4667654900961202,0.6909756734919457,0.6292726988754683,1.0,0.28841518817856915,0.06193317141007227,4.613773650735842,2.98766556441101,0.0,1.0
6004,elf3,rest,0,1,4.610274597863033,12.24199477772197,72.04678901811091,51.82323769353681,17.264412318855612,215.36913897590026,5.568109696059534,4.3330055392126825,9.902716040147643,0.23962778291917677,4.155841058204672,0.6904657218826239,0.29960097977363537,1.0,0.3445854091902312,0.1291974530584989,10.90689415076668,25.108139139000528,0.0,1.0
6005,elf3,rxrb,1,0,7.3952877082689366,1.1355802945073445,5.978978097413621,13.71731335246141,18.020884268972754,2.7070433915746364,1.958199347019142,3.306070319989095,1.04875932642369,3.0140408570434816,0.19734501370772356,0.6954262783292386,1.1401382936983122,1.0,0.21167755339594915,0.04280004215050879,2.0408750580903723,1.610468374502482,1.0,0.0
6006,elf3,sall4,1,0,1.1659096594906921,4.4496090353098445,101.0578030299259,147.41096856399864,13.496268590524052,153.95710214577122,30.011819577860276,1.152611909894923,4.319232733045594,0.13354999006387905,1.0444073710765327,0.670894905047042,0.5311084446409439,1.0,0.20291142742465007,0.0645249299791194,3.9304319047698346,5.9027668568296985,1.0,0.0
6007,elf3,setdb1,0,1,13.646050666908037,0.7289137862141267,2.0887277592383255,15.236302081792438,14.883494971464346,11.73853672334701,1.178059980589115,1.8114576551380255,0.6956342294498653,7.125627026133723,0.7704321337507939,0.6774944627525391,0.4471159124267662,1.0,0.2648966348949122,0.06972957212363348,5.229287924410146,3.8247612748238917,0.0,1.0
6008,elf3,sin3a,0,1,2.2429590765072076,0.9725042918738332,7.974458370206453,10.879471840519862,19.554932470468724,5.134233723329919,4.614937133019495,1.7505777634089357,0.8927062407177841,2.4521956931304993,0.47191939081158424,0.7005993470079206,0.6184022121507,1.0,0.28205014243388954,0.05837672579012124,6.970539234088132,3.2909283813354753,0.0,1.0
6009,elf3,smarcc1,1,0,28.44687200067391,2.4600944590845155,0.00010000000001886278,27.60611326589251,17.15563397762668,60.55778352512326,1.0690494549575966,9.999964848759949e-05,2.258803202036801,171556.33974390652,2.1936367116171587,0.6967159824722691,0.22430858199159756,1.0,0.3534740014624761,0.1144505225063043,11.671438107095778,16.381567735490286,1.0,0.0
6010,elf3,smc3,0,1,4.501209703323254,28.113971360317286,97.75676134695023,44.95852988705206,26.985107943762298,155.28371511934753,2.5933908293731776,4.3030746475892565,17.2973800002782,0.2760433914948244,3.453932223973116,0.7053620417530216,0.24739587227823331,1.0,0.3472334622967308,0.1262656965114153,13.21907774524132,31.81302429283249,0.0,1.0
6011,elf3,sp1,0,1,6.7154369483287235,0.0667494037572946,7.640130056127708,11.214070134285667,21.230181351597338,2.411662017256246,2.149403304246535,3.574001058476445,0.06635444283385027,2.7787722454501718,0.2150567981452943,0.7080074937030378,0.951204644691575,1.0,0.14826021431994452,0.03779889387973299,3.1027208104346196,0.5163686783174343,0.0,1.0
6012,elf3,sp2,0,1,2.4003635293694474,10.491777580202674,23.83336231661511,13.20012316679866,17.24186303013852,12.698691637620556,2.4608248098745733,2.1807323146897812,5.845573885196233,0.7234339326985596,0.9620131173897438,0.6966014277647203,0.5905619426742256,1.0,0.16357890465510808,0.04972194277829243,2.3976673593895557,2.008024342780456,0.0,1.0
6013,elf3,sp5,0,1,2.9332113873979067,15.353732718823721,22.974620305261023,7.834598697884944,22.989834824658832,76.41764350225336,0.9909254190933439,2.6011214948424195,5.187537309385399,1.00066223159276,9.753868251463004,0.7123253418149448,0.8802591071571224,1.0,0.19770464321447742,0.1251151871217433,8.728737090318507,16.640158799912864,0.0,1.0
6014,elf3,srebf1,1,0,7.67964031544974,1.03053712106579,7.463250310514026,2.3880625586789304,21.223737400868433,3.3099419316165544,2.822737246481373,3.784949609993535,0.7198816312794367,2.8437659890582796,1.3860365255454636,0.7042133243411485,0.5303572417850021,1.0,0.2795613296143259,0.05440507426419406,5.332762417297799,1.882027664912982,1.0,0.0
6015,elf3,taf1,1,0,1.9801862105594439,8.490329805606478,21.730557218802915,16.158745057698994,15.238949728944673,19.53167376411182,3.1677455591130594,1.8148123394207598,5.565850870484978,0.7012682452412581,1.2087370457525575,0.6807794031460748,0.47975753372859004,1.0,0.17108018934560457,0.05903092710551682,4.794805427938302,3.8928813466799257,1.0,0.0
6016,elf3,tbp,0,1,6.4588550188092615,42.19316622690144,4.932186594679,42.357052186407685,16.82662944757268,1.1171440253142522,3.3592821478248425,2.79660800317197,21.137475187187896,3.411596281804461,0.02637445165914407,0.6915253665123456,1.1473017351240071,1.0,0.2075678159609345,0.042915522362879044,2.377521776815623,1.4230377863988308,0.0,1.0
6017,elf3,tcf7,1,0,10.0065830483075,0.4804742092136101,3.5289771697461414,12.661478626912132,15.666890067382196,6.445157701949348,1.3815986275718597,2.608905915659528,0.4629079107648097,4.439498844507742,0.5090367319540455,0.6882399500214103,0.604329289543916,1.0,0.22582083779672557,0.043831958269926766,3.069508968284387,2.3710057997154506,1.0,0.0
6018,elf3,tead4,1,0,5.398230817507794,0.23120633745226032,11.591475984226895,2.178086101013169,27.629698753027977,3.1715930227999745,3.481359859050197,3.683021938440174,0.20901875672331532,2.3836221366998562,1.45613757937515,0.7220290867027508,0.687858346416392,1.0,0.20647526104269479,0.05648965448847162,3.1131893859666375,1.62469976967982,1.0,0.0
6019,elf3,tfap2a,0,1,5.7014026736034715,0.1736507622180004,14.642877329636882,2.801136550085464,33.34375500994017,1.8654130385320498,3.789502951049904,4.103607497691844,0.1635140418231756,2.2771313492091543,0.6659486266298353,0.7243910274702716,1.1376559546313798,1.0,0.17370066325856712,0.0372737201736452,3.417771158467791,0.8518783987909622,0.0,1.0
6020,elf3,tfe3,1,0,5.324648421834348,12.843274416660735,86.48802562945679,59.78561994170071,18.05297132445057,25.281960141344637,6.003165753400056,5.015847037830389,10.572143908632256,0.2087337662417622,0.4228769420806887,0.7004403101248434,0.9098719222101946,1.0,0.20862306847622958,0.0544113552222188,2.8683080300612858,1.4798412136297276,1.0,0.0
6021,elf3,thap11,1,0,4.231259098129855,14.803147184641233,61.634545170878724,37.1045004275397,18.19302994109596,37.88257477322988,3.7457524557278177,3.959440454841372,10.581550239864088,0.29517586104767524,1.0209698105815939,0.6936061251438049,0.4910871479002381,1.0,0.26935992470375997,0.06572320915174733,5.944018519537055,5.8322237391926395,1.0,0.0
6022,elf3,thra,0,1,4.334044083280759,0.5855318046370577,11.470248690632518,1.0181006257620384,26.431318923272435,1.3193822117555223,2.973741982379007,3.1455101586988308,0.3717374913378405,2.304337040648323,1.2959251555002016,0.7090731144147928,1.2046955641760837,1.0,0.13177046069863896,0.0388337707842249,4.801785577934373,0.8086557086322059,0.0,1.0
6023,elf3,usf1,1,0,16.015356157156475,1.5585538377499812,3.306778385597134,18.719931404751218,17.32809555276588,15.061846032075861,1.2772187674516218,2.740858338448241,1.4387672740043755,5.240174433291148,0.8045887405470452,0.6921342855942446,0.44667406227735545,1.0,0.27143752064563326,0.07371063426809199,6.211669053393445,5.932129782544639,1.0,0.0
6024,elf3,vezf1,1,0,1.8220788495519549,0.8530139279726834,10.22242092125914,0.3171225197372642,23.90779483068094,1.4111567769348745,1.2741528846205983,1.5464367392809857,0.23117810468949027,2.3387605553358597,4.44987879796117,0.706391778766293,1.1447267650108395,1.0,0.011498693545337002,0.03080732195554373,1.7790027969841158,1.940923148304851,1.0,0.0
6025,elf3,yy1,0,1,9.982902522173903,10.002691794752067,230.7594918483887,163.81098165654848,18.452778698813376,229.4610812827772,17.275782066308793,9.568939941849031,9.427053289713317,0.07996541572789143,1.4007673903320652,0.6916866350432784,0.4806900571387977,1.0,0.3292094859957791,0.0822994511424953,6.89602272807136,12.165641407718303,0.0,1.0
6026,elf3,zbtb7a,0,1,1.6689167943993604,0.5500899344457962,5.794295113200772,5.916754672564334,15.796300443447427,3.4289323098057545,4.527708780045916,1.2957151084346545,0.5032975721164834,2.7261815518266794,0.5795292351236946,0.688268910188058,0.7449240592607588,1.0,0.19539749190983213,0.04193787546083275,2.554886157170365,2.051146661635049,0.0,1.0
6027,elf3,zfp110,1,0,3.7987970345046334,1.0121842200993436,9.324806134271489,33.189164621655735,20.655403853130196,1.7521929010600628,3.183764155456494,2.6991859959984312,0.9822287671679866,2.2151027652162467,0.05279412486076155,0.7075498814670165,0.653542283500295,1.0,0.21921031343493952,0.03748933627116838,2.773535534606221,1.6824391672053813,1.0,0.0
6028,elf3,zfp42,1,0,5.961343352650295,9.277250418647053,141.8138267321716,132.24343722649328,18.417827475910094,1453.5533939285406,15.558173108531058,5.720859010471635,8.66908933094729,0.12987328457537395,10.991497380993207,0.6928226611598548,0.2568057992428551,1.0,0.3331752414109952,0.21643036270848368,21.547143033253743,80.3967790937046,1.0,0.0
6029,elf3,zfp57,1,0,8.033798486832843,0.5682855119938698,9.92997711894404,15.316532728049744,24.733387376690366,24.29738448181487,2.314263678704383,4.4409057930339975,0.5479548781608667,2.49077989610922,1.5863501820694808,0.7103282695359765,0.32510899208317007,1.0,0.24609398547491132,0.08513358739825308,9.450964053113255,8.002295676275676,1.0,0.0
6030,rxrb,setdb1,0,1,2.399631182803852,8.769487412287129,20.201897777070116,6.619994948901607,2.384837464819386,12.236853472554168,1.9633397229110834,2.1448594890964223,3.772314169591909,0.1180501698967244,1.8484687023189517,1.1358351594838079,0.4491946676406135,1.0,0.25484332952117245,0.03873907717103269,1.0533334984503933,1.8735965966280252,0.0,1.0
6031,rxrb,sin3a,0,1,2.32588814763357,5.497592285639791,3.161803666834376,5.643787738294646,2.4566353295304673,4.83754052026572,3.51083519494577,1.3400901367030278,2.7848654174961185,0.7769727625087078,0.8571443053114279,1.1357847361869196,0.6098439794918457,1.0,0.3253385025261504,0.05210886361996966,0.9147682795954042,2.4453309029086294,0.0,1.0
6032,rxrb,smad1,0,1,1.7862610387770947,10.765039403977054,14.589590971890773,1.2934451094707564,2.964067509183881,3.751591135603296,1.2572970336821763,1.5914175279433098,1.1547046027886723,0.20316316714393434,2.9004641233970476,1.145601661002634,0.9940120755093057,1.0,0.1560960427753589,0.028566927857330688,0.45540549818400444,0.5599746285990432,0.0,1.0
6033,rxrb,smad4,0,1,2.879215514394123,6.813022414821574,362.5444513037032,370.04079369421214,4.407726896273667,131.7059217396016,43.26584764626217,2.8565298409386752,6.689851910926686,0.012157755774287985,0.3559227090201261,1.154372716908699,0.971800112562576,1.0,0.22648851499741973,0.03697518103645027,1.0496704864052657,0.7695468099605149,0.0,1.0
6034,rxrb,smc3,0,1,2.5001054705458645,9.97101656351793,31.437254982342463,17.101589909800573,2.6790618735491347,75.85019410269379,2.9310561928650936,2.315927111344055,6.298626488778219,0.08521933212851752,4.435271486613393,1.1404958677685948,0.24751023636373484,1.0,0.34597068688069577,0.07369854988236073,2.967413801182248,10.608678160660293,0.0,1.0
6035,rxrb,sp1,0,1,1.7562858705511992,6.612609668244995,19.538906097832395,15.437164298386417,2.3736884274964,5.381357273362457,3.634231328168906,1.6114390871234041,4.629523279661603,0.12148522622562437,0.34859752538391703,1.1298711582885936,0.9745934959349594,1.0,0.12015715428026333,0.017208832626603134,0.14598808243606398,0.6577196966852128,0.0,1.0
6036,rxrb,sp2,0,1,2.2177710438336002,11.509508283264148,18.172918337102416,3.1290758772515064,3.044817813461888,7.883441942640442,1.427083986338063,1.9765576002378547,2.460219125926699,0.16754699256230574,2.519415396716119,1.1456084391872918,0.5784059810284665,1.0,0.19800384667646745,0.028929064307198788,0.8368326918832711,0.8643782397538115,0.0,1.0
6037,rxrb,sp3,0,1,1.5623249244821207,8.354935031705454,19.84941301113593,20.09568694897698,2.6485255849583,9.768458410048538,3.6732707377959235,1.448328611945634,5.9013879903994475,0.13343092732628528,0.48609726230562256,1.1391386784609423,0.5566785093536479,1.0,0.11511436504259251,0.027887886950392633,0.5672961884162095,1.2002331063837113,0.0,1.0
6038,rxrb,sp5,0,1,60.64021343936566,24.030942818541384,175.3453045557141,673.1090628015219,58.94471908511975,118.26286024113514,2.402425048849466,45.0577509339822,23.202578059536673,0.3361636585277976,0.17569643134638205,1.1773106284195018,0.9047239038893349,1.0,0.20871596621299843,0.07134666014683835,1.9700044133738945,12.658534177729265,0.0,1.0
6039,rxrb,stat3,0,1,18.60405793884336,2.01972841065168,0.5326473460785448,15.245358942636775,3.0704543587476056,3.261853255531673,1.164905273181215,0.5178217430784265,1.7834537385738358,5.764516394107468,0.21395713067858513,1.1451729201491254,0.4929252301198147,1.0,0.17455019981326153,0.025849219592538733,1.3015183248177793,0.9757972389952349,0.0,1.0
6040,rxrb,taf1,0,1,1.3625365558087585,13.785844895614392,13.596966885576597,13.850041502301787,1.927206603673493,19.155716848956537,2.205541423913485,1.2384344508699552,6.908934318204158,0.14173797876332528,1.3830801045450283,1.114928964783192,0.4829944509383247,1.0,0.2582344660027655,0.04515746143349493,1.172136454178403,4.197056636060942,0.0,1.0
6041,rxrb,tbp,0,1,0.00010000000000024315,0.9787393231813806,10.551250974301306,10.858087899948632,3.8055230587243414,1.0551447469509387,11.996700698990209,9.999905225430763e-05,0.8978113308499828,0.3606703193766405,0.09717592606299774,1.1492235828809492,1.0907297830374754,1.0,0.21126506748926085,0.03050846141898523,0.36126722840659853,0.30119801728118517,0.0,1.0
6042,id3,irf9,1,0,0.0001,0.3046508574792821,6.889147691375345,6.975125215907399,26.673386700227507,1.122225299909555,7.61801778814512,9.999854846269898e-05,0.2919015443098615,3.871797774581089,0.1608896278091495,0.8229233126058124,1.0401921522549926,1.0,0.13534994400189274,0.036447181319439456,2.9884486485194013,1.036386468949137,1.0,0.0
6043,rxrb,tead2,0,1,2.3201751662668397,15.78902076960842,25.50992812065228,23.624459830032993,2.0334853269607533,27.94904201525061,2.72329833179329,2.1267438754569485,9.463946884471918,0.07971348713109419,1.1830552832247159,1.1266858973370153,0.5309808863684099,1.0,0.29108874527025164,0.04677226328896805,1.133276643060117,2.9795983809061344,0.0,1.0
6044,rxrb,tfap2a,0,1,4.055725602682433,2.7383684570758593,4.026543579502874,12.703309332118868,3.2468008920852944,2.212796120221757,2.422360333468668,2.020540954228757,2.2527566013515297,0.8063493733466934,0.17419052487582543,1.144266910543024,1.1638273331359918,1.0,0.2415276518562441,0.03871960879097033,1.131274023504036,0.7462518303891641,0.0,1.0
6045,id3,junb,0,1,0.36995611862347155,0.30388779326238957,5.860734931245163,5.118871824894865,31.06196031623776,6.910064475016627,10.505173291643993,0.3479894493388776,0.2868581261931223,5.300011121581024,1.349919418066021,0.8426796727910342,1.5378908765152155,1.0,0.12013666165778994,0.04427246461819691,4.430798343943262,3.0190042649336135,0.0,1.0
6046,rxrb,tfap2c,0,1,3.2301628053511626,2.2489065576215554,7.04399484729045,12.828061347716504,4.345812395272765,4.072679847645969,3.737622379850129,2.2146097934318454,1.9134557735734858,0.6169528072474996,0.3174820993798052,1.1602568456597253,1.0434469696969697,1.0,0.18960871369609725,0.03865759320675507,0.9327099066177466,1.3275857289579442,0.0,1.0
6047,id3,klf13,0,1,7.78807692576128,4.607974922631104,77.16194520577127,45.58522905336663,21.481863611601597,67.84719040983074,11.154491926301525,7.074078969319771,4.184940901974625,0.27839971574478756,1.4883590983035762,0.7961999995422513,0.5762270309411965,1.0,0.3521689255942183,0.09822124046864762,9.03143916449607,8.15450600948022,0.0,1.0
6048,id3,klf15,1,0,5.979676297028391,16.05012851387053,40.44983744497376,9.250020236659743,24.81279738889625,35.41422186258176,1.5430177221335981,5.209551311099532,5.868108326880105,0.6134214364309999,3.8285561497722864,0.8097999219926034,0.5663563329428483,1.0,0.43084445321147646,0.1196701059291708,18.99616274254405,17.095796284308758,1.0,0.0
6049,id3,klf16,1,0,4.8405082151814245,0.683121691580742,3.963650617135287,0.6944596686639426,27.245022165576,1.4695239769308084,3.3493282127375803,2.1792068657288963,0.3443720111805603,6.873719405992254,2.1160681364808367,0.8287487030029298,0.9671508248380799,1.0,0.18349827171323566,0.04657423131627391,6.436727892460045,1.6899431255767254,1.0,0.0
6050,id3,klf3,0,1,11.061815485810747,1.273528884457033,3.197448974915548,13.343856702479822,26.726238514621063,16.447669053323086,1.4053586364236086,2.480463889510396,1.1625736243730547,8.358612983128829,1.2326023442882486,0.8200577021642962,0.4063056498704038,1.0,0.3905936885243902,0.10457340778887057,12.946031044951692,10.762277889795975,0.0,1.0
6051,id3,klf4,1,0,16.628355935053943,2.1850754234032155,3.5209188758506897,18.30505002802886,31.879036623235173,60.74073957665456,1.317842067299999,2.9056674662261313,1.952058079645223,9.054180953127718,3.3182503999523516,0.8452170477618113,0.30915005175584587,1.0,0.38221363025779304,0.16937094456621696,22.77223158181895,32.484752652766694,1.0,0.0
6052,id3,klf5,0,1,38.49073232303595,5.55336640709295,0.46518691457098127,33.04058310645879,33.549982673845165,54.5989171965794,1.1545470867794805,0.4596319470660901,4.7542805700604,72.1215099199139,1.6524804365788077,0.8478077737329022,0.29081673528869006,1.0,0.342348675574397,0.12011250108435263,17.720407215935268,14.895411710929293,0.0,1.0
6053,rxrb,thap1,0,1,4.6859560535665405,5.604422382881853,189.57118051427955,128.28665653000436,3.0883568882013397,49.22223869270683,18.31483755321242,4.572919361458769,5.3698320688686,0.016291278451835707,0.38368946563974465,1.1457505316045753,1.0362841812474504,1.0,0.2563032061786233,0.04642965756083878,0.6538548818747683,1.1522555496741969,0.0,1.0
6054,rxrb,trp53,0,1,2.736834190296782,4.9894112928910825,74.44490442016598,55.12390281805798,2.4103388461842483,462.3992071084075,10.584807674623281,2.639787122946034,4.5752896391808475,0.03237748594021063,8.388361191235006,1.1365640833176953,0.2769830215148877,1.0,0.4227143384699636,0.11449690112625621,4.86310393208535,36.246043837619986,0.0,1.0
6055,rxrb,usf1,0,1,2.3194188829258597,10.213049183871739,18.039938314643177,2.6836489664646956,2.454158592936034,11.563300599478843,1.4251224276341454,2.05518146608269,2.125213645171303,0.1360402984828375,4.308797739188577,1.1328941531758367,0.43692700140365476,1.0,0.2722724375381965,0.0474935755901422,1.0980816063577037,3.6199923019270313,0.0,1.0
6056,id3,mafg,1,0,34.83426073182414,5.154281089671963,0.00010000000000000009,25.828153563207003,27.68470392415996,27.41006161309172,1.1995640444409348,9.99997129271275e-05,4.296807690663878,276847.0392415994,1.0612474308708693,0.8244920591403682,0.37827141132287445,1.0,0.4434088014144401,0.11570422256520524,17.47088783345004,13.846665354158244,1.0,0.0
6057,id3,max,1,0,8.553510033224264,21.808657610073066,83.69327422605573,23.211552445867405,31.375642390847027,35.396091975184156,1.9505985853984384,7.760392587711706,11.244123456136139,0.3748884564618818,1.5249342782105078,0.8371622175811019,0.44310983881679156,1.0,0.41155192959742914,0.10747650947880674,14.718682009427221,9.017474743843803,1.0,0.0
6058,rxrb,usf2,0,1,20.812447439332228,2.5250849246023512,0.3069953344305685,24.410192236009024,4.097420560116968,6.046530251184171,1.1197202980070968,0.302532804979781,2.288367335307297,13.34684961163037,0.24770514679784253,1.1620224719101122,0.665801969513502,1.0,0.2627323201537422,0.041357168716925755,0.7088561133241582,0.48301478150024585,0.0,1.0
6059,id3,mlx,1,0,7.47515009996224,12.605933845281838,61.09672792448646,26.784711448093965,24.94940394057637,18.14262258314984,3.507077044281648,6.660269851282997,8.57173824051104,0.40835908547202415,0.6773499359255144,0.8153300382653061,0.5536726364756611,1.0,0.2900919447678896,0.07694447550503546,7.154162508289152,3.6749714669680955,1.0,0.0
6060,rxrb,yy1,0,1,0.00010000022541900577,14.755776352382304,3.983951456893381,151.88771730833096,1.7493916103036518,207.69753460865965,4.66455215795861,9.999771539994817e-05,13.449197073596718,0.4391096701935716,1.3674412802388436,1.1116170903190916,0.4753589180172399,1.0,0.4022894760459439,0.07343863198258149,2.4307724439108966,7.510583413631856,0.0,1.0
6061,rxrb,zbtb7a,0,1,3.693550396043513,1.7040593277408804,3.09787219214378,8.664766528701715,2.8290177839368176,3.5152596565037726,2.200333854790991,1.6847938577827304,1.4240065780212547,0.9132132019878745,0.4056958309101124,1.1407105811642675,0.7520508616751286,1.0,0.21181961715597467,0.03672943593422497,1.131085245183394,1.4069615389243986,0.0,1.0
6062,id3,mtf1,0,1,37.22380221016677,1.559363792234451,0.0001,32.448805761056455,28.521123486353314,6.38075645411661,1.048058938297718,9.999973135540858e-05,1.4878628714712365,285211.2348635331,0.19664071772325428,0.8316020488187433,0.8721631715024419,1.0,0.19097637194100628,0.05035341802985075,7.3347994580719575,3.3903238109061724,0.0,1.0
6063,rxrb,zfp42,0,1,2.9826249418673383,5.488383731283509,137.5330317013928,110.59929486877235,2.797723609375283,1168.677053827916,17.275747091736264,2.9193149039942323,5.228904376152335,0.020342193978895258,10.566767674374129,1.134520731590539,0.24387649346885504,1.0,0.4438451985372356,0.13348388912028047,5.4256419091824135,67.1580385975711,0.0,1.0
6064,rxrb,zfp57,0,1,1.4079794527714942,9.35988906515822,10.49047061270565,5.472286661654448,1.8381830018972496,27.659170477118863,1.797337276455895,1.2413690011145524,3.4533029428203434,0.1752240742823219,5.0544081820371245,1.115526603794333,0.3328712341008159,1.0,0.26244561823256707,0.047670958779201855,1.6357202592368567,4.803793586377106,0.0,1.0
6065,id3,mybl2,0,1,12.534257217370838,9.999999999998899e-05,141.15978510174784,99.04546481787989,21.240543320682907,448.90203759985843,11.721501009474549,11.512047106812313,9.999989903635657e-05,0.15047163259261653,4.53228260804549,0.7914864510334018,0.26070748849291114,1.0,0.4488564012541862,0.18733528537410116,21.936513394668374,44.77315158831834,0.0,1.0
6066,rxrb,zfx,0,1,5.804045633082028,4.501387656224637,2.089289357857281,0.07490904488600025,2.0243964680361,2.478567602102848,3.835835166700261,1.536274690943184,0.07368286455456087,0.9689402094654167,33.08769462853033,1.120364944534749,0.7831766805472934,1.0,0.20124736442669164,0.03485344779576419,0.39905733875280774,0.5400070908538661,0.0,1.0
6067,rxrb,zic3,0,1,3.841200101365805,1.384434164873463,6.879104558388492,11.228638498572355,4.18373883806961,2.962069071920741,3.134958533304242,2.4648569201757615,1.232476112461414,0.6081807308725801,0.2637959243498086,1.1595176103219498,0.9460699812763622,1.0,0.1512288606595794,0.030280824990822654,1.0661503792855078,0.15433799984590232,0.0,1.0
6068,id3,nfe2l2,1,0,12.784304319653213,0.03666105610733718,3.680707322501109,14.260334322879565,30.4899130487835,14.122096856533739,1.2764949019627956,2.857895490456714,0.03656704803086534,8.283710270140425,0.9903061552965111,0.8367892925241084,0.32171335761195236,1.0,0.3004638849421037,0.08046616370165197,13.504184382303874,6.332545239963455,1.0,0.0
6069,id3,nfib,1,0,6.363512072487502,0.7354478815678298,5.8622048103625914,9.664242844347575,33.60660057572976,2.552274988010381,2.067426759811231,3.051290279301822,0.6834382977486919,5.732757838198271,0.26409466619551647,0.8478001467434151,0.8113815311656851,1.0,0.2605594865735672,0.05923114541582315,12.66762168047416,1.9431115760620528,1.0,0.0
6070,id3,nrf1,0,1,24.43570653320233,1.439627966017866,336.8038914362106,168.14664167553593,29.729166394163904,203.97917397596876,14.801553637317408,22.78277657443478,1.427406878279328,0.08826847655290378,1.2131028722510977,0.8319893185362384,0.522292311688832,1.0,0.37197945708103863,0.10240914685583506,14.669410934978785,14.79935305357673,0.0,1.0
6071,id3,polr3g,1,0,15.454216253072008,2.5362684639264836,4.114975778340359,19.04316075717502,32.260344857897394,9.826087897716924,1.423388525889873,3.24968580473557,2.238176347809816,7.839741129875752,0.5159903874683557,0.8381536123909419,0.6538747713524307,1.0,0.3349890012905457,0.08118565768764499,10.409804602936516,5.191343641055001,1.0,0.0
6072,id3,pou5f1,0,1,34.64923674087325,0.0001,327.0245865461906,206.22085204910135,18.27727667552209,4979.948918502914,8.884574013151315,31.329755126711262,9.999995150832202e-05,0.05588961022336011,24.148619642581945,0.7669357179788001,0.2561163482562114,1.0,0.5779076947944841,0.3578223682946752,38.69246531071194,241.71295301426767,0.0,1.0
6073,id3,pura,0,1,9.597921653562851,18.64370051352279,96.59565739431024,31.965976877709178,29.329478919835548,29.22577087137562,2.7358166929385064,8.73044830071162,11.775694496591555,0.30363144380404766,0.9142774201202534,0.8300653314041059,0.6666125189517002,1.0,0.36547098949946066,0.07816468368441766,15.16350602085912,6.07569127675994,0.0,1.0
6074,id3,rara,1,0,13.639405879061469,12.504217160047697,171.01966139645353,86.53256623430755,31.695183120798312,28.77831043979857,8.551939393069512,12.63196337716574,10.925455800613813,0.18533063895690524,0.33257202105707157,0.8388915102650258,1.074509540446117,1.0,0.22429578704739772,0.05574324426802932,6.4292403090425365,2.509177060174151,1.0,0.0
6075,id3,rbpj,1,0,33.24599704221168,2.5855479751930153,0.0001,25.927465360109956,27.976297332553642,10.13365837677949,1.0997256663298236,9.999969921281325e-05,2.3510915796724583,279762.9733255364,0.39084647249670507,0.8272576395267739,0.561164823408926,1.0,0.304883965612706,0.06422466525766486,11.521125871978589,3.9554292577653065,1.0,0.0
6076,id3,relb,1,0,9.078958168641057,0.4945895196301816,2.824601983074484,10.6383482058406,24.46077424252893,6.2840545213990815,1.3496251066175553,2.1543507085733453,0.47261699099846605,8.659901249486557,0.59069833021155,0.8155067784937121,0.6141135497654489,1.0,0.26976255352267803,0.07163293952278828,6.262891058512086,3.6356300015978307,1.0,0.0
6077,id3,rest,0,1,45.85031197305351,7.9499864265296125,0.00010000000000021103,35.34470712742652,35.06172391881946,97.64896064998759,1.2158724249133428,9.999978189966255e-05,6.490170476955122,350617.2391874547,2.7627604975743223,0.8518059385567672,0.28767568614431166,1.0,0.4121209572386812,0.17030298619830256,27.194105501914976,45.7865842282186,0.0,1.0
6078,id3,rxrb,1,0,36.955892398535006,6.450452163716482,0.00010000000000000102,30.297933450787358,32.1671978932223,5.234482676334929,1.2129041040438158,9.999972940788994e-05,5.318202884717605,321671.97893221973,0.1727669870566337,0.8379796123810376,1.1564888888888891,1.0,0.3456049518037267,0.06783559945347718,9.15981722898678,3.570129905928636,1.0,0.0
6079,id3,setdb1,0,1,20.843878901897185,1.9695856829103051,2.261429139821301,19.757746822658792,30.39714079108241,12.43993495214629,1.2189958194674229,2.0400920451070017,1.7910424695944998,13.441562353567447,0.6296231581366246,0.8331324829495359,0.4492587538373315,1.0,0.3870928714300961,0.09138377235808105,12.024571017152693,6.039266591224402,0.0,1.0
6080,id3,sin3a,0,1,1.8943219155467172,0.8688208521949152,5.370620072929158,8.679272892651131,26.94256649425661,4.713952984008267,3.9530837603237394,1.4003805288965796,0.7897632210718276,5.016658435785055,0.5431276378001251,0.8165966424933329,0.6068773620166951,1.0,0.3164810395269757,0.07388209643362624,12.537611518949088,3.7528816070984816,0.0,1.0
6081,id3,smad2,1,0,0.017040764389022578,0.17507734256246996,5.00865044784542,2.116240590441454,26.709647274319597,1.796468048664626,12.31498019076691,0.01698298374976339,0.1616998555550028,5.33270340033598,0.8488959415951273,0.8232980856629782,0.7449864447127635,1.0,0.1936638618848023,0.06322996908461888,3.2423433606316987,2.9081642671152346,1.0,0.0
6082,id3,smc3,1,0,43.3024864916601,6.340818314768956,0.0001,32.90382666483309,29.685959411570746,85.97003946979197,1.19271038354975,9.999976906691238e-05,5.316322439680596,296859.59411570744,2.6127672123216876,0.8263892356776252,0.24718970125420173,1.0,0.44421048671710844,0.1602655523118774,23.195306120545858,34.3438837145236,1.0,0.0
6083,id3,sox2,1,0,54.491859114340905,0.18031085865137328,542.8459020988627,309.03772063833776,20.35073058434728,1485.8281242934154,9.586586820580195,49.52086464095226,0.18020571599332647,0.03748896418976931,4.8079183383320965,0.7853653517220907,0.36437575724589977,1.0,0.5150399845475608,0.19993249800236626,19.66087433425757,41.02960014957648,1.0,0.0
6084,id3,sp1,0,1,17.53413706002963,0.848142715133476,4.72235573335498,21.812824518248817,36.01485129312804,5.149539405625465,1.2812153951996024,3.720372003062165,0.8163988774664631,7.626458769030817,0.23607852349966466,0.8562580070234853,0.9727886791632733,1.0,0.1370825711763524,0.04793549910534255,5.721152473386412,1.6105213236860045,0.0,1.0
6085,id3,sp2,0,1,8.266547400812495,0.37269006481211975,5.386117677877971,11.948320875330046,33.283866377465834,6.87449425017031,1.6860200865208004,3.2612385079326267,0.36141681093023825,6.179565387917601,0.5753523295783113,0.8553425454545454,0.5746010604910301,1.0,0.22140236372373323,0.062378563016153715,10.434119847027379,3.4962862824109315,0.0,1.0
6086,id3,sp3,0,1,5.2369655426432855,11.401154433037433,47.858581345524726,31.860026750499784,27.918546930974415,14.788466230305048,4.209657291752952,4.720428663334021,8.396467116375941,0.5833550879707614,0.4641699250950272,0.8291560899114446,0.5722121562288718,1.0,0.1705182300885419,0.05915386620756427,6.814798820329065,2.4723430672954523,0.0,1.0
6087,sall4,setdb1,0,1,12.725811286720639,1.901535294901219,61.577077517482515,59.22525270062914,67.23748316800611,13.127808965671964,6.020893538713036,10.546269205497204,1.8423822362124578,1.09192390868041,0.22165897766667544,0.5204541548844696,0.4469632446055648,1.0,0.2715611789612662,0.061061172965607625,4.956823483873154,3.6781019484782695,0.0,1.0
6088,id3,sp5,0,1,5.8303458307483025,32.18098720556153,63.539790956741385,15.097752787055366,44.731667153386994,131.35916145106967,0.7653111139846587,5.340323263685202,10.27651306589034,0.7039945596270661,8.700577053009866,0.8682441284938599,0.8919964727253205,1.0,0.2804840093322891,0.15448028385872217,18.62445738533776,33.02107772313133,0.0,1.0
6089,sall4,smad2,1,0,5.262751785515314,0.18540601674225815,181.22755074278695,0.06385026896014885,201.9056380754224,1.8424879335420516,1.3760190439866165,5.114237058580699,0.04749418455973055,1.1141001312873422,28.856384844549545,0.5399614168987685,0.7516779326362608,1.0,0.20082024265750148,0.042220531381289776,2.350951619191112,0.9830221156017505,1.0,0.0
6090,id3,srebf1,1,0,5.895507922857083,1.0055427380629227,6.306916061086212,1.788659860003995,36.28139042168933,3.194162892525379,3.233354675496538,3.0471383108680166,0.6436805743205409,5.752635689183526,1.785785528008799,0.8487910150765727,0.527863773751333,1.0,0.24728543985148238,0.062410653461580395,8.579800243183524,3.0451130955078254,1.0,0.0
6091,id3,taf1,0,1,11.185318699689683,0.5498024577513138,3.160820629432375,12.815139648641336,26.56731242755661,10.39022210553526,1.3118512971461982,2.464411175833636,0.5271848706235103,8.405194581486773,0.8107771269302425,0.8135903922456261,0.46582306093613746,1.0,0.2840944821414444,0.08179209153013617,12.05524689015056,5.628240166002211,0.0,1.0
6092,sall4,sox2,1,0,4.7800776861933585,228.38104030556815,361.886541403357,110.86524585295687,100.09142001265896,594.0743940616877,1.4927160721383927,4.717761834418307,74.63462745115922,0.27658232225082263,5.358526826789545,0.5135866881499979,0.36549422506619744,1.0,0.32884248178041353,0.1386707395925823,11.696010086336953,20.417520539922887,1.0,0.0
6093,id3,tcf4,1,0,4.292201840752923,8.76865690697384,28.715778856297035,12.068471559576219,21.78198837924338,15.853411142052076,2.7314692750467855,3.7340641948650815,5.078640594234257,0.7585372658094156,1.3136221155919734,0.7973929077440292,0.5412473387435991,1.0,0.2768108168020032,0.07291239524692739,6.280490373249452,4.734279533801594,1.0,0.0
6094,id3,tcf7,1,0,10.202382949157478,0.5573565046885945,4.42440251341808,12.990558709213836,31.019168732119695,5.674839826135649,1.4900781521216988,3.0860812772978026,0.5344270525615313,7.01092828648535,0.43684339936131045,0.8364306960142772,0.5956567948954261,1.0,0.2796507021905585,0.06526028122559902,11.843979400962013,4.1171811155116345,1.0,0.0
6095,sall4,sp1,0,1,10.94148886165377,0.7012465274320182,202.32178952678785,129.45444381993028,227.9441789459164,4.425358921777775,19.31478021942859,10.380134936053695,0.6974683853398586,1.1266417694261057,0.03418468143073869,0.5520923404854309,0.9711245807413725,1.0,0.1470252359143307,0.03558914376535407,3.0996956693534186,0.8973520173467929,0.0,1.0
6096,sall4,sp2,0,1,6.842059397579551,0.0007842813458993876,185.42327580752016,91.34697556677486,203.42393122704607,6.829515304947268,28.066940339917366,6.598574128900889,0.0007842746123217876,1.0970787261800488,0.07476454762265092,0.5447159810105936,0.5744221993210963,1.0,0.18093076572201494,0.051768760841527574,4.254253310745021,1.5303843973292477,0.0,1.0
6097,sall4,sp5,1,0,29.53165851099306,15.057448050923453,164.16116680545798,351.93499709476396,176.44508011084426,104.85918236801793,4.732435110684662,25.029071215954847,14.439651295689833,1.0748283747272798,0.29795042616856593,0.5405340699893189,0.9087350287640819,1.0,0.18964821810734123,0.11423812817867345,7.803232535027201,17.32921982172124,1.0,0.0
6098,id3,tead2,0,1,35.33872293486306,6.121502739331417,9.999999999998899e-05,27.81451317041962,29.829759388529688,19.648184794072307,1.212203145074362,9.999971702508577e-05,5.0172836734488255,298297.5938853297,0.7064004562541796,0.8335123617938869,0.5200150857365632,1.0,0.3303045294383116,0.09450289473952095,9.563555779835989,6.186478352153758,0.0,1.0
6099,id3,tead4,1,0,2.5433520809564545,0.5443611073051138,6.245925394417295,8.648872028688947,32.42943004548889,3.950086865203356,3.646998541013831,1.8073826197772282,0.5121277231667045,5.192093724730497,0.456716997557673,0.8449117637071496,0.7178563992737478,1.0,0.2403202442621709,0.06119090556777822,8.474785745744725,3.7492965714239848,1.0,0.0
6100,sall4,srebf1,1,0,5.755063779239233,1.1310758986481415,191.54132771042464,1.0038343334761195,210.00628261197068,3.0590558848725005,1.853267764859396,5.587190667860779,0.5318316450713765,1.096401936450298,3.047371247284872,0.5463794062058722,0.5200504509424593,1.0,0.18049748836951027,0.03900795627032568,4.00427500692118,1.809507370312147,1.0,0.0
6101,sall4,srebf2,1,0,6.155687307140589,0.9363751668375626,202.82284078000592,1.277190176482763,216.33332562079264,2.518136025846169,2.175698922711291,5.974364916892485,0.5402728083885979,1.0666122453902567,1.9716218243870545,0.5280777514880794,0.6613470905662359,1.0,0.19062161304189906,0.035283424577148,3.9788682461324365,1.3177246745245421,1.0,0.0
6102,id3,tfdp2,1,0,15.279108909119543,1.7520045920205234,3.358608297072999,16.89140750480454,30.277641052466826,9.307790453110377,1.3154608900737514,2.753370564985315,1.5873609058476617,9.014936656606713,0.5510369962043067,0.8385116551683559,0.6246375529443575,1.0,0.2673389577159381,0.073542287555743,13.007146250684425,2.8331868866218324,1.0,0.0
6103,id3,tfeb,1,0,7.032791365529766,1.7686000356058065,6.286767875796414,14.191767855969193,34.757226996037865,6.623506822609655,2.12994541916214,3.319443686755865,1.572617956295717,5.528632149733186,0.46671471023419714,0.8510805485822462,0.8897163428915389,1.0,0.25247604482334224,0.06344911847498277,8.342000549521629,3.7775325969822617,1.0,0.0
6104,id3,tgif1,1,0,10.5388880638689,11.590482658937825,90.18355281628631,39.35299129574877,23.212805435663856,86.0080319361383,4.9089207671176665,9.436172912685134,8.953456209060631,0.25739510931611737,2.1855525870896013,0.8011024504625217,0.32143139793660397,1.0,0.489160092687144,0.1393025248536934,16.82612601443473,18.84483145633242,1.0,0.0
6105,id3,tgif2,1,0,6.01974130421799,0.6531311201760865,5.54739323402143,2.880762770974114,33.34932102226571,2.6838833080489155,2.357187508934325,2.886961509022177,0.5324200085010193,6.011710296241256,0.9316571760406968,0.8467695385244288,0.7098386618979861,1.0,0.22777031162061115,0.05511995873889887,8.174957375010292,2.037361874832892,1.0,0.0
6106,id3,thap1,0,1,18.392443026721374,17.471480056048147,238.2201350709994,96.48966352706164,32.792290092531104,31.94666025676061,7.026297793727823,17.074183559477447,14.792912557063083,0.13765540886272126,0.3310889383275837,0.8504372033297888,1.0116428712016836,1.0,0.27591655998948095,0.06739497180888979,8.790608840352787,2.525647650097959,0.0,1.0
6107,id3,thra,1,0,4.411911998145194,0.5637122274099484,6.173194369377978,2.026039596039037,34.76233109227875,1.4028183081998358,3.066751941706316,2.573010545147121,0.44100878051815984,5.631173912928562,0.6923943199048942,0.8501433408586567,1.2114055645694368,1.0,0.14414629472979626,0.0435667868969097,3.834860115938045,1.787286111380177,1.0,0.0
6108,sall4,stat3,0,1,10.019422240102681,9.999999999976694e-05,203.51159939832,73.12562262109994,226.64632278229345,4.331168021432056,8.908951262101596,9.549285295806806,9.999986324898155e-05,1.1136776648228948,0.05922914385117761,0.5519911011123193,0.5004125134261446,1.0,0.13345952041874207,0.03990109148898863,2.0153310686471824,1.8328010277484148,0.0,1.0
6109,id3,trim28,1,0,6.295905625732454,12.029294441728894,46.87887482473168,18.24041660527518,23.85364917263589,174.8732370254128,2.8542734951379103,5.5504690237881285,7.2488086108232945,0.5088357871603933,9.587129549159474,0.8079793186864838,0.23651924088932855,1.0,0.45990714378820347,0.22676142399452662,26.12893221631402,65.00410272490245,1.0,0.0
6110,id3,trp53,1,0,64.75348989275449,0.1346059067283569,759.2915693223848,460.11946560176006,23.536317087510596,3740.7067039954504,11.128283988515832,59.66515836718877,0.13456653988458997,0.030997732674043953,8.12985970742017,0.8068630735963938,0.2773010132049953,1.0,0.5044499928072891,0.2384334208406745,26.698292623537043,83.9156551205117,1.0,0.0
6111,sall4,taf1,0,1,7.914861424238852,0.15724494403372938,140.13780469447022,75.83983365046598,146.38120729837877,10.873175382250182,18.66814866443337,7.49173475582293,0.15691958978483644,1.0445518796125033,0.14337024303564483,0.5257584418585936,0.46655552029464226,1.0,0.1979851262331105,0.054145202069643024,3.7540920287512898,3.950819905109911,0.0,1.0
6112,id3,xbp1,0,1,5.367776427965139,12.189430504855602,70.98992358125669,48.41159853675899,37.935765635558276,34.352634421048315,5.163165277571736,4.990433687453856,9.737620389045963,0.5343823985404933,0.709595127187637,0.8597322610165288,0.6971473908948046,1.0,0.1572721128146355,0.06335541755118011,6.965359508818786,3.774624159662548,0.0,1.0
6113,id3,ybx1,1,0,8.510348775968325,4.973884947576346,74.06498983739124,42.510097101994795,19.50005468159607,1841.1910569633505,10.056208729609551,7.633258381852666,4.452877011765495,0.2632830264934647,43.31185253578149,0.7789578659736586,0.27409055790489145,1.0,0.5247191270136935,0.39183385463483816,40.71593946099719,349.18254692225946,1.0,0.0
6114,sall4,tbp,0,1,16.279705748262757,0.00010000106936303155,624.8717304445256,21.501906116282736,733.1789479105341,1.7800781012567204,8.803754646602783,15.86634190894301,0.00010000060428020071,1.1733271200938473,0.08278699068026911,0.5347017562966593,1.1274415192479954,1.0,0.24850189978425635,0.04574732087926772,3.4634964679436058,1.3442405075932324,0.0,1.0
6115,id3,yy1,0,1,9.432233612497148,19.865703466980634,97.03100171105838,31.45056917535719,30.112596075890792,48.79987012974038,2.571171497059609,8.59657395355161,12.175235046006335,0.3103399485203803,1.5516371057595064,0.83282125,0.45064378446302655,1.0,0.42219134435436784,0.11464683357788914,17.297901660656258,13.377744414692925,0.0,1.0
6116,sall4,tcf4,1,0,10.091415035931142,1.3095709951765349,102.97279173471533,73.00435377622908,104.40737676607898,13.03363886114278,11.341546227113607,9.190717455891551,1.286493541029374,1.013931690179475,0.17853235029095837,0.512136396713021,0.5359931450009842,1.0,0.18994370586985088,0.05411866017412073,2.8896974778927986,2.8668138873981945,1.0,0.0
6117,sall4,tcf7,1,0,8.37367973085298,0.5448291543891735,130.4907398142745,90.9510282996136,141.08959389589296,6.875401718677046,16.393888427336186,7.868737482402423,0.5415848675358408,1.0812230361840516,0.07559454628734809,0.5320550423404238,0.601144239504333,1.0,0.2263580709129444,0.05428239181782514,3.19821110798954,2.754198449115795,1.0,0.0
6118,sall4,tcf7l1,1,0,2.3139135718650348,0.026904611837222037,173.49028820796684,90.62577314327672,191.3340246610712,3.284749794479155,58.78691654783361,2.2834581222008308,0.026896626875762133,1.102851500435083,0.036245205757153225,0.5407532673619606,1.022727379090731,1.0,0.1844883816041261,0.04518323071676276,2.8611909568141503,1.069288408284987,1.0,0.0
6119,id3,zbtb7a,0,1,7.640530885398064,0.3289818827399086,9.723000394099413,3.125660390820739,50.110877558842546,3.1381428481093563,2.511746535518054,4.2784433427763044,0.29765329048611644,5.153849174916549,1.0039935423967603,0.8745136644142526,0.7260842862800427,1.0,0.3052918064315676,0.06908728350470315,9.705841152177454,2.992873839898456,0.0,1.0
6120,id3,zfp148,0,1,5.362222742240525,0.23527537812530347,3.8550092428397207,8.338114131426506,25.309267993310893,2.6518782590700454,1.767422533802515,2.242692629084632,0.2288188298149377,6.5652937253834684,0.31804293120371996,0.8131769142266927,0.8179244449607366,1.0,0.2139293084319676,0.05111980488182322,4.521072133119496,1.9328206328591309,0.0,1.0
6121,sall4,tead4,1,0,11.56925202751756,9.999999999998899e-05,201.2293760854672,6.344354546988693,228.87309718904643,3.6934687968652598,7.06359213657916,10.940264925189283,9.99984238203622e-05,1.1373741828421624,0.5821662029620241,0.5520096181649394,0.7051518304796139,1.0,0.2637446393343758,0.054440622170082484,5.894634562735639,2.0907942169966964,1.0,0.0
6122,id3,zfp219,1,0,6.589238677659832,14.817001122712103,57.83228259154001,22.995462662674353,28.39487933164088,17.487615693327584,2.8244727586872003,5.915270328329239,9.010885882072861,0.4909866610693769,0.7604811414259142,0.827285404680982,0.5468146697798587,1.0,0.26707655176551376,0.06908678758025048,15.048691139577338,3.68777563094645,1.0,0.0
6123,sall4,tfcp2l1,1,0,11.271716257580374,0.4893718429138092,328.6800827907026,199.2962635447357,348.68570968723213,28.62284564624337,29.75015497449758,10.897982134839765,0.48817313410688123,1.0608665627885603,0.14361957990154917,0.53034518547299,0.2843084723912265,1.0,0.27019430924707905,0.08655158630987975,6.453598238680181,6.830802061226107,1.0,0.0
6124,sall4,tfe3,1,0,27.14854178297424,3.913750623079068,64.5424096565817,97.26705085543689,69.35579084783973,8.226356530178082,3.5132765650443507,19.110198747262935,3.7623637619767254,1.0745770295356054,0.08457495583375403,0.5143104581823492,0.8936078823834661,1.0,0.21540194095523219,0.043529101820262005,1.6288796486346073,1.374192272472437,1.0,0.0
6125,id3,zfp57,1,0,10.921759754099803,0.9360718116764456,4.379886549968609,14.269439888674476,30.605525456862495,19.860093871040768,1.4929307157724132,3.1262040500995965,0.878445968240016,6.987743885074339,1.3917921113920906,0.8336878052260437,0.31605953992566055,1.0,0.4423099955979816,0.11878768464358869,19.034798564887396,12.643267309162542,1.0,0.0
6126,sall4,tfeb,1,0,2.9968993313079557,0.22305624745163488,155.71365545682573,100.62198597326447,166.09869793821954,4.812210035731847,42.856448813043656,2.9403094868960102,0.22256287575550024,1.0666932033091552,0.04782463781832396,0.5342179237641905,0.8616677355821687,1.0,0.21344896349620185,0.04705352224579719,3.4482143927345352,1.92366203662715,1.0,0.0
6127,id3,zfx,1,0,6.820404908874896,0.3387833343409413,4.785988915347268,6.693995464726612,30.68559544484116,2.3274976803540297,1.7878401723407895,2.812448275185335,0.32246344843149344,6.411547537530106,0.34769932137220033,0.8368278836224576,0.7738825945535112,1.0,0.21527943086256773,0.05158282800297835,9.308797298852642,1.2900876736239038,1.0,0.0
6128,sall4,trim28,1,0,27.093061350252235,2.5755391621046813,28.593391126345693,56.837739100231666,35.50811976342865,154.0219380649702,2.1480788846700207,13.911507477036714,2.463890686047773,1.2418296104344122,2.7098533562947864,0.5071337180232953,0.233759824215318,1.0,0.3991339062996664,0.17852237415411779,14.276446886865871,41.329862163693775,1.0,0.0
6129,sall4,usf1,0,1,6.979392619614469,0.056722618591125665,254.2729009574681,167.03905791342706,265.11221823740067,9.99626132311349,36.822145954994916,6.792937141380144,0.056703363434295315,1.0426286766663573,0.059843855969867535,0.5255409183485731,0.431578111689366,1.0,0.29159761114889277,0.06680757104941272,3.9667756592687637,4.91480417103273,0.0,1.0
6130,sall4,usf2,0,1,26.82622714165976,8.3764439256181,157.03316252313275,219.612976995717,164.74551284905127,10.865286722036302,7.115131204835818,22.91211394913822,8.068689238775706,1.0491128765542272,0.04947470259122348,0.5229132707512316,0.6772866056020177,1.0,0.3053644314955901,0.05719097987978703,4.660934211217269,2.5354108884932636,0.0,1.0
6131,sall4,vezf1,1,0,5.826713069469601,0.00010000000777643514,160.5981799061031,3.6956094030663325,173.07888485947817,1.6855503793901523,4.430586699380768,5.622713628118535,9.999730193556277e-05,1.0777138630130936,0.45609538118168336,0.536116155227024,1.1598137454261415,1.0,0.07839939642011169,0.027071196622793982,0.8288107287851846,1.9912652771177022,1.0,0.0
6132,sall4,zfp219,1,0,10.565367884259764,0.8407012596579654,152.5338763211945,98.64173596829119,160.6439451317823,9.929123709979878,15.381737446387204,9.880956383314166,0.8335967030378756,1.0531689681412817,0.10065844454695767,0.5323942018991058,0.5347974104966455,1.0,0.19398204634074395,0.04507896504824516,3.2963066523716207,1.9295948125830953,1.0,0.0
6133,sall4,zfp263,1,0,6.480937846692447,1.3196408157229926,221.12593251346098,0.3911135798930143,248.8895029186568,1.4641742029053786,1.3283766265918189,6.296397919113688,0.3016969852206692,1.12555547008719,3.743603592863972,0.5529659468887921,0.8052615485501453,1.0,0.14916027906196902,0.0338476620482657,3.354902562549195,0.8404795188246108,1.0,0.0
6134,sall4,zfp42,1,0,7.058509208945342,59.73094301778628,248.3848446847834,126.54389965069356,33.89046107217245,1382.8101816940966,3.204636549452374,6.863465761960639,40.57760216572205,0.13644335311673972,10.927513578379894,0.5040050002033569,0.25615835060247827,1.0,0.4092262913329477,0.20153657472529327,17.606132765157685,99.13144630777052,1.0,0.0
6135,setdb1,sin3a,1,0,4.459574567948081,2.7203099187856807,4.717281142481572,13.407918708803212,8.932218938504146,4.569656084099806,2.475245325278793,2.2924046837701617,2.261481722266616,1.8935099835506655,0.3408177050700282,0.435224040983415,0.6003553885026278,1.0,0.3655502931814704,0.06457990133873057,4.375488036534698,2.9866862777400014,1.0,0.0
6136,setdb1,smad1,1,0,12.984708343741426,0.7869614515677227,10.631228607034945,7.923124368082029,15.849831444681653,2.1066561972209636,1.999396904552876,5.8453493962877054,0.7158590147976472,1.490874858451772,0.2658870540651285,0.4514643510525909,0.9540308458381251,1.0,0.2490467886974036,0.036171245156448026,2.5592171239526675,1.2471212291390328,1.0,0.0
6137,setdb1,smad2,1,0,0.0001000000000000011,19.08540301888826,12.53765002045087,10.659869855874751,13.02318813510771,1.799156779838884,1.5585476545051635,9.999920240872805e-05,6.839672077807048,1.0387264051767955,0.16877849393699232,0.4479152205099728,0.737210503483739,1.0,0.2826031533103185,0.05563677455136098,4.203235227976733,1.0584222065038351,1.0,0.0
6138,setdb1,smad4,1,0,4.368516021191039,23.374683440406468,93.61725234789253,58.81099087371139,15.109679862844015,18.595462821111756,3.6800820110391257,4.173753735350515,16.726616967763853,0.16139845470677452,0.31619026554140167,0.4545901369784666,0.9914593473949883,1.0,0.2914803114600976,0.05034855409483972,2.626498586062666,1.9059361358412308,1.0,0.0
6139,setdb1,smarca5,1,0,1.9959564641701784,13.89885850015167,48.23963796109264,43.981737977910576,10.608971917894213,231.55733548075517,4.336719876161935,1.9166532877582896,10.561327801406085,0.21992229557051834,5.264851870952729,0.44222830945547986,0.16884336005306208,1.0,0.4840570430051921,0.1576522970178019,13.91716906400309,55.71141735387236,1.0,0.0
6140,setdb1,smarcb1,1,0,1.3747065974206407,16.15399249700194,24.38574770641429,6.335635274090721,9.958065222566562,42.82543067753804,1.4706855731006891,1.3013453823309478,4.550800294389659,0.40835595210997977,6.759453286818861,0.4361285910219419,0.29683762914951256,1.0,0.45229285727354757,0.11176447166144753,8.15636673750707,15.713618322584004,1.0,0.0
6141,setdb1,smarcc1,1,0,17.609029962210233,0.9979560349418215,2.461568667404109,21.451688153833405,11.852750731517071,37.04894833442847,1.1887001662271075,2.159668339657778,0.95359380633355,4.815120897690252,1.7270877736402224,0.4448764372783934,0.2115980762059413,1.0,0.3802499249543099,0.12314351534954585,7.092535098396187,12.405564062900236,1.0,0.0
6142,setdb1,sox2,1,0,1.1549686305880897,8.261412840523658,108.72871213318656,117.40264907147768,9.517359511247863,598.5756066410154,14.618370042524077,1.1428289522630595,7.718290637698771,0.08753308417365996,5.09848467113027,0.43581163578645327,0.36597519647233484,1.0,0.4473809470768918,0.13432816546406107,10.695202672541054,23.811333710292892,1.0,0.0
6143,setdb1,sp5,0,1,3.2639194507401736,49.11827878555101,56.91705562506416,15.553530523853649,22.865145299659105,140.7164122338242,1.3888808147475835,3.0869005478809024,11.81291596026407,0.40172747954991095,9.047232846459824,0.45201089313053483,0.8970673512281279,1.0,0.3046708303337664,0.11092927916439314,9.657083693687209,18.273172582988273,0.0,1.0
6144,setdb1,srebf1,1,0,5.1410499057503545,1.553932792071696,5.355147492262531,16.914013754009567,9.547248996972503,3.05801521882841,2.229215212895847,2.6229575784833896,1.4231815406398949,1.7828171886520392,0.1807977256790092,0.4349666740219469,0.5243416573262509,1.0,0.2752130057178998,0.04797759500428979,3.3532774884864565,2.037563154892978,1.0,0.0
6145,setdb1,srebf2,1,0,8.737324327181387,0.8765444228759203,12.92376723327055,1.2752614554045507,16.564473949026958,2.468688229232396,3.2647701661182396,5.212994254280716,0.5194814865626965,1.2817063051386353,1.9358290951005455,0.45233045263207594,0.6579203127395509,1.0,0.26438406616122323,0.05008762088393316,3.2829470988576817,1.257777594162321,1.0,0.0
6146,setdb1,tbp,0,1,12.425542031355583,1.0924956418839737,12.45925101235538,28.008085456961034,17.017514935223517,1.7539885764956333,2.080831576392424,6.221186845367663,1.0514811094428038,1.3658537674815183,0.06262436535303069,0.45548797413572667,1.121829383099337,1.0,0.26969326418413864,0.048724454565179716,2.476677523657346,1.2204403757735478,0.0,1.0
6147,setdb1,tbx3,1,0,16.869433854398512,1.2123933687974693,14.220288419259015,29.396389638877313,19.08694810808407,23.11797695028753,1.912595259503421,7.7159973565417665,1.1643712804859048,1.3422335430436119,0.7864223203693539,0.4534676345902172,0.34513753710202716,1.0,0.2595677458567537,0.07215690832297506,5.820366204095583,5.76651759558799,1.0,0.0
6148,setdb1,tcf3,1,0,2.383345109305214,23.423315431594744,24.25937270721411,0.0001,12.085708164253196,18.191299889513914,1.0982490043470132,2.1701411130324653,9.999957307677741e-05,0.4981871670844655,181912.99889513914,0.4462120410520092,0.4074967543229982,1.0,0.4182041735773634,0.09366493766857474,7.24312472509673,7.91305335475345,1.0,0.0
6149,setdb1,tcf4,1,0,1.686872806664278,17.92826961115121,23.714061082933494,3.2248284985774056,10.288434231164242,11.93166649771747,1.2638029333549752,1.5748477969449017,2.7331974953413303,0.4338537458929213,3.699938307721165,0.4383687637596243,0.5320139022177544,1.0,0.37094230706109865,0.07015482132808536,4.971486714793978,3.94800623354926,1.0,0.0
6150,setdb1,tcf7,1,0,16.104819883219857,1.7586681479668873,0.9662057085773381,20.895640887630844,10.92716674071114,6.090501019766713,1.149208596762162,0.9115192770991957,1.6221416421346746,11.309358497581776,0.29147232442016074,0.4419764435507038,0.5984930140841987,1.0,0.29977737936714616,0.05280824216437624,2.494836507768421,1.4302026334253544,1.0,0.0
6151,setdb1,tcf7l1,1,0,3.1506592164145104,1.768617406032484,14.107457669977675,10.510999889955254,16.16332324179512,2.84801194390576,6.14053497983639,2.5754716937361386,1.513885727224943,1.145728990999744,0.27095537757805876,0.44967873419993004,1.0044518517689958,1.0,0.16861088840244073,0.03760064777229322,2.0127740212477554,1.358531766582873,1.0,0.0
6152,setdb1,tead1,1,0,6.98615570953418,1.6606565481778564,6.357693964097976,25.733080205833016,10.893955021120066,1.4068264358310039,2.033304350284077,3.3285626766705185,1.5599846246732174,1.713507300388859,0.05466995884589491,0.4401143023437402,1.0034521714827802,1.0,0.2549556414034617,0.039449141099836646,1.3230245557027274,0.8759969000497498,1.0,0.0
6153,setdb1,tead2,1,0,2.8263997137574415,18.78724084176236,61.19790982024233,41.786785082624625,14.117322420689678,43.2708786899096,3.373119683931705,2.701626242554509,12.960313985571966,0.23068308153263292,1.035515859962677,0.45178012910397336,0.5327754185409622,1.0,0.3464988725993714,0.07384644384731143,4.123805820768882,5.855933471107862,1.0,0.0
6154,setdb1,tfap2a,1,0,12.002156650155511,0.5763684786965498,14.099918440000032,4.728351020353357,18.62811627619424,1.9352440291002653,2.4398799509457723,6.483370739176288,0.5137448803527592,1.3211506403716615,0.4092851864783172,0.4597910004053871,1.1454901519836587,1.0,0.26756530059028993,0.05388922997224177,2.8417873893349404,1.0122322931700312,1.0,0.0
6155,setdb1,tfap2c,1,0,2.5302129844709427,1.4560533243155074,46.70162045150105,24.533235340929544,42.03846122982821,3.7082933749512477,15.40145324456391,2.4001756224638706,1.3744777448312795,0.9001499481904388,0.15115386631312294,0.46358203973512274,1.035457463118643,1.0,0.16821570541038922,0.0418748856355435,3.6058539588642002,2.2286008660717647,1.0,0.0
6156,setdb1,tfap4,1,0,9.551712916694063,0.41443616235076314,13.213366405932629,2.23822953043928,17.332686890783897,3.5921023450636924,2.8246576881589895,5.544029993654142,0.349687206939282,1.3117540495207753,1.6048856009681447,0.4571600091789736,0.5996480732864261,1.0,0.30683664632334606,0.06509701762339744,4.544014878604661,1.8358717011039756,1.0,0.0
6157,setdb1,tfdp2,1,0,21.994070314853186,2.8938798162507826,5.913768633044742,33.27342636852236,14.75832582701389,9.826622666106214,1.3762096063169835,4.660620386400654,2.6623297984496377,2.4955872883744306,0.2953294487099317,0.4519614151449811,0.6271252296213851,1.0,0.305873680566878,0.05791018274745545,4.709042303720214,2.9727901745276037,1.0,0.0
6158,setdb1,tfeb,1,0,8.239997459769402,2.7496967773861853,6.716373942668586,18.067891313790604,12.064317366563904,5.925558646498848,2.0913277733350473,3.700289511226586,2.386502331687045,1.7962545667566634,0.32796072012986216,0.4473655091320949,0.8807782988482055,1.0,0.24058364425388187,0.05360365407874359,2.9885032566443424,2.0115404841942865,1.0,0.0
6159,setdb1,tgif1,1,0,1.5212113358926176,11.867846371655489,39.26412065065348,33.43925321425653,10.320676140248912,76.37000493201535,3.9655412503092156,1.4644731946115426,8.759155266100553,0.26285259848490056,2.2838430165496537,0.44056335205969066,0.3204779387533007,1.0,0.3904095268769451,0.0975332608242477,7.214826555163999,15.82100419408674,1.0,0.0
6160,setdb1,tgif2,1,0,7.106108908403008,0.7082265914209886,11.488571362531854,1.1528105993238915,15.533901536147638,2.4688806677528867,3.3518767998953045,4.390451361065905,0.4387075795010642,1.3521177739130372,2.1416186398709844,0.45454125516209204,0.6989464367840931,1.0,0.19625763059057422,0.04152297811780163,2.1307554705105027,1.1726594587445112,1.0,0.0
6161,setdb1,thap1,0,1,4.274916801754538,12.388773211394017,137.78197862152913,109.92516387837219,10.913703559033559,38.84207042967895,9.730954951473642,4.146271771131632,11.133955442175175,0.07920994943041293,0.35335012529666227,0.4408020796984065,1.0348619571051831,1.0,0.3339781164939573,0.05661188832341037,5.35949251796715,1.6476044964988283,0.0,1.0
6162,setdb1,thap11,1,0,2.801832353538209,29.597371211198084,52.00438301746679,17.511462627613373,16.339567713332183,23.979842814214123,1.677409424948751,2.6585955968274617,11.002039694166447,0.3141959728249095,1.3693797785001083,0.4559434762047731,0.4821591172994405,1.0,0.38161185444699147,0.07581942019904357,5.616274260497637,4.813748564771322,1.0,0.0
6163,setdb1,trp53,1,0,3.949811680477515,27.251568407219043,83.06584891484314,46.82289132213927,16.441785220441826,401.71915619788876,2.8474224458668473,3.7705219732627246,17.225872865642227,0.19793676264354437,8.579546133408979,0.4534166570248721,0.26912403229408216,1.0,0.5380596070973223,0.18691109021574623,15.50438684121604,61.86823330748377,1.0,0.0
6164,setdb1,usf1,1,0,16.206586511268515,1.7528531690754114,9.09774183762541,28.170046802367793,15.424900645486336,12.013112643417449,1.6585148897955462,5.82680315065972,1.6501728060333958,1.6954647560665856,0.42644986455640904,0.451694570525711,0.43521560810507837,1.0,0.3614191131915824,0.07605999302596808,4.558413701847135,5.381261587356334,1.0,0.0
6165,setdb1,usf2,1,0,13.084413010247252,1.571652519518999,8.799546491063442,25.717675842610536,14.63689705559161,4.772751532481737,1.7747320380462595,5.261246283381677,1.4811375896778434,1.6633694782403172,0.18558253715034256,0.4515963627319232,0.65544116595646,1.0,0.33055848686765377,0.062440103125293224,4.875407174174176,1.96692425643812,1.0,0.0
6166,setdb1,ybx1,1,0,2.9773225620957353,20.12926350663807,62.514137995628715,39.63195244526726,13.795524766884965,1813.3016076993945,3.1102691268591443,2.841969806739926,13.349159673982488,0.2206784770486576,45.75352703613607,0.4470951247834081,0.2754818702938876,1.0,0.5227800310911489,0.32764507264382087,25.136640641634443,308.1330782819163,1.0,0.0
6167,setdb1,zfhx3,1,0,5.895815273167034,0.7120530024324735,8.019859096460209,5.870013766939791,12.488697363926837,1.764137697433639,2.6465710251627845,3.3978667863025205,0.6350225656352705,1.5572215438846146,0.30053382623552777,0.4471516264697173,1.143996326377709,1.0,0.1207299665191009,0.024980592784978838,0.6547847233039457,1.054603568265575,1.0,0.0
6168,setdb1,zfp219,1,0,16.614555493861033,1.355629788073543,3.141887795857471,21.60991264812851,12.171442208799618,7.802528015163666,1.2624049070521188,2.64223010054268,1.2756085071733634,3.87392644156404,0.3610624504694326,0.4456527326020821,0.5285254528509934,1.0,0.26588361013304423,0.045029765362857806,2.9212740840485187,2.037031433729725,1.0,0.0
6169,setdb1,zfp263,1,0,0.00010000000000057246,6.866939439407401,18.289791732274416,21.39963036395467,16.26335322784206,1.397542956600122,4.11343403838058,9.999945325047977e-05,5.19871943278742,0.8892038502080658,0.06530687366236614,0.449229137761591,0.8164445156694495,1.0,0.11073568345584595,0.031616377028176997,0.9639676491385549,1.0086885770393659,-1.0,0.0
6170,setdb1,zfx,1,0,11.094000920297251,0.501576116182188,10.302664856454975,9.18548965804313,15.314129400466005,2.4746691659054503,2.0339854831309876,5.3418497345138585,0.4756055481910228,1.4864241061739647,0.2694106964388714,0.45072904095586624,0.7828623693067355,1.0,0.2058087387375081,0.034057476870336195,1.5374343850774013,1.5923504091436698,1.0,0.0
6171,setdb1,zic3,1,0,4.767948085343775,1.5091784504944705,16.857377502848596,16.33176923266299,18.895564931000525,3.2427690252350416,4.954682373575643,3.716711707337703,1.3815159722513977,1.1209077407092243,0.19855589305962104,0.45665235446546587,0.9541299462134794,1.0,0.17947432208076589,0.041048512572598894,2.1048235816575707,1.543301978857114,1.0,0.0
6172,sin3a,smad2,1,0,2.353021331839461,3.4617200384918583,9.999999999998899e-05,0.36274467420999207,4.986739242736617,1.9839117824227985,7.862430155747752,9.999575032536971e-05,0.3283388923418273,49867.392427371655,5.469168601147584,0.6126167618562901,0.7649264434338611,1.0,0.2409833295952497,0.040967910376342516,1.1482212140201988,0.9245209151066598,1.0,0.0
6173,sin3a,smad4,1,0,3.767920899841609,6.180843733218109,21.24135946099741,7.289611122779825,5.281463544735987,3.734383595919522,2.565980689671746,3.2002425139535435,3.344797759800132,0.24864056156262562,0.5122884517460308,0.6235026446218576,0.9466990698752886,1.0,0.2767986549933948,0.04705340697873141,2.343954759661638,1.1110573534938057,1.0,0.0
6174,sin3a,sox2,1,0,9.999999999998899e-05,10.293340809570573,3.76651888879083,239.49661219928066,4.597347194499286,1225.5322242231898,5.383687618868066,9.999734509905655e-05,9.869172968767879,1.2205825406002884,5.117117160736484,0.6026146783494062,0.369428821469762,1.0,0.4172100643610151,0.12744397682657874,7.68812051897674,22.774756224526545,1.0,0.0
6175,sin3a,sp2,0,1,1.5774127774391835,4.5274974685914495,9.585574638321875,4.105508319000845,5.35863121808871,6.463863396524349,2.2205783326963404,1.3545126721398388,2.1530946438461127,0.5590307749173015,1.5744368039905607,0.6244173410735222,0.5694318917283558,1.0,0.23743833481958007,0.044163749592356624,2.6992213329675123,2.281396688897258,0.0,1.0
6176,sin3a,srebf1,1,0,3.602165704891833,6.276300655382377,0.5147356317379648,0.7227115615593195,4.891821211011538,2.8370707981400667,6.83842279851801,0.45037830351557434,0.648085030697263,9.503560486952662,3.925592102081243,0.6140896694214877,0.50779648,1.0,0.2869504514330641,0.0445953569430161,2.123781282754734,1.3682177565011333,1.0,0.0
6177,sin3a,srebf2,1,0,3.720358814188838,4.6294123637019835,0.5731499374836477,0.0001,4.868291486069186,2.5662860190312378,7.443436399677126,0.4966388902639243,9.999783994528701e-05,8.49392308658863,25662.860190312378,0.6088704779907097,0.6600357543232066,1.0,0.31183621460728295,0.04600982684021813,1.6032489688120763,1.4526298892029827,1.0,0.0
6178,sin3a,stat3,1,0,19.40668537266971,4.410249637758431,3.9126674443166567,7.440483612813147,5.178521769145567,2.646503781698439,1.9138556843785983,3.256175531785361,2.7689755109941436,1.3235271954092664,0.3556897534376574,0.6212947981905883,0.48965232448066387,1.0,0.1886699258345544,0.041771922504089155,2.0354855728898547,1.3732399308882186,1.0,0.0
6179,sin3a,taf1,0,1,2.136956196564006,5.589451275526115,11.34315942426444,4.563755678456247,4.769604768784705,9.794065124836067,2.1587067281589967,1.7981919074078085,2.5123973256677825,0.4204829175354728,2.146053780019408,0.6044816008768295,0.46536167110924415,1.0,0.3143987265039411,0.05575092656320282,2.2403515820358173,3.1333215552354448,0.0,1.0
6180,sin3a,tbp,0,1,11.716987373138224,0.0001,3.191812239342877,10.887748838410685,5.336667623669256,1.3702938692015705,1.2724206376244058,2.5084798694658113,9.999908154492698e-05,1.6719867033180988,0.12585649150606198,0.6248223752164348,1.1138791865972777,1.0,0.2963436998904191,0.04656755375764587,1.46863886820623,0.9017668610861945,0.0,1.0
6181,sin3a,tbx3,1,0,1.422210489257226,3.876772514901851,11.609057451859751,12.009590128773624,5.2156487888543595,24.152432920469774,4.585711359581658,1.2669928477435253,2.930717998244964,0.44927409572073584,2.011095521287048,0.6172256658856861,0.3479382597058516,1.0,0.2379135166542383,0.06524334984422818,3.3987159537945284,4.800884624507955,1.0,0.0
6182,sin3a,tcf3,1,0,2.2181412974057597,6.909950633027969,11.234701894315272,2.8611009274461536,4.65431103930017,14.86272327213233,1.6932414339585717,1.852408140099295,2.023330451426269,0.4142798877160451,5.194756720937818,0.6035383856205118,0.39682256217070355,1.0,0.41030465925275256,0.08492318173265889,4.432791777151925,7.377970516050642,1.0,0.0
6183,sin3a,tcf4,1,0,1.9399290955590753,8.429888783926915,10.941026595647193,6.01417067909118,4.736837798027126,11.151412135963284,2.017239368429541,1.647767163943563,3.5100097782136457,0.43294271854815175,1.854189501926209,0.6079524114354372,0.525096236185551,1.0,0.30742040087849987,0.052306865401151335,3.063234460926039,3.540093941676074,1.0,0.0
6184,sin3a,tcf7,1,0,2.3900100456946576,4.80085349857936,13.352003833373434,5.1129396039930715,4.96011032121274,6.218923739185185,2.4346427319285673,2.027149990913691,2.475992158791955,0.3714880839694569,1.2163108154706872,0.6107120252749808,0.6004280362604258,1.0,0.2891772188331047,0.04933626342663058,2.280983773519703,2.9040196885097984,1.0,0.0
6185,sin3a,tcf7l1,1,0,1.315772828502363,1.2148194162330856,0.8899165472464577,0.8453904566288581,4.948940006557387,3.0946458240846733,4.027594729392197,0.5308671408475203,0.49849132097606974,5.5611282000207645,3.66061125935241,0.61210592746753,1.0196001284673046,1.0,0.17529873652360498,0.0367278619982513,1.4663361932366523,1.45158774789189,1.0,0.0
6186,sin3a,tead1,1,0,2.158907375710722,4.175275697822513,0.1951426755935427,0.00010000000000642828,4.906286101490713,1.9722095916296218,5.016494473525059,0.17896601706552714,9.999760501236666e-05,25.1420458726818,19722.095915028425,0.6093098460386391,1.0318398517200547,1.0,0.20488691776942142,0.030349587714900653,1.0118610295134394,0.6506470147410399,1.0,0.0
6187,sin3a,tead4,1,0,2.1433455345182075,3.0716820241546317,0.402773997076772,0.0001,5.022574159649152,3.3842673968038985,6.0399295181835555,0.33905864879554853,9.999674456067475e-05,12.469956343015383,33842.67396803899,0.6129032258064516,0.6955432536580414,1.0,0.3059949676861446,0.05168445538909348,1.9402445044349417,2.373137858057952,1.0,0.0
6188,sin3a,tfap2a,1,0,1.873147821926636,2.313223172974831,0.8313220103018388,0.6305524749905825,5.595444450611578,2.028144532226791,3.5709886956509727,0.5757834657129242,0.49548904921914255,6.73077866491225,3.2164563817739067,0.6204875896117233,1.14657435207869,1.0,0.2095930457455452,0.033311267808719194,1.8255373676667805,1.1030448651443427,1.0,0.0
6189,sin3a,tfap2c,1,0,0.9405322010186283,1.3058203745823447,1.3755933004796932,1.8491452417635668,5.287267850560454,4.6699156704136,3.8913163123351784,0.5586009021400962,0.7653495555534822,3.8436272179551123,2.525445576119163,0.622623979001101,1.0605283018867924,1.0,0.11593096167900412,0.03492632747914411,1.276102017915173,1.7182713346758745,1.0,0.0
6190,sin3a,tfcp2l1,1,0,2.1097173152776607,9.165361381743722,14.413125031329612,12.89377742647863,4.961732923666966,30.974752683333737,2.759088080492421,1.8403382909540211,5.357241310136597,0.34425101516025947,2.402302417577339,0.6129700578150323,0.28520747426820575,1.0,0.3321886311327619,0.0736692728876811,4.345636284623648,7.080015467946517,1.0,0.0
6191,sin3a,tfe3,1,0,1.8927241664780439,6.726795357241219,12.593425092398427,9.242923789117448,4.8974014775158885,6.041293659550227,2.7308519441066506,1.6454255430585134,3.8933218713584297,0.38888558446836125,0.6536128391173368,0.6115481012136368,0.8945181289124086,1.0,0.21594426551001464,0.03933369888477069,1.1268638668546225,1.246237769170549,1.0,0.0
6192,sin3a,tfeb,1,0,1.7451578900819602,1.6507727077615657,4.0029440431473455,3.146711012532654,5.1884004974594395,5.460302787370012,4.089357284159382,1.2153175885888545,1.0827560783016266,1.2961461468194844,1.735241261629312,0.61547156191031,0.8682119475623493,1.0,0.24926215080690522,0.04802429932515477,2.7537270340387443,2.1681452633765437,1.0,0.0
6193,sin3a,tgif1,1,0,9.999999999998899e-05,10.575679832871561,3.13416324535706,64.9078530485843,4.47470765460715,134.16073938571836,5.209750451985627,9.999680945751788e-05,9.093965879404985,1.4277200338035898,2.066941565380347,0.5970162504954418,0.32626113398492734,1.0,0.42142445817049123,0.10137317996067159,5.995373167737354,14.447406393177328,1.0,0.0
6194,sin3a,tgif2,1,0,2.1343399942010635,2.8268226190604517,0.36319480926327796,0.00010000000000000286,5.161204015980211,2.629126628330485,6.030604454490832,0.3103785404798299,9.999646258446392e-05,14.210566572934917,26291.266283304096,0.6177863709219501,0.7075420041725755,1.0,0.22103735281667222,0.03938936416927814,1.64380689497834,1.053006487193156,1.0,0.0
6195,sin3a,thap1,0,1,0.06743505894608025,14.862427043005088,5.792046874649027,81.81118939477821,4.7801701925313544,28.46841703014596,6.580295262993179,0.06665896863185153,12.577504374876609,0.8252989480201698,0.3479770584042263,0.6091865127977951,1.0193571495899707,1.0,0.30646605967676704,0.05302314012508865,1.889502014456388,1.8141806363509592,0.0,1.0
6196,sin3a,thap11,1,0,0.001986030221010705,12.481715428026039,4.8133093067112975,71.00859431846324,4.672220943796763,64.08890541779292,6.691770083408076,0.0019852110986593686,10.615711810369389,0.9706878669281003,0.902551388784905,0.6060660950770841,0.4936682211696373,1.0,0.3646961048673903,0.06767696547487972,3.1271860029833727,7.350808086057228,1.0,0.0
6197,sin3a,thra,1,0,3.0654283999076064,4.779343797924101,0.00010000000000003978,1.1622774023287785,5.429310719083373,1.2248744804875997,5.107846388197047,9.999673791967533e-05,0.9349171054612101,54293.10719081214,1.0538572616428743,0.6206227871342201,1.1989192386735088,1.0,0.2092047008271143,0.033516142354383285,0.5184795142985912,0.8472191125636566,1.0,0.0
6198,sin3a,ubp1,0,1,7.056907832807128,5.570328210505141,2.484651538873452,0.013100541382546375,5.10445405432041,3.1245715460954098,3.8492319880849197,1.8376406018615012,0.013069803247944444,2.054394338384683,238.50705515561535,0.6148731733821384,0.6082879858067408,1.0,0.35342432903480686,0.05737641618478605,2.3442680391109034,2.7333295948223544,0.0,1.0
6199,sin3a,usf1,1,0,2.6106837818947377,4.917291239019734,14.683131522530642,5.226262201442959,5.008307158685505,11.301262622585131,2.4296086094171088,2.216573535597374,2.533535558994719,0.34109257626688627,2.16239870618525,0.6155595989028168,0.4349571330589848,1.0,0.38318263524578394,0.07200270951570094,2.9461550428017076,6.8171998278623125,1.0,0.0
6200,sin3a,usf2,1,0,4.620617826965552,3.0307150738139783,4.470422850135687,3.180632521009631,5.205743870715241,4.4005455386749235,3.8359731704630446,2.272139818650278,1.5519322946473406,1.1644857869669387,1.3835441565811741,0.6256040030777227,0.652133075649431,1.0,0.29405452925488507,0.05382664644003315,2.470514892043998,1.8879073506795947,1.0,0.0
6201,sin3a,xbp1,1,0,9.999999999998899e-05,11.85027690167589,10.94017589011928,133.24477694523787,5.104284324682114,88.40057578865812,11.470488841479039,9.999908594625759e-05,10.882435070247533,0.4665632779535195,0.6634449605855077,0.6152275945345688,0.7128496343070543,1.0,0.19189629894611723,0.043590035396378304,1.589867285311759,3.263190147428926,1.0,0.0
6202,sin3a,ybx1,1,0,0.5133032493793428,14.459120800224033,7.088466512099986,39.64974373641546,4.781012472674169,1816.9398180502008,4.013183157138255,0.47864286974530906,10.59531445156367,0.6744776835036179,45.82475564353954,0.6106554266580916,0.2768182707327095,1.0,0.549503799155669,0.29782626538693024,19.293928807339945,295.4016666648365,1.0,0.0
6203,sin3a,zfp110,1,0,11.887550660161985,1.7863365297288816,4.43185533148962,16.536986920222272,5.255244018118425,1.7197951667984683,1.5211072321800263,3.2282979416372726,1.6121869980590509,1.18578871038014,0.10399688740730725,0.6253682525971073,0.6420102548513072,1.0,0.19698972632351408,0.03275696038751554,1.538636594878748,1.3561175224026665,1.0,0.0
6204,sin3a,zfp148,1,0,2.778319737150781,3.8244349555708195,0.7455217578678515,0.0001,4.900620947592359,2.483554369254621,4.708029094736371,0.5877953980868953,9.999738530301955e-05,6.57341103176901,24835.54369254621,0.6095598308705759,0.8121763888888889,1.0,0.20946036285000985,0.03375138610850984,1.175383507132228,1.3077213006991375,1.0,0.0
6205,sin3a,zfp219,1,0,1.0892492588529559,11.524118762118126,8.801295713858751,13.992807077815693,4.767635327716528,12.607543151699828,2.4882512742953415,0.9692898480029774,6.3195218574407,0.5416969822078906,0.9010017133508491,0.6079515690879649,0.5387374753399928,1.0,0.2608939127881497,0.052481229274827824,2.337020833114038,1.4677995507263115,1.0,0.0
6206,sin3a,zfp281,1,0,2.549720095591315,3.255814256250539,0.4558624234295216,0.0001,4.998654475771246,3.336327454741622,6.468272354512281,0.38672090168459966,9.9996928666048e-05,10.965269824535254,33363.274547416215,0.6155542316606244,0.5493453815840753,1.0,0.24889266140810648,0.047398856780244976,1.655821193819663,1.6115696085383964,1.0,0.0
6207,sin3a,zfp410,1,0,1.4303056619881958,2.4496074519462,2.787446350048154,2.2869749832898605,5.479417855266581,1.5167210156670592,2.9257899798880365,0.9452666457356063,1.1827495959546575,1.965748275360321,0.6631996531440956,0.6288273243862876,0.8393096464344322,1.0,0.21579632818635847,0.03732716581142029,1.9957868387815845,0.7975719663038603,1.0,0.0
6208,sin3a,zfp57,1,0,1.81793121288817,4.308169667791419,10.332143195430705,5.449172463486254,4.730137654676174,23.18217690430852,2.6633397741632914,1.545926796805723,2.4059789239635556,0.45780798477203005,4.254256414097252,0.6076203613762869,0.3249064343659192,1.0,0.3413757817647741,0.07688759762881488,4.6121747066056455,10.354218441605843,1.0,0.0
6209,sin3a,zfx,1,0,3.006373285456612,3.6696638192549176,1.31727288274687,0.4981082168653935,5.010463078496305,2.7298706187675257,3.720442867543687,0.9159431300068938,0.4385771788051199,3.8036637238353643,5.480476985396194,0.6144475974555702,0.7867756971661748,1.0,0.22154384359716459,0.03740253209953201,1.6424785882606168,0.5685553235168657,1.0,0.0
6210,sin3a,zic3,1,0,1.3106219781200525,1.3808722302381822,2.289676311930465,3.186670326744881,5.055599331018359,4.039621661017154,3.937372741189921,0.8335142967153496,0.9634030786201512,2.2079973945120206,1.2676622451697241,0.6168509320517204,0.9737447710290177,1.0,0.15014040269542117,0.035332060656625676,0.382692826242181,1.0095146345076182,1.0,0.0
6211,smad1,smad2,1,0,10.946619598741105,0.17286118105180015,0.9393843404723613,9.999999999998899e-05,1.93457410476569,1.7568306632687878,5.650916186042854,0.8651421524638752,9.9942183558524e-05,2.059406380771587,17568.30663268981,0.9504938747087132,0.7333236917052331,1.0,0.19938967415083855,0.029110579414478806,0.21088287295073044,0.505220335419543,1.0,0.0
6212,smad1,smad4,1,0,2.887427920646433,14.992185159410598,28.423236691362813,5.37313114931067,3.3372609890225093,4.206583238995493,1.496390643512404,2.6211531513229223,3.9554984491827057,0.1174131231168556,0.782892343793835,0.9878066290512179,0.9534292721554875,1.0,0.20494260128040778,0.033141563589919126,0.6249253480608202,0.654675972672952,1.0,0.0
6213,smad1,smarca5,1,0,0.39090611627344574,11.071257546785187,2.7307713541178296,45.14106311092546,1.9123809594668442,236.03503227388444,3.9177501468044937,0.3419556423089347,8.890725908292254,0.7003079758336762,5.228831932776458,0.9513539467627501,0.17004645118128806,1.0,0.31289280193769003,0.10174959265052506,3.600211846508408,27.346150622678636,1.0,0.0
6214,smad1,smarcc1,1,0,0.540900956461182,10.221052241504939,2.3185069376250325,18.846875154791967,1.8780248825376127,63.901968299253824,3.50740705237655,0.43858122610521616,6.62705988356056,0.8100147780715168,3.3905869155718498,0.940705802432444,0.22430174097948113,1.0,0.2974545068530857,0.06713715270192222,2.475846962288615,13.303630766564037,1.0,0.0
6215,smad1,smc3,1,0,0.40294562611666057,12.39595215726858,4.311207041920968,18.636000120965086,2.0051718482957694,82.70313254148185,2.7373732012816006,0.36850355581473804,7.444293669669298,0.4651068317522311,4.437815625920858,0.9530571520103751,0.2497307822010545,1.0,0.360257961317356,0.07925336970005417,3.1268406531687534,16.27452457228739,1.0,0.0
6216,smad1,sox2,1,0,0.5577801034801347,4.775544399588704,2.1131374277734185,1000.0,1.891261894941697,9999.957186566173,2.928678079457427,0.4412962958755281,4.7528469678691945,0.895001844217246,9.999957186566172,0.9452538905077811,0.37879673315550544,1.0,0.3091558600083417,0.08836511104783726,3.91466861276911,14.954724389720505,1.0,0.0
6217,smad1,sp1,1,0,781.135878293253,135.2009479307139,123.64021866642378,1.0532139060410695,2.154190437583833,1.229132509488614,7.366629700797013,106.744432268828,1.0450728003535434,0.017423055869835932,1.1670302703358768,0.9542573768467839,0.9972602289746441,1.0,0.10732875215206614,0.026968587571408725,0.2838384366257001,1.3150333707399857,1.0,0.0
6218,smad1,srebf1,1,0,4.6523573714687085,4.757086901450929,1.2157385012362116,0.8637204436735962,2.360099572555913,3.3644848131500527,5.676930482104964,0.963864616512721,0.7309969826094479,1.941288829921952,3.895340023260473,0.9592196239045228,0.5328512607807258,1.0,0.20672627335874233,0.0328889683715296,0.9498776436132459,0.9194578935429764,1.0,0.0
6219,smad1,srebf2,1,0,3.67781385324586,6.424786215407589,1.5484895744125662,2.8044083438579084,2.5163892329088084,2.521388773256249,4.676569856813813,1.0896911148025161,1.9522531412997162,1.6250604941033742,0.8990804704951345,0.9737797454748855,0.6597200377477194,1.0,0.22545977161658892,0.02536558180854954,0.915152497409345,0.36193670715365944,1.0,0.0
6220,smad1,stat6,1,0,3.57224620331838,1.5318555929582967,4.283108156895668,9.458502361542308,3.4687016423263577,2.02598182509095,2.5550918255132755,1.947756415594168,1.318342842291547,0.8098561874375874,0.2141968937205607,0.9881412024269166,0.9800109863281249,1.0,0.15389544911765246,0.026394563844860396,0.4744990855175777,0.6902182261704697,1.0,0.0
6221,smad1,tcf3,1,0,0.5936430669626432,11.25596541053292,3.830335102029849,4.863527156385226,1.8920015616420276,20.260036144574702,1.6540354800689405,0.5139835213023917,3.396117664262553,0.4939519679725619,4.165708444328456,0.9449018631434003,0.41091129732193693,1.0,0.2939612189413808,0.05454345010412548,1.691071692430482,8.348171744639021,1.0,0.0
6222,smad1,tcf4,1,0,0.6557660918810186,11.90409351471156,5.105022607555886,6.528976248463432,1.967406301919295,12.753418751659664,1.7473736699255433,0.5811184716162903,4.216418904479437,0.3853864033838673,1.9533565855230564,0.9520813414545365,0.5336885447241551,1.0,0.2573000292762205,0.04388978727030451,1.4469331544723638,3.0159599045571146,1.0,0.0
6223,smad1,tcf7,1,0,0.9093227341049037,14.327377824635832,7.874576269763893,14.575939544556531,2.133457266977068,12.296709458015048,2.2503040710684625,0.815188246174677,7.225294949240188,0.2709297864278653,0.8436306572503125,0.9572903478528969,0.615743709084097,1.0,0.2499215519403949,0.047717487592769024,1.3051974740308891,1.2284772749797335,1.0,0.0
6224,smad1,tcf7l1,1,0,3.062338179673261,2.2743370221657986,0.00010000000000026654,0.5436192988254516,1.923836964302558,2.876568970941585,4.154908240476827,9.999673462822853e-05,0.4387482829569294,19238.3696429743,5.291513706663329,0.9439263789584138,1.0061273437089688,1.0,0.15889131378318969,0.025949713773231964,0.5307020678612021,0.8405977564654985,1.0,0.0
6225,smad1,tead1,1,0,8.579416577349633,8.711553569102291,1.9188265078641225,0.0001,2.0161665831093534,1.6882129218369062,5.453978151225172,1.5681111417408342,9.999885211229755e-05,1.05072896108444,16882.12921836906,0.9552614379084967,1.0286132662580743,1.0,0.22587661948376608,0.033501651276618576,1.025216250779605,0.04864787818096833,1.0,0.0
6226,smad1,tead2,1,0,0.5008088802307846,12.299427053729964,4.440632437073096,15.062476127640412,2.0039481782260244,20.382834240626508,2.4755420508611485,0.45005252830574394,6.770721508385361,0.4512753997596938,1.3532193556956393,0.9506667523629637,0.5232941618318958,1.0,0.293755839548036,0.04732367639471416,1.3968767804944984,3.096829728434296,1.0,0.0
6227,smad1,tfap2a,1,0,2.30080297459089,4.090304302582899,2.3719090215285004,3.0651531384193005,2.713878574536056,1.9214782764071956,3.3893283373933643,1.1679074885685086,1.7521464104181634,1.1441748186392007,0.6268783938795639,0.9780006232482635,1.1381029906376388,1.0,0.18711888131747653,0.025927163708616894,1.4504919627431567,0.4400137193079333,1.0,0.0
6228,smad1,tfap2c,1,0,1.9864070527885054,1.1676600994490982,1.6318346725118653,1.3225577372759705,2.4144719698450605,3.5071952907652286,3.4296679771189376,0.8958737830577905,0.6201457062349889,1.4796057532767644,2.651827736450195,0.9681897470913954,1.0235297754321848,1.0,0.1070222457790423,0.02946944400098782,1.2553340673281739,0.5128198427584543,1.0,-1.0
6229,smad1,tfap4,1,0,2.369675751142217,5.026744817990458,3.161738803532711,5.292739844329379,2.7937069414633973,3.6466159863477885,3.5875473618447526,1.3544990526599903,2.5781570936967144,0.8835982714137866,0.6889845512158997,0.979892634461861,0.6041647614314782,1.0,0.2536468191252965,0.04019048003064711,1.7089007386773085,1.2158942325229736,1.0,0.0
6230,smad1,tfcp2l1,1,0,0.6248210147966463,9.9713717331437,2.3231662965732505,12.447985049333166,1.8657865299305407,31.738506440240702,2.8530774365656795,0.4923912383773931,5.536442791816933,0.8031222442761156,2.5496902763343954,0.9392099664760137,0.2883108113323699,1.0,0.26653349313917,0.0480641473959243,1.4490640337254703,3.615975956417097,1.0,0.0
6231,smad1,tfdp2,1,0,0.9029002274876856,13.674360444541083,4.410833591085369,3.159942414478219,1.9019812003534822,8.885394732351566,1.483089072192449,0.749481021966353,2.5667942368292316,0.43120674608934034,2.8118850177903494,0.942866065480731,0.6202764132413814,1.0,0.29539539803073733,0.04301650456851381,0.913354787193767,1.5056276705441496,1.0,0.0
6232,smad1,tfeb,1,0,0.5012380461115602,4.297124146632644,6.851748146792915,2.3714069492407446,2.1005923721542907,5.802521829038113,1.6653854248257178,0.4670696725720889,1.5281071523203604,0.3065775809546518,2.446868864450242,0.9546493771086967,0.8797508426247682,1.0,0.17107461719151387,0.02649953940900539,0.5660975572007121,1.354871923689502,1.0,0.0
6233,smad1,tgif1,1,0,0.5643304024676445,16.326644874433256,12.780299735654982,64.09824213384638,2.295167271525499,134.4429589319785,5.1435032315488325,0.5404654620494385,13.012256222218975,0.17958634140029997,2.0974515752123466,0.9650261402559942,0.32778296806868973,1.0,0.30758652414521676,0.06786723725273965,2.2834371072248323,7.821638005324656,1.0,0.0
6234,smad1,tgif2,1,0,2.670554397177022,2.9046107025842995,0.5784890153768775,0.2872522911081522,2.374285913395689,2.612493294924684,4.951818071049794,0.47548960957679953,0.26140096888350123,4.104288673223769,9.094769217840858,0.9652734019463697,0.7026154891304346,1.0,0.12806475818273833,0.016961075527082196,0.7449434614241002,0.612519099466701,1.0,0.0
6235,smad1,thap11,1,0,0.7413011661714004,8.960643375030898,1.2173219720142978,39.38808594285668,1.7271261594129905,40.82103444338606,2.6678469854469427,0.4607329403328588,7.299935206951307,1.4187915761966587,1.036380252206423,0.9327931884948363,0.5057084666520565,1.0,0.31183674070944944,0.04640852634080153,0.9282802553900871,3.727855050884666,1.0,0.0
6236,smad1,thra,1,0,1.6453734948408807,4.609749504962462,12.111010433982152,3.188271516601079,1.8019237770553873,2.4687005217639633,1.9214583944291868,1.4485736707350323,1.8847260099320553,0.14878393399772732,0.7743068646787558,0.9344038688077375,1.2472311249949286,1.0,0.17379751029238089,0.02097046970194154,0.22132576735984277,0.6661006090946355,1.0,0.0
6237,smad1,topors,1,0,1.8791735217254637,10.909916602811625,34.29382559895629,27.433942957089496,3.5110352656071484,39.58506813600371,3.707174224238073,1.7815511732723304,7.8057356036516214,0.10238097395917253,1.4429230314402952,0.9903240247497586,0.28812171551164206,1.0,0.24918156462656638,0.04885974171736041,2.899740707458363,3.1019910175092047,1.0,0.0
6238,smad1,trim28,1,0,0.7384410286917261,8.24026067606625,0.9116456542050585,18.815750314750247,1.6474972145985083,176.59853870233334,2.7524987022500014,0.4079764788548594,5.730581919926941,1.8071683959653178,9.385676135587977,0.9283376709868826,0.2373222925950592,1.0,0.3600096610821415,0.09960578426361012,2.8279147599971557,28.166564239215226,1.0,0.0
6239,smad1,usf2,1,0,1.634728871499758,15.184010591278502,13.017017468761969,3.701455846291242,2.133248789373903,7.2120990884039475,1.3999713339144362,1.4523384300292066,2.9759892327270667,0.16388153388387466,1.948449309649411,0.9614093749668949,0.6695608941791261,1.0,0.25958740674859376,0.03527002559767495,0.9273836050446564,1.2480959247492143,1.0,0.0
6240,smad1,vezf1,1,0,4.362902186298534,5.680184262875578,0.6053261794825109,3.003531608278048,2.603047400750517,1.257567371691228,3.290634677189753,0.5315735746122054,1.9646673414389193,4.300239257743393,0.4186962335356286,0.9747078159240321,1.1132210425106552,1.0,0.13808322699005077,0.02436672727851527,0.2545158109248703,0.20894122410108396,1.0,0.0
6241,smad1,ybx1,1,0,0.00010000000713339396,14.397157326490348,6.031398646604706,128.82467063482332,2.1237743294230937,5105.490803330598,5.585469418621699,9.999834917042113e-05,12.9499048927363,0.3521197078589132,39.631312683911524,0.9589442928885857,0.27640659550840285,1.0,0.4200734992874773,0.20124873922946523,9.572206608416423,189.27374443982174,1.0,0.0
6242,smad1,zfhx3,1,0,2.91366465286327,3.6793091881356723,0.9929540721226218,1.240563449987048,2.495591879156201,1.740721827999334,5.067629754494324,0.7405727012355876,0.9277509471757956,2.513300412597548,1.4031703320112388,0.9721567955158688,1.1370542852284546,1.0,0.18135861986582613,0.03675569156823857,1.2073845856699317,0.22694600272169882,1.0,0.0
6243,smad1,zfp110,0,1,6.960556116842328,1.4908567311654237,1.7394513457227598,11.741895544675927,2.5026723109872315,1.7959411680806365,1.4085999081609122,1.3916710711476121,1.3228906311033009,1.4387710913221006,0.1529515537970325,0.9741841952266664,0.6600937984477258,1.0,0.11140855905849102,0.020208613730484246,0.5712661931167782,0.6591082890642076,0.0,1.0
6244,smad1,zfp219,1,0,0.289506486241497,11.733620070395839,2.660912602004909,30.4484200947651,1.941871846097184,21.418260858169237,3.9861042965234725,0.2610989946041943,8.469722937461354,0.7297766355174717,0.7034276586932539,0.9458104867974572,0.54823981548519,1.0,0.287210086293222,0.04552985733747762,0.6936475100787891,2.4279513048108936,1.0,0.0
6245,smad1,zfp410,1,0,1.0488007135604376,4.2787422312287084,11.42707107983343,2.7980146269063866,2.106274841647926,1.4932979291807986,1.8057363625289142,0.9606318901722927,1.6917330336109522,0.18432324669486774,0.5336991146582595,0.9585874665435385,0.8378298385811535,1.0,0.21237329701161034,0.0385562058752723,0.9004880751621165,0.47856734325652567,1.0,0.0
6246,smad1,zfx,1,0,4.749282651315088,5.004733616313621,0.500180436365137,0.0001000000000095369,2.0930099268613875,2.205081827037309,8.166802434899113,0.45252213974627736,9.999800194111575e-05,4.184509778254238,22050.818268270126,0.95465087890625,0.772209502602477,1.0,0.17662941351633688,0.02502408033174527,0.38497741939167307,0.5698314281157253,1.0,0.0
6247,smad2,smad4,0,1,0.5342820205087434,7.786122224865907,0.3309760517813102,46.78850246098593,1.9820339391107333,13.983213715324462,1.8282707144371813,0.20437203575310423,6.675281799493872,5.988451214048401,0.2988600399635404,0.758576650372132,0.9735458112937067,1.0,0.19827970464589975,0.03644208483885426,0.9155757002597353,1.2901852344823923,0.0,1.0
6248,smad2,smc3,0,1,0.00010000000006932241,0.00010000000052645674,6.940680423284167,26.02598033611085,1.7824302962648242,88.23542355383637,34.9329147083854,9.999855930914789e-05,9.999961629648526e-05,0.2568091581172988,3.390282418349882,0.7493142670956409,0.24325262156598843,1.0,0.350771499825871,0.0811722370238408,4.634719661860562,11.616325604192738,0.0,1.0
6249,smad2,sp1,0,1,8.281608315346297,0.00010000000000032602,16.79956579895124,17.93792316032311,1.906937276428071,4.854727834106128,3.0193880252726775,5.5470857616467075,9.999944252529598e-05,0.11351110494457643,0.2706404632641252,0.7570304865292838,0.9619130508574558,1.0,0.12172525766419916,0.023986153977459432,0.06899406367316668,0.18024333620069913,0.0,1.0
6250,smad2,sp2,0,1,0.18154768117557893,1.2608669128881227,4.954649098050785,13.58662253737033,1.816147484538889,11.903596906104198,12.134540573232078,0.1751305671207716,1.1537925568266438,0.3665542097125267,0.8761262685677085,0.7425542996026389,0.5938152608007244,1.0,0.11068304509190707,0.028712816119421353,0.657874242580869,0.7247184477150295,0.0,1.0
6251,smad2,sp3,0,1,24.45488679479925,0.0001,16.737346897878176,31.049274005809615,1.8211012190374423,12.143704519432099,1.6844226965971891,9.93657995549915,9.999967793231523e-05,0.10880465286098041,0.3911107395670474,0.7471748027873361,0.5637170898893911,1.0,0.15359929040471335,0.027942344105441275,0.6712760586166245,1.373020181961182,0.0,1.0
6252,smad2,sp5,0,1,0.5904531482315385,4.187708597960313,0.43348146401871723,15.856162078956338,1.9941427239174463,127.19793774279835,2.0383563672684915,0.24996761713853669,3.312782612650153,4.600295259294735,8.021987736339447,0.7607301855610168,0.9013989059455988,1.0,0.21326125122534434,0.0739523888390946,3.154586948792901,17.330480668957595,0.0,1.0
6253,smad2,srebf1,0,1,0.9601570568496409,1.809225229381088,9.999999999998899e-05,9.999999999998899e-05,1.8970001575939766,3.2572772683571047,12.641606926756479,9.9989586121821e-05,9.99944730776659e-05,18970.001575941857,32572.772683574636,0.7567586877000457,0.5258799171842651,1.0,0.17699694185983494,0.03654357138518201,1.0128213515100748,0.713072893096528,0.0,1.0
6254,smad2,srebf2,0,1,0.04258908309045156,11.335892417093696,0.00010000000000000286,1.6817865131721133,1.7627224808752007,2.7038984959795767,5.364528537449289,9.976574807243598e-05,1.4645123054551268,17627.224808751504,1.6077537040534353,0.7364285523058988,0.6724656696808202,1.0,0.20042456258132169,0.030547543193585176,0.7343342773808578,1.1168349791801822,0.0,1.0
6255,smad2,taf1,0,1,6.94701181298775,0.0001,14.916374633297197,14.201773301148842,1.8918638361483986,14.698165083225863,3.1371743396553864,4.739623984557726,9.999929586753889e-05,0.12683134358433654,1.0349528028332113,0.741373500040525,0.4768200786896592,1.0,0.2025771109769947,0.04132609992113187,1.4918989982413495,1.4922800664334694,0.0,1.0
6256,smad2,tbp,0,1,1.082874590378019,2.120007094701905,13.869487843681412,20.1027623784223,1.7846972913523553,3.39603823298619,11.299070128121404,1.0044510380024223,1.9177627215592197,0.12867795202440863,0.16893390913436826,0.7446441278444791,1.127794231003286,1.0,0.21297492198397103,0.03454198756281983,1.1370329028940378,0.526988443877377,0.0,1.0
6257,smad2,tbx3,0,1,1.5402972532625707,0.0001,4.341542764482254,13.398677898477693,1.779522865050891,21.247012768021644,3.8051220010458966,1.13693442441129,9.999925366327616e-05,0.4098826066183195,1.5857544251015727,0.7409523302753183,0.34352113079961777,1.0,0.20459705657399732,0.04268161516234045,1.480069175027602,1.827543100674362,0.0,1.0
6258,smad2,tead2,0,1,4.98884614981838,0.0001,19.780428465542272,16.416995847344026,1.9922892274896624,17.248944076634885,4.964563786091237,3.9840292428620887,9.99993908788684e-05,0.10072022610431582,1.050676033363647,0.7656497041420119,0.5210239198473542,1.0,0.22325549500406888,0.03948753630172543,1.9774001333216644,1.8563900552170174,0.0,1.0
6259,smad2,tfap2a,0,1,0.831859356376111,1.0358976983316137,0.2521098564688494,0.3626507621195204,2.0494909993056107,2.001754039756742,4.78719324149198,0.19347407698768926,0.2686135664234588,8.129356892315096,5.519784456145759,0.7670744704276214,1.147413695061052,1.0,0.10178891221549548,0.021676196656775466,0.8467839719178318,0.5826603844378133,0.0,1.0
6260,smad2,tfap2c,0,1,0.3664518112954334,0.4977238426023361,2.7903742577391353,2.3740500700953495,1.8481935724416043,4.537800327796879,6.04300256056644,0.3239132212480027,0.41146042806281075,0.6623461233974683,1.9114172800974778,0.7475729829052158,1.0577839800640798,1.0,0.14916012372466747,0.024717755258687316,0.8658162369400861,1.0831307698635795,0.0,1.0
6261,eno1,ep300,0,1,8.75343027827606,0.7650280116595657,18.23419870364122,2.728575377866687,713.16062091403,2.1969945255895365,3.7942820339868106,5.914257496999865,0.5975024532695066,39.11115769357157,0.8051800743387333,0.2832564168676313,0.7784680261323714,1.0,0.3375423349031324,0.18563566423980957,112.12528784611595,7.014555880963428,0.0,1.0
6262,eno1,etv4,1,0,11.103030022361722,5.821735167821943,21.775076213167935,49.26523679680836,823.0827658987101,10.755390984132614,3.2891729361169624,7.353505192849296,5.2064789800972635,37.79930585964936,0.21831603141364378,0.2889549910021382,1.255776109325157,1.0,0.3091844114790292,0.23094597055667968,156.47323784984246,16.68022680913765,1.0,0.0
6263,eno1,ewsr1,1,0,14.715754123580613,1.0988902676309202,7.683699071017418,23.14925364417418,447.88382801796047,34.419505342998775,1.594396752935161,5.047954756143154,1.0490901746965469,58.29013133887023,1.486851622607751,0.2641355382914297,0.23204554629677557,1.0,0.70083368896895,0.43591327010901804,306.82630747799476,67.8798535192766,1.0,0.0
6264,smad2,tfdp2,1,0,3.0346650808376716,0.8995097271032404,6.603617348649257,9.759972191382726,1.7692296725486107,8.234527695491774,3.4687772109925703,2.0791844523927816,0.8236038101608653,0.26791826042290284,0.843704012062883,0.7433874511718751,0.6205426486804818,1.0,0.19316447277020068,0.04228787821995619,1.2605509734545846,1.6177444029248131,1.0,0.0
6265,smad2,tgif1,1,0,0.22451418283067626,6.531854313676801,0.0803340239467264,59.939654771176905,1.845479055331242,128.981345659974,1.4911911638336761,0.05916429009231164,5.889998556789525,22.972570831943806,2.1518533290251294,0.7548716080859588,0.33001893557740464,1.0,0.2907538261451697,0.05744929240645019,2.5541495973450257,4.980806989486879,1.0,0.0
6266,smad2,thap1,0,1,0.46272279831454205,4.516610625224286,0.246497798851545,999.9989918105541,1.9351507117765907,436.1752751170966,1.5196443765134973,0.16082464570082292,4.496302556847425,7.850580089528704,0.43617571486484885,0.7632675121169098,1.0227004545189675,1.0,0.13817036709456829,0.02429222517313701,0.4893341348132716,0.4754144255254649,0.0,1.0
6267,eno1,foxp4,1,0,13.92643173973794,1.0266329103866587,13.944233719251963,11.491089163842203,606.2312793042383,4.339479795104945,2.180075966451054,6.967663522059031,0.9424342737306431,43.47541008777351,0.37763868448254045,0.27556523425912405,0.5833047665166132,1.0,0.5275118950534712,0.24810712849156802,192.01239002011803,13.531111476394125,1.0,0.0
6268,eno1,hdac2,1,0,36.99647735885936,2.6186098070601687,6.7208240151565075,43.03157416012587,551.1930564956419,66.01646497599862,1.2477753069293556,5.687606638441857,2.4683997372264814,82.01271975766893,1.534140134644926,0.27368149895112437,0.22293667925112445,1.0,0.5250607053411838,0.4284040971527091,247.33142932963378,74.88072280971289,1.0,0.0
6269,smad2,thap11,1,0,0.0730363319274545,6.425768451551107,0.020267454178630732,35.62683212346531,1.7885576909029708,35.52402308592526,1.4940591825335474,0.015864956530616144,5.443891002157875,88.24777276609122,0.9971142806864285,0.7506236598917936,0.4883977214886691,1.0,0.23643389386532654,0.04468772413057879,1.8520287806011582,2.667412597894934,1.0,0.0
6270,smad2,trim28,0,1,0.00010014759592016226,9.430587818278587,0.0001,24.005533720386886,1.761643092668845,144.8218868986414,1.4129556809529618,5.0036871769426877e-05,6.770710341298517,17616.43092668845,6.0328542820795645,0.7409555768517564,0.2337121035493072,1.0,0.3672881146805721,0.12130564775359683,4.469178374384258,30.055689473063232,0.0,1.0
6271,smad2,usf1,0,1,10.235822737780724,3.687976377338698,6.694705234044676,4.037674428583448,1.8764423941035842,8.989854863080891,3.114648411874356,4.04747070920706,1.9274554708822211,0.28028752999628515,2.226493250530562,0.7467404844290657,0.42585468289983663,1.0,0.27455620193395047,0.054974841980575034,1.965963048024691,2.5325366508002207,0.0,1.0
6272,smad2,usf2,0,1,0.7326869718919815,8.864901112215408,1.5771882197768419,18.646674663205054,2.2576938065792778,12.708232905554551,3.355524462583631,0.5002803896158216,6.008413633240499,1.4314675815285518,0.681528108099153,0.7753445764511792,0.6781821294398341,1.0,0.2315409684481127,0.040038054110681454,1.189372820415248,0.8659209293084139,0.0,1.0
6273,smad2,yy1,0,1,0.24892425951430597,6.423476228985734,0.09613751834064582,22.05904629743075,1.8505599323611477,38.86752564715976,1.7428391821874456,0.06935268436061832,4.974831825173654,19.249091970566838,1.7619767021245483,0.7485346258037063,0.46689636547801233,1.0,0.301575848036334,0.060008883600238636,2.4709377796810794,6.142316929575512,0.0,1.0
6274,smad2,zbtb7a,0,1,0.20004892796453155,2.6965473930558765,0.00010000000000000286,9.999999999998899e-05,1.7870159257890996,3.32695201547279,6.613526091487946,9.99500372042902e-05,9.999629169165555e-05,17870.159257890486,33269.52015473157,0.7460363914291726,0.7385482395976221,1.0,0.16646590579868445,0.026535108476205715,0.1734371671481653,1.1498552828534456,0.0,1.0
6275,eno1,irf9,1,0,0.0001,0.0001,27.04705190406209,0.0017180205778107957,700.1269990575593,1.0832876238223292,18.180272995066517,9.999963027530457e-05,9.449951220461889e-05,25.885519854103208,630.5440329490808,0.28338131011309614,1.027431421446384,1.0,0.21742028587318654,0.15044789776092912,61.65675706018221,2.78447143242414,1.0,0.0
6276,smad2,zfp148,0,1,0.5256406961186836,1.9888161425205582,0.05607054190559388,9.999999999998899e-05,1.8469633368157041,2.1337812894748054,6.828631601528506,0.05066596062181997,9.999497213592465e-05,32.93999440785576,21337.812894750405,0.7506446503373645,0.8014162387058008,1.0,0.0898240476343146,0.02400847327983298,0.7809429291396068,0.2919784282444815,0.0,1.0
6277,eno1,klf10,1,0,8.633456460684698,0.5792920515926314,12.348450288891968,5.775908140457249,542.8905826627795,3.250676663341071,2.674048053193781,5.081035255684242,0.5264881632968391,43.96426838687086,0.5627992316172348,0.2750316392953913,0.7408834335309961,1.0,0.33179134455289566,0.22096815214244958,109.55359575098474,10.06219122574639,1.0,0.0
6278,smad2,zfp281,0,1,0.5340991235585676,1.8324195456872532,0.06167909980366951,9.999999999998899e-05,1.8497185833017802,3.461431509788688,6.857619408673654,0.055293650984943585,9.999454303227287e-05,29.98939007199541,34614.31509789069,0.7525441281204981,0.5566347718257612,1.0,0.11486123142911348,0.025567094276096436,0.9288916758349202,0.9861316764237458,0.0,1.0
6279,eno1,klf15,1,0,23.610773950558333,4.115419172225764,7.431939763757862,38.453423895375565,494.59189276809775,27.558954702087572,1.3917409977533417,5.65265818546425,3.717553650340963,66.54950234930509,0.7166840273331767,0.26830332199415086,0.5401236310385649,1.0,0.5030813276926097,0.3492734646571993,210.6909037111834,45.43600357020702,1.0,0.0
6280,eno1,klf16,1,0,7.581537124143658,0.8049553484527784,17.402263790654928,0.5679117484671659,683.9692714540488,1.4381946407586343,2.254068553054374,5.280858161771616,0.33298459873022324,39.30346532393921,2.5324262874300874,0.2819893766483189,0.9635196921684019,1.0,0.35327009398218545,0.18167766952107492,74.4337879309019,6.637104726997261,1.0,0.0
6281,eno1,klf2,1,0,8.382443787554495,25.55415862716905,210.61495119933247,128.69346610196678,508.8080928183701,2508.2818447752834,6.276342716997905,8.061593560748289,21.32060868246659,2.415821336144453,19.490358918361203,0.26662443084335546,0.31782269173779887,1.0,0.7148071976216548,0.6508210844890285,660.3629481084427,544.2269554105402,1.0,0.0
6282,eno1,klf4,1,0,9.32784710056944,1.0361688399522164,20.29156048499233,23.95811600097574,769.7748548336676,52.240882578895345,3.3127068278351706,6.390288971486033,0.993213185420752,37.935714968939635,2.1805087919587556,0.2849563911208751,0.30097983694694297,1.0,0.3712127050507674,0.4641720089104652,301.75334977255545,93.93721844193064,1.0,0.0
6283,eno1,klf9,1,0,3.087993030097438,24.916732182382354,83.15046219814552,53.68878627848429,554.1331150878315,128.54121065890573,3.268277374696247,2.9774193779060494,17.018513904518667,6.664221706517347,2.394191032595916,0.26951328714694905,0.2474074750474436,1.0,0.49654930043207657,0.4116698674941959,277.84616736825353,67.6546882960814,1.0,0.0
6284,smad2,zfp57,1,0,4.683496183719507,1.162190984011244,8.725428783167127,10.220331503954704,1.7833188611888549,24.401942485239676,3.1885802903310863,3.0476352510135634,1.0435276662145936,0.20438180237390602,2.3875881595227586,0.7464266424906447,0.33005154062344877,1.0,0.3135468075223065,0.06019388733070711,1.3810779601902698,6.850670045443264,1.0,0.0
6285,smad2,zfx,0,1,1.7795013643631203,12.532829834986686,0.9654821765694852,1.5484952696910288,1.7554774976494112,2.433853578707781,3.1944041860246064,0.6258969588903105,1.378210329713402,1.8182391557831834,1.5717539642167635,0.7363006066305677,0.783439566847147,1.0,0.18005079888163125,0.02182263418377934,0.9953862370683766,0.4755946218816125,0.0,1.0
6286,eno1,nfe2l2,1,0,13.625947900107972,0.7719216757401611,11.69880527787728,22.444682993744358,549.1816991022995,13.656561255608178,1.9224883989570005,6.294525758633509,0.7462562917634641,46.943400292405514,0.6084541830871235,0.27410294483597236,0.3166535975969824,1.0,0.4518913748028317,0.3112651010883658,203.9212051892453,23.151646532123543,1.0,0.0
6287,eno1,nfib,1,0,8.798802746930365,0.23198769033934027,20.019349257805757,3.349198061948267,776.7759602409723,2.3871771450423975,3.5021001675399694,6.112338681966522,0.21695962639861804,38.80125923364363,0.7127608164366813,0.28922844946933723,0.798595655849421,1.0,0.32626684794328026,0.19203276973920458,117.64590734010675,8.318713462025555,1.0,0.0
6288,eno1,patz1,1,0,9.311619790336142,0.5706426713309309,13.45790065898842,20.54438618645155,568.7463130027924,6.220313375692881,2.5132006238114224,5.503622897614944,0.5552208094648184,42.261146624152815,0.3027743598294995,0.2748251825772941,0.4250482123811292,1.0,0.44907786661027,0.2572408879316233,228.64201399160805,18.163636408804773,1.0,0.0
6289,eno1,polr3g,1,0,8.98525630253128,2.460894045931385,11.124716284101167,25.39184455487027,498.5150602687621,6.406017683542256,2.455018634538266,4.970589923729532,2.2434648160054547,44.8114853033342,0.25228642486760783,0.26963318348319676,0.6303498227582977,1.0,0.5325768623247258,0.2654268009679093,183.7526211266947,17.676718401485925,1.0,0.0
6290,eno1,rbpj,1,0,29.782485319529474,1.9204023322065733,6.361498702932904,35.21386960191979,506.90930552990653,8.92415071499201,1.2797827348679809,5.241847207893868,1.8210885467071132,79.6839438631342,0.25342715287687334,0.2699563736948254,0.552104728821566,1.0,0.3964417692717635,0.2335805955008247,136.26416057067118,13.045620360106717,1.0,0.0
6291,eno1,rxrb,1,0,15.279161436761674,1.0800245419097354,18.79089774760381,9.880640803447232,742.9330826012217,1.8680695859815164,2.4735758762493174,8.427022643948689,0.9736028079753577,39.53685941886196,0.1890636066164626,0.2807330663338491,1.1157309990741522,1.0,0.41870526435003624,0.17166760045608004,161.78647052705074,4.395298128290827,1.0,0.0
6292,eno1,setdb1,0,1,12.721305045604892,1.0507475174633678,13.35921329404375,25.373283510049,582.032115714381,9.804599756077652,2.135044594792394,6.516228905790997,1.0089647045266934,43.567843622489505,0.38641430669367544,0.27402438602468515,0.4390281061930672,1.0,0.4700218175851426,0.28339349111641404,195.69446725732732,21.882782507767736,0.0,1.0
6293,eno1,smad2,0,1,0.0001000000001947221,9.999999999998899e-05,20.721135291161943,4.95069382325039,616.1394443443752,1.7294904066644112,27.286879913933518,9.999951759800919e-05,9.999798012189327e-05,29.734830436977713,0.34934303522105314,0.2786072071973803,0.7239848409042549,1.0,0.3568337077412468,0.19397794596229778,115.81173962944798,6.578946906033831,0.0,1.0
6294,eno1,sox2,1,0,5.556906629426491,22.217375239610202,143.78843790478504,100.33943382507364,509.4228297529839,489.79757539141394,5.729443204854838,5.350142827150148,18.18975926050028,3.542863648677493,4.88140660874468,0.26705579616424585,0.352670454280446,1.0,0.5639744422311481,0.4809544510684015,352.6187025051748,110.79048433312573,1.0,0.0
6295,eno1,srebf1,1,0,7.671958216762185,0.9690550856733253,12.35675791476701,0.7601975591090502,535.0224092182802,2.908146709499997,2.561683070117482,4.733230517332211,0.42600675673032323,43.2979599429474,3.8255144003728954,0.2732134337328318,0.5145079906228841,1.0,0.42314931466653966,0.22408219159583212,129.8331742553795,8.145761159809684,1.0,0.0
6296,eno1,stat3,1,0,11.470750189888243,4.275141940850432,14.540194668128096,4.268231584384416,622.0468232553002,2.733555292122336,2.9207627480175944,6.412183089113741,2.135841983938389,42.781189485641356,0.6404421217731516,0.2793780934256495,0.49359254998464247,1.0,0.27176173989073654,0.2115868639415088,85.05912904690207,8.250410788562593,1.0,0.0
6297,eno1,tead2,1,0,47.57427088949438,3.9681876254300574,8.699005925516254,57.46011079037553,636.9143824404616,21.92281521263404,1.2523134553206248,7.354269873607835,3.711847901936029,73.21691557563379,0.3815310292841634,0.27875227478645315,0.5187806519726255,1.0,0.4498448279103004,0.2779102918508045,175.56833618668864,25.13083724018204,1.0,0.0
6298,eno1,tgif2,1,0,6.498077467521542,0.7009901183901783,14.933210555054641,0.8274301735288461,602.14794397731,2.3768230360777283,2.6999455095091207,4.527826742066757,0.3794901038465937,40.32273848663394,2.8725360907990467,0.2776458127618151,0.6942553021789476,1.0,0.3365012843730507,0.2028986451958334,103.00475693125748,8.072370202529441,1.0,0.0
6299,eno1,thap1,1,0,4.846096649407079,41.72419788209903,131.12903585337665,54.72652118500417,639.6473497435549,18.054182888098786,2.39070080116543,4.673383798879696,23.674475643186916,4.877999335393447,0.32989823758514153,0.27484519585203987,0.9978531516517989,1.0,0.3728024923281811,0.1892614769981839,129.83005677601628,10.825064100011286,1.0,0.0
6300,eno1,thra,1,0,5.466372128558544,0.14228340407761053,35.52092042891455,0.0590934902222976,1203.0113821182956,1.1145085619635886,1.6060871920363482,4.737335825270599,0.04175266967387793,33.86768607321973,18.86009030387333,0.29254412264717394,1.1760322859928147,1.0,0.2800499632690215,0.15672212899455668,83.27749153152641,6.400626232506174,1.0,0.0
6301,eno1,trim28,1,0,27.9527920166321,2.7834958677969013,3.4382422076548944,33.42891449380457,430.96948043635086,114.60470057247925,1.2165097388927977,3.0616534850904946,2.5695402330110433,125.3458757142942,3.4283105601206136,0.2587318140014598,0.22125621610216248,1.0,0.7687295217169795,0.5423789798680723,464.28836828278435,182.53322362311582,1.0,0.0
6302,eno1,trp53,1,0,2.539395027238016,20.20854664646228,46.760618730016915,18.776640468902723,364.75476930506437,197.7333293497769,2.0339081346534,2.408593296915736,9.733148481673497,7.800469266907248,10.530815119843009,0.2534667315098396,0.25388375655254763,1.0,0.7842780415562447,0.5507850149070623,430.31321282455144,196.75302251292933,1.0,0.0
6303,eno1,ybx1,1,0,3.500878595961443,24.760872404504337,74.8446304786926,34.841201194985445,438.6964423220472,1568.504415981105,2.519700287625805,3.3444414103662576,14.474304082200318,5.861428395279993,45.01866646913579,0.25985490770190106,0.2607102178660579,1.0,0.8105303266830555,0.7245810205857258,839.5066724961814,1147.180430191737,1.0,0.0
6304,eno1,zfp219,1,0,14.105359784031794,0.8819081521072499,9.124097607303325,22.27686133864821,479.3462204556254,7.542806715899272,1.7120447821782818,5.540322242035807,0.8483242439007413,52.53628808967758,0.3385937812888043,0.266591289973488,0.5263794944820219,1.0,0.38209512799219486,0.24930054682041866,115.08653342972784,12.412714492423827,1.0,0.0
6305,smad4,smarca5,1,0,4.098288222570104,40.036241002578265,84.33985943832295,38.39184615167508,6.45450402252165,223.8893610324141,2.0541166022185573,3.9083705592144753,19.598402317772347,0.07652969859692234,5.831690410195226,0.9550047297524337,0.16667709252320295,1.0,0.35843509905910814,0.09843194375255704,4.157317400350218,39.084928540911875,1.0,0.0
6306,smad4,smc3,0,1,1.2429802950838857,12.020321706177679,32.726218528819366,18.96384295659442,2.4095186387367957,81.14510299483781,2.675550663433121,1.1974979149436853,7.357032071210991,0.07362655225854846,4.278937722726749,0.9255451055167613,0.24519760006514071,1.0,0.3790108281524329,0.0793765021806336,3.668724820655924,14.185751929704978,0.0,1.0
6307,smad4,sp1,0,1,26.53450142041017,3.2366461490133696,58.34631083314498,77.78382241386872,18.44748172204,5.8149636768324635,3.331992878125082,18.239578846783882,3.1073469919023187,0.3161722045254055,0.07475800875267433,0.9866862703913744,0.9684556467116241,1.0,0.12875328185430618,0.02900898268197205,0.8669341466745847,0.9587739704939173,0.0,1.0
6308,smad4,sp2,0,1,9.949885326781652,1.241368551986783,35.04371504041914,36.14219783486401,10.524057313506896,6.664584444581332,4.67733895549422,7.7495675658523995,1.2001473408825425,0.30031226145311746,0.18439898079890552,0.9662976534252228,0.5742019073511608,1.0,0.17913332818410127,0.026110750023081816,1.832506551719354,0.6843788980297157,0.0,1.0
6309,smad4,sp5,0,1,51.59468440504192,9.818434303274845,59.867180895781,225.78810969962905,19.590390396124562,114.77270448089126,1.1432642321020126,27.711973922210785,9.409270574076661,0.3272308818119938,0.508320409934677,0.992715618814214,0.9072070708833637,1.0,0.18141750382506378,0.06768409362899147,2.4820562218514004,12.744575847721306,0.0,1.0
6310,irf3,junb,1,0,0.8135943143364904,4.948644972900389,1.5973668965417953,4.720189841813186,1.7487343158574875,7.35750360248469,2.948990590939737,0.5390416980048787,2.4158592197974444,1.0947605835850196,1.5587304428540574,0.9147842677200761,1.5401578272712704,1.0,0.13587112163065446,0.03261670297441301,0.5936694853527545,0.47667916675372796,1.0,0.0
6311,irf3,jund,0,1,9.999999999998899e-05,10.331548047338059,6.372378632989392,597.8328921385967,2.1911745714436575,2518.899358402068,5.350778071868035,9.999843075188697e-05,10.15603485057532,0.3438550496827179,4.2133836922076,0.9360623749668173,0.8479226034430468,1.0,0.23693042871243586,0.07473983070366624,1.8510391587926012,22.573752270911005,0.0,1.0
6312,smad4,srebf1,1,0,8.709804889361003,1.1205939368166287,50.88909481121965,1.5676364959965556,15.42493626386105,3.237137402562465,2.4420950028799524,7.436950833466448,0.6534722362724937,0.303108874722218,2.0649796115550356,0.9812135927863846,0.5298374768089054,1.0,0.19956187812864304,0.037345191515661326,0.9626616871258862,0.6153389756827881,1.0,0.0
6313,irf3,klf10,1,0,4.388853713762763,2.581519251268042,1.0526942418437661,0.5524442602238061,1.6643904629800805,3.8745681220254378,4.723052447964396,0.8490453581342587,0.4550612946802961,1.5810768187208326,7.013500548373465,0.9073993778866999,0.7590600591334736,1.0,0.17317777982256108,0.025558758372896093,0.596197557415886,0.3954519440808336,1.0,0.0
6314,irf3,klf2,1,0,0.7187070220076177,7.19101436078933,0.5617004364688813,131.31164553595943,1.6120756809534935,2932.683494991621,1.8031146994775327,0.31528873506818794,6.817659166198643,2.8699918609424184,22.33376547085088,0.9025662432358946,0.34549211986601247,1.0,0.4165456897084914,0.16863843281519628,4.223344922613194,113.34688220431252,1.0,0.0
6315,irf3,klf5,1,0,0.4490233890570121,7.905938820062518,0.2158144321543191,34.08876909585413,1.5034263886657324,76.91282496118401,1.776184152140516,0.14575844610763153,6.417563933595416,6.966292168962548,2.2562511642738703,0.8897564854234776,0.29703860438901786,1.0,0.33901272657833814,0.0634686781964102,1.8897758652955179,11.11467498111424,1.0,0.0
6316,irf3,klf9,1,0,0.39475377647662674,8.36767705790873,0.17030488586481918,63.63298459645118,1.4739042701452039,152.56498315422994,1.5957459599984531,0.11897613704209413,7.395213503593432,8.654503731120943,2.3975770447004696,0.8954006088958195,0.2575048053038056,1.0,0.3562166567887859,0.06619409164481627,1.788630072118547,10.051349007002907,1.0,0.0
6317,smad4,taf1,0,1,4.84909913856087,73.51705401560324,111.84595351700675,34.90777110740994,10.57856794055274,39.91008103868675,1.5387667828862415,4.647601629279186,23.669085849630484,0.09458158840716767,1.1433007543187126,0.967556248607708,0.4875623603731434,1.0,0.19580686302689065,0.04130111459386305,1.6657577513299298,1.6149629285079092,0.0,1.0
6318,smad4,tbp,0,1,12.36200897523916,2.610276012287513,54.42050587287244,88.18543402846983,16.432022378565463,1.9077722574602196,5.429557076844532,10.07369643936863,2.5352334705499677,0.3019454177245439,0.021633643679117274,0.982323421466557,1.1219219714610205,1.0,0.26348670891199155,0.04267004239256224,0.8437293594129234,0.2494788521328751,0.0,1.0
6319,smad4,tcf7l1,1,0,0.00010000000000030239,5.620578245465689,43.32623362115332,50.03388773360798,12.43541093948808,3.1281895348692443,9.869568746054888,9.999976919378903e-05,5.052952642422791,0.2870180465771365,0.06252141651523165,0.9727572111994827,1.0163251499403478,1.0,0.20902847110427242,0.034041134916364485,1.7974992604258042,1.0596394629204733,1.0,0.0
6320,irf3,mafg,0,1,6.870544159607618,0.0001,23.7818750786538,15.78837098713647,1.5338214166181732,22.435544641943125,4.460667602230473,5.330555531558443,9.999936662644482e-05,0.06449539456184028,1.4210170675760292,0.9005639163041675,0.3739554902125383,1.0,0.33236374734588847,0.06354783691170253,1.6381416929320676,4.86868047094486,0.0,1.0
6321,irf3,max,0,1,0.7186897281227536,10.17932840879196,1.5875484668258135,23.76255141613377,1.7883858367246157,34.737959182657484,3.2669516360143973,0.4947254704669321,7.126500239329612,1.1265078667490145,1.4618783384965923,0.9251722480371735,0.4427294536922669,1.0,0.36066414354550197,0.0640185073104417,1.904131017878863,4.246592365248012,0.0,1.0
6322,irf3,maz,1,0,0.6664189932007653,8.66410790122978,0.47947784837858,57.39965591357315,1.5774822470142273,99.88902620368118,1.8917116075340914,0.2788498348054807,7.5278304415532835,3.2900002624703095,1.7402373692637534,0.9057830615661233,0.3593940912191252,1.0,0.4080874962783843,0.07424021681314957,1.7232843380842402,7.496086828287141,1.0,0.0
6323,smad4,tead1,1,0,10.007848351004561,0.00010000000043650095,6.166054394346065,6.7250106343012295,3.6033696748221904,1.7345221158027682,1.3241555273769858,3.81533995067453,9.999851347210271e-05,0.5843882399296191,0.257921096355708,0.9509905339880025,1.0262968183153627,1.0,0.2402003020452514,0.03632145298408337,0.44078695602260687,0.13722830943217484,1.0,0.0
6324,smad4,tead2,0,1,3.979196833832856,60.2210033456922,84.70164965792763,24.803422199710102,9.722551324719666,33.11043263756591,1.4763983652321855,3.800646356827017,17.56773964295404,0.11478585557642307,1.3349138828896319,0.9621228566292858,0.5311837300232914,1.0,0.17912166490612746,0.03517021340792632,2.023364139272588,2.296167533589692,0.0,1.0
6325,irf3,meis2,1,0,2.1603003612944027,0.051073232945299966,6.324662100881537,4.712902835559895,1.4918948059958412,3.5498781919396354,3.9702409063439643,1.6102805265794338,0.05052569133594353,0.23588529824983057,0.7532254145269066,0.8940780983856118,1.803352639786144,1.0,0.2056645763216668,0.039251733758240356,0.3908881960013208,1.1542724384803535,1.0,0.0
6326,irf3,mga,1,0,3.3217834359386673,0.3491691412004716,19.08382179428842,9.444799823181718,1.5940487053764034,19.44584463138611,5.370484636163393,2.829306438245681,0.3367207569335764,0.08352879850583624,2.0588943117309273,0.9055478172243925,0.35296283221946073,1.0,0.30851549282660834,0.04704033296167288,1.4541817253961553,6.023928327098771,1.0,0.0
6327,smad4,tfap2c,0,1,2.7398782964780213,2.466488294150106,48.088137260054445,34.275771962964065,14.299224292002894,4.513145766974485,14.507541513395601,2.592185473980124,2.300914253179081,0.29735450584568357,0.13167160091539487,0.9779308552366919,1.0627980501104124,1.0,0.13174919107198882,0.025868904735635866,1.1531254828521211,1.0251590999091247,0.0,1.0
6328,smad4,tfap4,1,0,8.471921549377454,0.07337072701621716,47.51795435861786,2.539665496343951,14.042924039445166,3.797555940313209,4.245562810714041,7.190020963336739,0.07131057050756924,0.2955288001975687,1.4952976861638239,0.9764285522803604,0.6097133907388929,1.0,0.15449618946433546,0.03025894215091327,1.2111305170526778,0.32568968402511794,1.0,0.0
6329,smad4,tfeb,1,0,2.9090144000484552,1.5783451321381217,69.18732476722334,52.57053770362365,21.17008902281744,4.799101720513804,18.542070803886215,2.791638609856728,1.5323391348639017,0.3059821881253965,0.09128880795493566,1.0013999938964844,0.8561954947510353,1.0,0.15864283429205508,0.03349219589773841,1.494007980273911,1.6540017153264652,1.0,0.0
6330,smad4,thap1,0,1,7.695680005802808,28.045536693327293,211.28279983602408,159.8772394249506,6.079669392290304,63.72290736361132,6.935101848060704,7.425226531130358,23.860029514986575,0.02877503231218403,0.39857397833995034,0.9581062333750973,1.0556505563989658,1.0,0.17942864559594027,0.03668262595345748,0.9711825121596096,0.926173769917982,0.0,1.0
6331,irf3,mtf1,1,0,0.698856555352381,10.053500249213528,1.9117734519092784,40.09948504488213,1.860774101737533,11.399029268587547,3.2106739728021267,0.5117750908781071,8.038209102171171,0.9733235388739118,0.2842687195565968,0.922263670646518,0.89965346844311,1.0,0.1652063250372303,0.027833512387449987,0.33786378984667437,0.5727597418674224,1.0,0.0
6332,smad4,thap11,1,0,2.406134808170835,17.891056242610677,210.98568977198775,360.7124891697658,7.730361056386233,361.0080078791759,21.133702272130336,2.3790040372217516,17.045607494560482,0.03663926716897451,1.0008192638688234,0.9539745326688279,0.5103232331944859,1.0,0.2637541012095516,0.04473896491684238,2.2297734718490854,6.792897928149022,1.0,0.0
6333,smad4,thra,1,0,10.08979454141717,0.00010000005796007017,177.60776169783782,2.7981647679281845,57.47668532399227,1.555874471818674,4.041928561683278,9.547411593403485,9.999648431267754e-05,0.3236158418671856,0.5560339010953503,0.9923333434268499,1.2165316034940348,1.0,0.17611331262645905,0.027427090478655478,0.9379794147868442,0.7361419812719624,1.0,0.0
6334,irf3,mycn,1,0,0.8499488936468576,8.922629585217281,2.079772501354273,6.162053391728,1.7934947995712656,31.803550782384196,2.3815177484852152,0.6033680675505118,3.644870759481802,0.8623514343051494,5.16119364124264,0.9149674438143247,0.5485463459903418,1.0,0.3079380136519736,0.06252117824847515,1.892568758751809,8.609449223112236,1.0,0.0
6335,smad4,usf2,1,0,29.13921026606145,4.684344445186097,43.0961190000339,92.23852437805904,13.10844910594175,8.680864645972685,2.6048684364361723,17.38466323822261,4.457947072227991,0.3041677396967332,0.09411322117852114,0.9778480238641022,0.6728900443730914,1.0,0.27906367257566184,0.04639478784259402,1.744003912418885,1.3198811215166981,1.0,0.0
6336,smad4,ybx1,1,0,5.810995382899274,24.418845041244182,215.93281413853276,237.46279464692842,7.121484466053486,10000.0,10.947026087091835,5.6587130377327775,22.14193859656827,0.03298009380586622,42.11186015421279,0.9498284806597158,0.27715398798059676,1.0,0.3940640072275419,0.2084060239463326,9.154848469067579,154.00950448257004,1.0,0.0
6337,irf3,nfib,1,0,3.4849796507880875,3.7302962978683873,9.999999999998899e-05,9.999999999998899e-05,1.7906596457009505,2.398956464411767,10.38757217955332,9.999713062511038e-05,9.99973193196533e-05,17906.596457011477,23989.56464412031,0.9154097048598404,0.8005461585384768,1.0,0.1875236775680031,0.03164807904103435,0.48834920032459517,1.356980406124763,1.0,0.0
6338,irf3,nfyc,1,0,1.489003823970352,15.839396347146524,7.629878983156299,0.0001000000000000209,1.9744990388484687,17.6762045767116,1.195162665972494,1.2458674184815588,9.999936866681556e-05,0.2587851056625364,176762.04576707908,0.9308447995706685,0.42761407224604586,1.0,0.3925670019075728,0.07392446917702426,2.2332856615530012,6.9548743720511315,1.0,0.0
6339,irf3,nkx6-2,1,0,0.8118128785854264,7.103826812257807,1.2720612788276728,209.17240550318715,1.7725682119977604,1260.0158646177917,2.28795351114627,0.49555570562096957,6.870493935878913,1.3934613383023127,6.023814955833612,0.918732347815636,0.501388791143118,1.0,0.3324840282593777,0.0832480152747637,3.670496255870093,17.51782631886621,1.0,0.0
6340,smad4,zbtb7a,1,0,9.090871071815414,9.999999999998899e-05,54.226149787858446,2.6806936745452745,16.39872387281626,3.2497913084518184,4.938253774449137,7.785630621107385,9.99962697614052e-05,0.30241357605086744,1.2122949143016424,0.985594283579337,0.7357521478075354,1.0,0.17262252870005093,0.029503384107311573,1.2553739162867372,1.6201560378266888,1.0,0.0
6341,smad4,zfp219,1,0,43.9468125585571,3.733821944575573,11.758583125963309,64.04375045182628,6.153293161140683,13.297650780383217,1.3414643482377429,9.276520563958918,3.528128146157171,0.5233022631403629,0.20763385477222654,0.9478367260665975,0.533781531646695,1.0,0.24078256938256212,0.037921349328987386,1.6888741639056142,1.392927385901204,1.0,0.0
6342,irf3,nr2f6,1,0,1.4537542075387597,7.887310479995067,14.887903708409683,1.395004722201467,1.9872031359096027,4.091322747910959,1.2917843358823882,1.3244282048279763,1.1853546367891672,0.1334776994015012,2.9328379200426022,0.9302812953619863,0.9816739758844203,1.0,0.2694783371279722,0.04981097430665966,0.7498092017478312,1.0448390690303055,1.0,0.0
6343,smad4,zfp281,0,1,8.200214147919155,0.8529578936023573,81.19686231772246,1.8537469129011699,26.71919070354384,3.3832227546323095,2.6963477260847526,7.448024985474033,0.5841671608595468,0.32906678830755715,1.8250726305121467,1.011927068755004,0.5498029163740976,1.0,0.20356244810406726,0.034921730150024255,1.43717135491794,0.6960397291949172,0.0,1.0
6344,smad4,zfp42,1,0,0.00010000006879407053,18.13982383722803,12.968678084659247,126.39692706367573,2.107274908130232,1360.0018948312725,6.597304964536079,9.99992977103421e-05,15.863218013486568,0.16248956866490075,10.759770244621027,0.9237061273051753,0.25095432025074366,1.0,0.34898537646157113,0.12082318548377399,3.105173632221133,41.27183613830664,1.0,0.0
6345,smad4,zfx,1,0,9.947225349331731,1.0255478404566687,48.3956507572096,2.700067651502603,13.919384933090443,2.1902716271153495,3.0682120763119656,8.25126349839902,0.7432459294475349,0.28761644311636503,0.8111913884440825,0.9809822566415057,0.7683418435904328,1.0,0.16134360935336792,0.03259094169569374,1.4531314589972069,0.1356856676943309,1.0,0.0
6346,smad4,zic3,0,1,0.7648064003568624,14.733601414467229,20.82211518800418,7.312808135624931,4.310772146613856,8.41710604114752,1.5385426377424025,0.7377099555195311,4.8871450040861895,0.20702854189843947,1.151008734954075,0.947025599879846,1.0051908089223327,1.0,0.12024732907131645,0.025476431235338114,0.10710606776368899,1.0437232666240726,0.0,1.0
6347,irf3,pknox1,1,0,2.9105512885754585,0.24651263351639457,0.0001,0.00010000000000000286,1.702374887121767,1.399523485136787,10.481098796582833,9.999656434281934e-05,9.99594505769769e-05,17023.748871217667,13995.23485136747,0.9081919802792534,0.979872329699834,1.0,0.18219662812575083,0.023159217604425075,0.5043328822379356,0.16044317740583833,1.0,0.0
6348,irf3,pura,0,1,0.7053545629140308,7.593468331856359,0.6252684009691982,41.90259142248301,1.640927596114362,38.17811316255419,2.072692099245657,0.33145070515128094,6.428511735450718,2.6243571457806594,0.9111158013504044,0.9016831968393761,0.6739893886142699,1.0,0.29855586400426887,0.05469583029293642,0.8278989361001332,3.8414967754736917,0.0,1.0
6349,irf3,rara,0,1,0.768237365671187,9.339992770090785,1.6038211973206515,49.264606629259355,1.8131218298443856,17.318572544399085,2.8115291537104383,0.5194287320137575,7.851449791562798,1.1305012259928926,0.35154188228335914,0.9192184264192106,1.0661177892014215,1.0,0.2210241240150798,0.03339740154815751,0.5927655536748816,0.592986397556065,0.0,1.0
6350,irf3,rarg,0,1,2.056369476418361,2.14460979278165,0.00010000000000059961,0.0001000000000005441,1.6390785626930116,1.964378713504956,13.435283562822587,9.999513729774173e-05,9.999533736505199e-05,16390.785626831836,19643.78713494268,0.9043717598265624,0.804882350172036,1.0,0.1859341180767961,0.0243582386422966,0.23786617606508503,0.5015417953507271,0.0,1.0
6351,irf3,rbpj,1,0,7.627692165266924,0.00010000000000003427,40.49208459957904,25.143076085547854,1.5503212062821388,11.535897518173545,6.30759716395535,6.41859080030425,9.999960227780674e-05,0.03828701884857408,0.4588101105418973,0.8942080491419685,0.5656100613536663,1.0,0.25129488204758227,0.039025595922881066,0.418682924524977,1.5796012110532542,1.0,0.0
6352,smarca5,sp1,0,1,15.648944118818005,0.5431763037096893,48.296187024838346,16.814985177056073,261.39444226040047,2.0616265983796,4.218224386439976,11.819263146177091,0.5261790832817858,5.412320482483791,0.12260650703354023,0.1764769561549956,0.9387883005346622,1.0,0.27837074344616874,0.0859794083226869,28.25577403672668,2.6213257091670066,0.0,1.0
6353,irf3,sall4,1,0,0.7780304215570348,5.66684449808821,0.8684135738805261,203.40142752287684,1.6987851200877826,228.79248284648284,2.0147857526393693,0.410370580988122,5.513243350218712,1.9561936514841909,1.1248322375748825,0.9149684230370438,0.542994039098659,1.0,0.1629228068044809,0.03851874337303239,0.6770396220412211,1.913037469281016,1.0,0.0
6354,irf3,setdb1,0,1,3.4186202567399917,1.6455124461937625,24.484508949641544,9.931703172909657,1.6451034928852422,11.769398848906578,4.464118558949217,2.999779617994709,1.4116296802797703,0.06718956448213051,1.185033286235289,0.9067707317073171,0.4451955486266742,1.0,0.3118208484757713,0.05614172060908821,1.5410504905939777,3.4659021565769956,0.0,1.0
6355,smarca5,sp2,0,1,21.771170712703494,2.3714179554258203,48.19513610088305,61.28974596511867,265.36534127203413,13.551183253185387,3.338058321764178,14.996711751127478,2.283081161484465,5.506060626461681,0.22110033317641195,0.1773013047861908,0.5951681486149034,1.0,0.2926372542912417,0.11564087169188948,33.670250063370354,8.694483243245102,0.0,1.0
6356,irf3,sin3a,0,1,4.795849225244938,3.1230680216539097,0.485186662901878,0.00010000000000011654,1.6133808088882582,5.07722216849155,10.634596488790969,0.4406109200279799,9.999679812307033e-05,3.3252785623551677,50772.22168485633,0.8962298364991109,0.6136987415737026,1.0,0.31819408680850464,0.052276328866976085,0.9839343352843993,1.7141666221017497,0.0,1.0
6357,smarca5,sp3,0,1,26.793668418622893,2.5243563561664293,46.56436874978382,62.20768723335043,258.9325622910279,10.22877233905961,2.8489890923182624,17.007410565525785,2.4259139981076174,5.560744604579871,0.1644293944041022,0.17567141485482318,0.555238473729824,1.0,0.3050919718410627,0.1156826228404885,29.262569391918145,6.96734481623792,0.0,1.0
6358,smarca5,sp5,0,1,6.846950207015902,69.50656498979598,69.3062342609873,10.647672669357176,258.6604791668491,122.82921339408225,1.252742815147954,6.231339350229569,9.233237992105533,3.7321387018779335,11.53578037269789,0.17565685819593815,0.9054494316529015,1.0,0.2805947810902881,0.2517612171717068,56.89683657366989,43.74868865108353,0.0,1.0
6359,irf3,smad1,0,1,3.3114897178927953,3.336190705707595,0.05094247213011294,0.057656227621720735,1.815295283567689,2.2956679164038873,8.193446929230824,0.05017066906612024,0.05667673719422917,35.634220477781604,39.81647796081345,0.9241797075970233,0.9647722128482653,1.0,0.16945265709353804,0.028805127796765723,0.7052100085498879,0.6127928802663678,0.0,1.0
6360,irf3,smad2,1,0,3.97827878448059,0.06436525193706963,0.00010000000000243148,0.0001000000000002197,1.6592202857244391,1.767497985282299,15.894870071531441,9.999748641573141e-05,9.984487767153005e-05,16592.202856840955,17674.979852784156,0.9137313503866746,0.739569685853204,1.0,0.2112502945414851,0.035984202333271986,0.7101282714430511,1.0586635475556436,1.0,0.0
6361,irf3,smc3,1,0,0.47203670933843117,8.027321193225106,0.2467251982439903,63.975087902333065,1.521150618397776,209.7676089939904,1.6770695043300634,0.16203328176042806,7.132380505147821,6.165363851054593,3.2788952054935825,0.8983020754127089,0.256931691294128,1.0,0.38808946725477284,0.08358480658250264,2.2066729587941536,21.607643161927815,1.0,0.0
6362,smarca5,srebf1,1,0,9.658780996854134,1.1378206732468015,47.73444940994994,1.4121517286978027,253.4772626193018,3.1838199400483367,2.410940868786412,8.033292246980063,0.6301148316147439,5.31015368884649,2.2545877155737752,0.17428789558320343,0.529019947430968,1.0,0.3603766780358681,0.11717388498341558,30.3280386457372,5.556180112805768,1.0,0.0
6363,smarca5,stat3,0,1,12.046800438221815,4.213373154328419,48.89143168989227,5.679667371147518,262.56444778833867,2.948137594389507,2.537886002463864,9.665284011994753,2.418928535214583,5.37035710988641,0.51906870627071,0.1768222417104352,0.4967216853204425,1.0,0.23488705256349315,0.10007777232200253,22.756252222546795,5.93760591565435,0.0,1.0
6364,irf3,sox2,1,0,0.4473145440605712,6.641559860012617,0.2121151343900372,128.4548052902633,1.4986180079917193,664.7248311539197,1.5280543422733786,0.1438852204088855,6.315049836407879,7.065115897086632,5.174775903882087,0.8966082894592948,0.37184616941321014,1.0,0.3775380177971475,0.08756378205561278,2.31725438268558,11.938112456565587,1.0,0.0
6365,irf3,sp1,1,0,8.536530501106201,5.471482785835668,4.20155465590956,1.4125437395915563,1.866125529639059,2.1807638958226847,3.8144473920949538,2.8157057383528645,1.1227017686332195,0.444151196989505,1.543855835893098,0.9242985431047389,0.9383540850617073,1.0,0.17770724762028853,0.03194416822294122,0.2966905608605233,0.3931206498908978,1.0,0.0
6366,irf3,sp3,0,1,0.8111116329003177,8.682470778985815,1.1000119404744204,24.04047149883869,1.7309332588436688,11.247873993562624,2.7946769242238503,0.46686278882140236,6.3787262627407335,1.5735586089157727,0.4678724372816884,0.9130753603777186,0.5612696021328946,1.0,0.11677032804849416,0.025937116632879616,0.8647600454129779,0.7894044368859409,0.0,1.0
6367,irf3,sp5,0,1,0.2940454441218409,8.439943077269163,4.562538232736426,11.38978857255312,2.0047561301912076,98.41220715465683,2.500930946336098,0.27624224562640315,4.84772910254389,0.4393949218456929,8.64038928622508,0.9343947342042834,0.8906626924013366,1.0,0.24437436259063192,0.07535811598316752,2.1561126460439253,20.992266803282774,0.0,1.0
6368,smarca5,tcf7l1,1,0,7.229656188700118,2.6622529355438056,48.6738682239494,25.193119965676406,254.49607552113702,2.844349589202088,8.54962809699338,6.294689580494946,2.4078104364989934,5.228597701546869,0.11290183959260643,0.1746193449596126,1.001941428810915,1.0,0.2584727295363143,0.09336410229387973,20.751356847638355,3.8061426073185864,1.0,0.0
6369,smarca5,tead2,0,1,16.585705086361155,2.633714337226475,46.33740495210657,58.735199818572994,248.22581965937783,12.481282881512628,3.9639323252155103,12.213931138068165,2.520685594490332,5.356921042858122,0.2125009009940552,0.17304452977068224,0.5085055243883821,1.0,0.4579142559835407,0.15231562150017466,45.09517178414721,11.294614268399588,0.0,1.0
6370,irf3,spic,1,0,0.7514880327930817,4.049600507009272,5.277670471201137,1.7629720271155764,1.888564137997077,3.881890408223403,1.639723551576819,0.6578208546857076,1.2282569160103072,0.35784048062539636,2.2019013055894137,0.9214146448633955,1.8553374505107476,1.0,0.19148280314691926,0.038354770590138414,1.063130146469262,0.46829430267727373,1.0,0.0
6371,irf3,srebf1,1,0,2.1428072574144905,3.105102072874665,9.999999999998899e-05,9.999999999998899e-05,1.6131458350108232,3.1430203572565634,15.44043210176896,9.999533344245815e-05,9.999677959765597e-05,16131.458350110008,31430.203572569095,0.9057998320805484,0.5257292411449532,1.0,0.22210748215644013,0.02823556684812912,0.6095706429712876,0.7272843728697552,1.0,0.0
6372,irf3,srebf2,1,0,3.627510272755778,4.606607000404793,9.999999999998899e-05,9.999999999998899e-05,1.6183897158317906,2.4094703411265606,18.30975391757963,9.999724336428448e-05,9.999782925199067e-05,16183.897158319689,24094.70341126826,0.9111538223076446,0.6519759847237024,1.0,0.25189322800717195,0.037613634890409024,1.0707431669987852,0.30662041940337736,1.0,0.0
6373,smarca5,tfap2a,0,1,9.42575388352865,0.10812271747197888,47.84235740155453,1.4377660506743593,253.5621963071969,1.765067497843007,4.11693084839446,7.874369801197352,0.10056038680860044,5.299951968900219,1.2276458308464946,0.1745804872187892,1.128479652215916,1.0,0.28702709667559306,0.0896633944061624,39.50208979792805,3.5944931061027905,0.0,1.0
6374,smarca5,tfap2c,0,1,4.02504410829661,2.3089310208804505,47.53315414026587,20.365718217974763,245.7285740294722,3.4102050548261604,10.651828243579095,3.7108170673199607,2.073815478274897,5.169624832897693,0.167448307902852,0.17206495060530008,1.0257834260148873,1.0,0.20515713350925924,0.10763752164001539,20.065451564023874,6.950834162631021,0.0,1.0
6375,smarca5,thap1,0,1,6.18051763824321,86.8281288938943,123.92634632865202,37.3266297479169,224.8659406769693,15.476442600173447,1.5012032325925002,5.886922072936565,26.104528367512252,1.8145127919823119,0.4146220193114849,0.16721005114154702,0.9979079119571685,1.0,0.37512062872127605,0.10680829422843871,35.27777637504124,4.861413011695301,0.0,1.0
6376,irf3,stat3,1,0,13.063078199668492,10.468429043968959,6.287265508978745,2.469048082638478,1.8011447495798678,3.637469492476395,3.7999246639437736,4.244422850699306,1.9978435058324489,0.28647505771908016,1.4732274831154022,0.9149133697562272,0.5001644105617727,1.0,0.1485200135494679,0.029697112374387616,1.2113080081258838,0.8169951469196111,1.0,0.0
6377,irf3,taf1,1,0,0.5758429450392902,6.769459144471844,0.3444221839203906,23.15641393735385,1.5443023282202952,24.935467644447254,1.9819668152464942,0.2155173313475309,5.238156215284998,4.483748144914045,1.076827686355338,0.8940784178672943,0.48330779428728843,1.0,0.20167162381490963,0.03790600413941573,0.5513109076887642,2.579950954667699,1.0,0.0
6378,irf3,tbp,1,0,7.154464356348346,5.700516194341923,0.00010000000003113074,0.0001000000000204726,1.7931682921590903,1.2152093522724847,20.76591140092456,9.999860232198898e-05,9.999824582414308e-05,17931.682916008638,12152.093520236998,0.9154899223035575,1.1093810943278597,1.0,0.2662417953771138,0.04787581958301049,0.9945299747090849,1.0986364584396533,1.0,0.0
6379,smarca5,vezf1,1,0,7.235276344718479,0.2660173475732289,49.176370412274935,0.14068521019420785,260.4470971488035,1.2314420556029027,1.725774360356688,6.307290249755686,0.09201984532402618,5.2961838168478,8.753173513427372,0.17639987430226758,1.1188369846938093,1.0,0.1343926587964521,0.07401940466747231,15.743167967102218,2.344577710979458,1.0,0.0
6380,irf3,tbx3,1,0,0.7107902039345886,7.238372330757471,0.6520206643747681,17.423834448247774,1.6337267486330969,31.67189585216124,2.4763136458186565,0.34006912608162787,5.113905754502908,2.5056364589298723,1.8177339750462516,0.9042830793291908,0.34984075024234496,1.0,0.21667882604684602,0.040571116503823876,1.053204957493842,4.107152088613852,1.0,0.0
6381,smarca5,yy1,0,1,33.664361212765655,3.7905087727152718,38.03820826131726,87.64049791092624,213.33857088943194,25.862218101993776,2.222045799722632,17.858941348792843,3.6333634313569982,5.608533646585698,0.29509437666909355,0.16379439954651284,0.4391090800891605,1.0,0.592669016201836,0.20075021106614044,68.60987938426831,18.25784247890291,0.0,1.0
6382,irf3,tead1,1,0,5.343410187750995,11.950962487546633,0.00010000000002302611,0.00010000000006049614,1.6150357936005884,1.6336712789682903,17.04889102185787,9.999812859401162e-05,9.999916331480744e-05,16150.357932287083,16336.712779799822,0.9121048372360144,1.0246828734172793,1.0,0.2196302434529026,0.04056681074039538,0.5345718789940528,0.16087652245797646,1.0,0.0
6383,irf3,tead2,0,1,0.7298906017386296,7.872107621604486,0.8543863383243808,25.643553731008897,1.6988812690564783,30.009725911544432,2.4902343329632686,0.3936234523315377,6.02311894272552,1.9884227928881888,1.170263927782203,0.9064835237109792,0.5413718109136686,1.0,0.28414560473719425,0.04570521773258372,0.8340722360572728,5.102878237764703,0.0,1.0
6384,ep300,erf,1,0,3.3528283154017844,3.5459310294686275,0.00010000000000420783,0.3134239355252487,2.2154147703609937,3.6409477156302144,7.113467518268769,9.99970175366272e-05,0.2879703132875515,22154.14770267773,11.61668686703383,0.782550147682207,0.6561113165680472,1.0,0.17529529954908962,0.028609069334631948,0.7991030873384344,1.083379055083214,1.0,0.0
6385,smarca5,zfp110,1,0,0.5418949201068858,14.889813561292414,58.95023757460433,80.71893658690219,245.35267274182974,1.6878011107458262,6.475047159472778,0.5369589715684172,12.570919657267938,4.162030262071875,0.020909605380253438,0.17225691679431396,0.6637716565992298,1.0,0.23418561495354115,0.09517329547998633,20.936428373550875,4.83162857477919,1.0,0.0
6386,smarca5,zfp148,0,1,9.003567978287418,1.3395049216980828,45.45974351945066,44.099207509543824,235.65262504979086,2.897198735385289,6.160237936053939,7.515148818482762,1.3000171514852168,5.18376494906891,0.06569729704912011,0.16924159824536916,0.825108549014273,1.0,0.36768326968328124,0.10411647204054064,32.677331949167005,5.728659700926503,0.0,1.0
6387,ep300,esrrb,1,0,0.6025151383351333,10.85572493030909,2.960527797997841,32.510218381895406,2.288912240303416,11.801671826140794,3.8530046596596605,0.5006290543305931,8.138229246792651,0.7731433029783986,0.363014227942345,0.7808281228726136,0.7626847144513101,1.0,0.1799868699971487,0.02696168614088238,0.9234453313731383,1.3648488964322156,1.0,0.0
6388,irf3,tgif1,1,0,0.5286078729387527,7.561938365098185,0.29337074128315765,59.9914383485286,1.5323674337775197,126.90798612738173,1.7078262980301844,0.18866437745336342,6.715453487222215,5.223313773811201,2.115434962404004,0.8973420388305398,0.3278160218149921,1.0,0.340635993782198,0.05455671774358983,1.5122179698292002,9.489476802686788,1.0,0.0
6389,irf3,thra,0,1,1.3412213797514818,1.0208018784026551,9.999999999998899e-05,9.999999999998899e-05,1.7130637889894749,1.166390238031271,14.31519782066037,9.99925446651595e-05,9.999020473933609e-05,17130.637889896636,11663.902380313993,0.9183183883061864,1.1934369424294402,1.0,0.17514552748935666,0.033462320081457,0.2274916919086445,0.5512860227568211,0.0,1.0
6390,smarca5,zfp281,0,1,9.538551260535023,0.7961438509986029,48.17202730354881,1.9763546307216813,255.85196409670482,3.417902159973654,3.042903344898548,7.961995238854828,0.5675251391536836,5.31121437934285,1.729397197670734,0.17521876003425962,0.5551526583918347,1.0,0.32753796278281605,0.11535841486671777,39.20810096650407,5.648052958268995,0.0,1.0
6391,smarca5,zfx,0,1,12.54857521294569,0.05540216603823318,41.39321016304334,5.390264063157552,215.53686445186565,2.400225460857292,4.3428204755892015,9.629377437466651,0.05483852517730931,5.207058442746756,0.4452890308775093,0.16385546073120352,0.7813998680957202,1.0,0.29509110884734796,0.0987373659389393,28.580702497514586,3.504513492261042,0.0,1.0
6392,irf3,usf2,1,0,0.5004169434976032,11.222093304415642,2.5557278708725173,64.52768891928051,1.9262602714777424,33.218026705738254,3.490600604102667,0.4184780523292228,9.559575282104877,0.7537031987760587,0.5147871752743479,0.9322869719367826,0.6906480484125447,1.0,0.2712348343312688,0.04309777021380553,1.3794045800699557,3.575801885564265,1.0,0.0
6393,ep300,etv5,1,0,0.7389570291563343,10.530281190007743,3.4019575908160706,10.982884568566625,2.282747137946901,12.845272053249767,2.486747900542509,0.6070882172987272,5.375910922747778,0.6710098750523547,1.16957179810606,0.7836944159959062,0.3955935798443948,1.0,0.1774770898183493,0.039878137183786404,1.3228865970869046,2.6053376934669856,1.0,0.0
6394,ep300,etv6,1,0,2.9884005390617023,2.459309264387193,1.3333043310116803,1.6000553249145526,2.8058150347464417,2.25055027798766,3.665659824522054,0.9219619343097234,0.9693711411054329,2.1044070505774584,1.406545288118613,0.7993340627054568,1.0981216419613902,1.0,0.1324560161756389,0.02670978539895442,1.0138008816340203,0.9351852024295146,1.0,0.0
6395,irf3,xbp1,1,0,0.7407539132712433,9.300978301413942,2.492750666860971,7.080170382091472,1.8646933138878596,9.359524678476935,2.284601191331558,0.5710568101967135,4.020017910004991,0.7480464607541352,1.3219349497790116,0.924900041208638,0.6782579736072637,1.0,0.21032414890550363,0.03112125319237714,1.4096427654917378,1.688681086928798,1.0,0.0
6396,ep300,ewsr1,1,0,0.9358406321943132,10.376809030066816,3.0637069216026953,9.628690038367436,2.201414190358725,51.79946898458305,2.516802989718574,0.7168664414675634,4.994380664839148,0.7185459466883715,5.379700538513311,0.7797046632579134,0.2450925609116867,1.0,0.30114016449851955,0.07049636512944119,3.1531486402744386,16.80903424619794,1.0,0.0
6397,irf3,yy1,0,1,0.5657023563735241,6.707091994180946,0.3227931184132322,161.5172268658594,1.53295798185691,226.088304381281,1.6042146862712912,0.20552139306207454,6.439680698815066,4.749041706318079,1.3997782698996442,0.9033134006469953,0.4804970451558786,1.0,0.2959628735799216,0.06106214293968388,1.0360079719641544,9.619756343980828,0.0,1.0
6398,smarcb1,sp1,0,1,12.676289373492121,0.9136068650940715,12.924411839416928,24.014299039147765,56.12883041563971,2.8195498379070996,2.0964069892151582,6.399574101354073,0.8801232059711052,4.342853749402952,0.11741129038622822,0.30694637975057676,0.9524039357144068,1.0,0.27959542383744096,0.05747233362035457,8.609004529912392,2.4448127952568095,0.0,1.0
6399,smarcb1,sp2,0,1,9.90635870214693,1.0341258689077673,15.10669300042742,22.76724894592041,59.83079720152951,6.538446490107664,2.639636488541586,5.982969269201328,0.9891950058351854,3.960548956666869,0.28718649783461286,0.30749320570354344,0.5736165403625008,1.0,0.32795090317908093,0.08708781127788136,13.253893393631403,4.856391630537669,0.0,1.0
6400,smarcb1,sp3,0,1,2.580295165506746,28.409667491983,54.555054432355924,18.015618654299594,49.12835606126523,10.632467313758653,1.7092022127478081,2.4637662007240304,11.02454670970295,0.9005280367226215,0.5901805271184022,0.3022463896162649,0.558782577526754,1.0,0.34246851698610076,0.07758328007233466,9.461645940596007,5.076991293995672,0.0,1.0
6401,smarcb1,sp5,0,1,3.0744479377009526,30.130525253600446,34.73234704295167,9.006964044309026,58.421829904871124,94.10524022688891,1.39688797331533,2.824433882648924,6.934133038774674,1.682058221767274,10.448053280100359,0.30544506362692314,0.88336306995239,1.0,0.35068992346032646,0.18118027957772376,22.910402188932093,37.503466075900434,0.0,1.0
6402,irf3,zfp219,1,0,0.5902332621536993,7.605215266202713,0.3822496065692327,26.76412891476718,1.5548722475789545,18.570432603285433,2.0248414226050144,0.23200041820644782,5.922340581695114,4.067688287593666,0.6938552964837629,0.904360386700429,0.5424618444413379,1.0,0.19779778424886715,0.03819506977729476,1.3754784714946275,0.6575789947860786,1.0,0.0
6403,smarcb1,spic,1,0,0.00010000000000021103,9.999999999998899e-05,14.673752866606755,3.5436987649271767,48.128504915847586,4.826044869193329,10.565421155911979,9.999931851593482e-05,9.999717816933117e-05,3.27990428579278,1.3618665663565523,0.30330068171664093,1.907643620182142,1.0,0.2606216591137326,0.07493242540107527,8.45642327321303,4.205566688287433,1.0,0.0
6404,smarcb1,stat3,0,1,8.449498670155746,0.3942984784066271,18.192601631738228,36.35334513966507,66.70722834621861,2.476413433561995,3.160661570646255,5.769753944028117,0.3900676958375558,3.666722863311827,0.06812064815625411,0.31017992483362256,0.4884482758620689,1.0,0.2552672219118624,0.06591955485498402,6.570800184125971,2.782006896732707,0.0,1.0
6405,smarcb1,tcf4,1,0,17.41111152228629,2.043655685174428,8.771515118624151,28.506043854610137,49.610517006862366,11.496098075757047,1.6092372468148213,5.832945259630941,1.9069430947901362,5.655866328215824,0.40328633935984914,0.30420571207635094,0.531434873283338,1.0,0.3768831761500371,0.09557726416438758,12.76334241407546,6.03482740139258,1.0,0.0
6406,smarcb1,tead4,1,0,10.581832971602246,0.4789872600319832,8.319281538064812,3.836808938869839,43.86269096603547,3.28584394543058,2.0091726887260513,4.657569141465762,0.425827012258623,5.2724133406643405,0.8564002007351583,0.29850837606954145,0.6898877997995158,1.0,0.377086988549473,0.08510163907079928,8.489479449762253,4.712587256047049,1.0,0.0
6407,smarcb1,tfap2a,0,1,11.756998446137056,1.2394077343914325,14.904582367855959,8.500680531310833,60.151980098351494,2.017701915557869,2.5983558760016745,6.572496693340676,1.081695453951585,4.0358044669590045,0.2373576924960304,0.3062652790473383,1.150281302784622,1.0,0.3079473964359043,0.06705267240874982,12.576464771467831,2.0944065071361395,0.0,1.0
6408,smarcb1,tfap2c,0,1,3.45203177898154,1.7598222297754207,23.296820661739154,18.285745690589778,77.81037881308356,4.602054579979047,8.005414197531774,3.0065351570420686,1.6053255204422132,3.3399569813778553,0.25167442760331943,0.31068606127999454,1.0620841357782425,1.0,0.21780170717410574,0.06718952331540316,8.197093552390148,4.48390965391171,0.0,1.0
6409,ep300,foxj3,1,0,1.4019691139536916,8.162157965180764,14.680769042166101,0.4950316110245501,2.181284197991468,2.462179296973387,1.1619384571616223,1.2797562558321296,0.46672493092283324,0.14858105809895816,4.973781960868111,0.7814636489717709,0.8303566529492455,1.0,0.1362096476750514,0.017597481876812832,0.5877557910116106,0.4158155136366941,1.0,0.0
6410,smarcb1,thap1,0,1,3.986663640401671,32.07062447815658,80.96420133239273,34.48222421731397,52.0710665760433,14.036267716073164,2.1773788598189636,3.799573291329998,16.616365575953715,0.6431369138351561,0.40705807222915086,0.30094503648413456,1.0151554149192266,1.0,0.3832789578873665,0.08551454050043626,14.374274630240716,3.793396008087182,0.0,1.0
6411,ep300,foxm1,1,0,4.412264863735518,3.786947298791861,0.00010000000000020026,0.7389831108195111,2.4581130616695552,2.2905513677367555,6.117485058830865,9.999773364183942e-05,0.6183237129381872,24581.130616646326,3.099599076353179,0.7888783965877623,0.9572790808524327,1.0,0.19186503263324198,0.03186041454660749,1.3061442850218588,1.1995761154678208,1.0,0.0
6412,ep300,foxn3,1,0,4.245361916967021,4.021818179756185,9.999999999998899e-05,9.999999999998899e-05,2.1869383599825203,2.468963109438999,9.214914032584462,9.99976445436934e-05,9.999751362419688e-05,21869.38359982761,24689.631094392713,0.7757292379094602,0.7597588119219296,1.0,0.16383316135014292,0.02935795266049321,0.32526689908843975,0.14506202416424646,1.0,0.0
6413,smarcb1,zfp219,1,0,8.606936753261914,0.4780732292337677,10.401897599912235,16.43974676527645,45.57408733598864,5.170351645818623,2.272773474660868,4.709835074205999,0.46456356826183587,4.381324359160502,0.3145031197645506,0.2936245208170187,0.5100040229554765,1.0,0.3073366384723176,0.07767381429025298,10.319345175164083,4.504319384820904,1.0,0.0
6414,ep300,foxp4,1,0,4.217570776298745,3.878646434818959,0.48444920435442207,0.774868730026379,2.108749365189524,4.73009704043866,6.64484738464377,0.43453639399519617,0.6458433529719456,4.352880232303503,6.104384984380041,0.7744247644807302,0.5964057316781232,1.0,0.23092571431520517,0.03863717118732232,0.8578542576065414,1.8444963390284372,1.0,0.0
6415,smarcc1,sp1,0,1,17.608868809533252,1.0117605575856983,5.42279069015138,24.147289460084306,43.45945516610927,3.3784697165577584,1.3625148303692267,4.145997809916452,0.9710730346002446,8.014223238421929,0.13991092963632212,0.21893260448617988,0.9565366800977047,1.0,0.2500304095023154,0.05788086000456206,8.948501488741108,2.278296653407779,0.0,1.0
6416,ep300,fubp1,1,0,0.9934647658862126,9.109752180669672,1.7875325783069254,10.905348213914028,2.0453049085581085,94.8138739101387,3.4181823316328375,0.6385661022401669,4.963503440609733,1.1442056684054027,8.694254603366685,0.7742410051019099,0.22817324694048335,1.0,0.3235353066424936,0.09147912783586325,3.4788032116524934,16.231735704460668,1.0,0.0
6417,smarcc1,sp2,0,1,13.302369736775296,1.028079557512966,23.289763817253235,28.751932112942,74.46497570487709,10.048494671179743,2.8491580861460695,8.466547842088481,0.9925877118994647,3.197326357157511,0.34948937106931505,0.2268447518864694,0.5884216667833555,1.0,0.21718104775634112,0.08047572799279146,13.39744211343832,5.329315689894649,0.0,1.0
6418,smarcc1,sp3,0,1,1.6329307109773097,17.679937950962323,37.89003865757713,27.71790044987534,44.168301079326014,13.368176392000207,2.678421705853981,1.5654645577642776,10.794583560518257,1.1656969125444103,0.4822939751939375,0.21624089850421824,0.5687823059507028,1.0,0.2900256706410192,0.0787425202129871,13.151797013444789,4.177924824443528,0.0,1.0
6419,smarcc1,sp5,0,1,9.997819657641713,99.23676632707631,78.13821666285564,8.760998729062925,120.45419258533869,121.4134428706491,1.227530196227564,8.863704690827841,8.050288663065324,1.541552875529071,13.858402064125796,0.22831840103494339,0.8869041946649115,1.0,0.34846150010073984,0.19384088371325156,28.14195401747252,33.001411860650705,0.0,1.0
6420,smarcc1,spic,1,0,2.7874391173382818,3.798848634981687,41.32428905671633,27.24444980255226,111.56301542646857,4.025742214724966,8.660594670190463,2.6112996380095703,3.333973712603798,2.699695940887252,0.14776375533000613,0.23372527927113879,1.860137174211249,1.0,0.16640418653800218,0.06881473090453265,13.288376672650076,2.7642138664409424,1.0,0.0
6421,smarcc1,srebf1,0,1,5.911008879116928,1.613057783827778,8.020313631998961,19.182011930570233,37.48656244880383,3.246551733178636,2.5550354168631384,3.4029895621338997,1.4879341151071173,4.673952188009483,0.16924980262391717,0.21537491644030873,0.5316454456175412,1.0,0.3590091168272388,0.09095112321240686,12.818878920970764,4.385440802320879,0.0,1.0
6422,smarcc1,srebf2,0,1,8.635738739130705,0.8893777068059012,16.31179670799942,1.3194668753292378,57.85016068199452,2.5030507442879224,3.1265352812362934,5.646426078224085,0.53127523469864,3.546522907168429,1.8970167353866711,0.22302848264699648,0.6595594793027341,1.0,0.2839387837194071,0.06943412079749882,16.495136739389302,2.6247901165291,0.0,1.0
6423,smarcc1,taf1,0,1,0.5035944966260478,13.017672395792317,17.99971204257712,5.9609054969646476,33.46907689917926,13.077282211735097,1.4948124130898695,0.4898884373066109,4.0886685704400305,1.8594229074337625,2.1938415595406067,0.209918358875595,0.4705639412884656,1.0,0.3380498918744198,0.09785697316120831,12.436567484607933,7.631361922674596,0.0,1.0
6424,smarcc1,tbp,0,1,20.434174902803043,1.489967045434903,12.891776174421178,33.158812364377496,56.95176212351295,2.588095053726051,1.7041758989775933,7.9047349180065245,1.425895472516715,4.417681578781366,0.07805150031568805,0.22125808583973605,1.125134488214532,1.0,0.2934606925227806,0.05766270683451332,11.029492803299867,2.0690372880791577,0.0,1.0
6425,smarcc1,tbx3,0,1,8.831160951903891,0.35682809357494666,23.562923232409187,18.37945566965545,72.37156695556874,16.084643080747846,3.7393723938080576,6.423641007376532,0.3500323869143651,3.0714171684787654,0.8751425161792823,0.2244969438057423,0.3349838596950605,1.0,0.24098226132522124,0.130031650440487,16.44862325941895,9.58440385280683,0.0,1.0
6426,smarcc1,tcf4,1,0,1.596185878938752,22.298407183187166,25.18042178970105,1.448944842934365,47.73708436111517,11.854331530596962,1.1222990162619304,1.5010353135029586,1.3605374636376435,1.8958016176138852,8.181354582545655,0.21973486755813101,0.5317742919921875,1.0,0.34487036193219167,0.10018881543593328,20.952658827062496,8.004660029775646,1.0,0.0
6427,ep300,gtf2i,1,0,1.3673466204999951,7.010607157853145,15.223842760545898,1.8493469808075278,2.0786599794425786,5.040716367088982,1.3773020029698522,1.2546580881920784,1.4633309583883733,0.1365397693695072,2.725673667192473,0.773448862989347,0.5653658311676483,1.0,0.2156204777308605,0.03540134370194889,1.3314327226163982,1.865472644405716,1.0,0.0
6428,ep300,herpud1,1,0,1.9987278200024137,2.3150727961830877,2.4920220635457855,1.6757888402728522,2.8406587838347344,3.8225658351977247,3.1064726645933014,1.1091407795201749,0.9721141722437957,1.1399011370681404,2.281054595503413,0.8044897476988823,1.469868804664723,1.0,0.11043749464752962,0.018785774034526616,0.9306549386484153,1.8493007004481579,1.0,0.0
6429,ep300,hes1,1,0,0.659089215391709,6.068417058945726,5.392970577107141,2.0942908795119775,2.251796910464696,12.026603204131952,1.5095029819123698,0.5873122322257349,1.556962541774615,0.4175429623190322,5.7425658115526215,0.7847036362327142,0.6493655970389096,1.0,0.1911194361370359,0.03720919566328465,1.4546876487725966,2.406356998292692,1.0,0.0
6430,smarcc1,tead2,0,1,1.0580382737328113,11.55451495471856,43.48760421075128,50.89613751812018,41.29815412085326,53.564010578294614,5.527425680549584,1.032907982053363,9.416717981390217,0.9496534672435064,1.0524179867131296,0.2174938972211223,0.5498074953261886,1.0,0.32340217606883154,0.10133135814730718,13.537087040151558,8.357437576091732,0.0,1.0
6431,smarcc1,tead4,1,0,11.447775720672254,0.46533121919422177,14.10539856805661,5.278639423606778,54.93178736429942,3.4489266048531477,2.4289251777898144,6.319192967310841,0.42763375222889793,3.894380374950845,0.6533741610440541,0.222640460971069,0.7025796391178436,1.0,0.33639300247264575,0.08513362429669306,14.463018071054142,5.102991305720536,1.0,0.0
6432,smarcc1,tfap2a,0,1,10.755599802527435,0.23821457837749477,37.11922167121585,5.600175065347959,102.08221636067519,2.017737398555498,4.6404922087727645,8.339237222970372,0.2284950857066771,2.7501173722032806,0.36029898619430545,0.2279751767410256,1.153067840965811,1.0,0.237243337546722,0.05876733098893922,11.239415547965706,2.0382578083421277,0.0,1.0
6433,smarcc1,tfap2c,0,1,5.00822196070892,1.9057067610833882,19.54002813458924,13.847767606112473,61.99119572705746,4.390233407529551,5.575851336211484,3.9864673708560487,1.6751723294661052,3.1725233607684675,0.3170354624951736,0.2220291374492272,1.0586541379685808,1.0,0.1921100924325385,0.06637066204698809,12.540305997943765,4.33981671851844,0.0,1.0
6434,ep300,hic2,1,0,8.575506772407167,7.948718738143105,2.242239620539963,0.00010000000000000829,2.0422713204765275,4.730738607870205,4.823037355199893,1.7774812195483223,9.999874195144414e-05,0.9108176047592628,47307.38607869813,0.7729602077513628,0.4325968560476893,1.0,0.21960606408850963,0.03753183001315539,1.058356065025865,1.6419582023402493,1.0,0.0
6435,ep300,hif1a,1,0,5.5877257592069105,4.4277131532329985,2.7420894549907664,1.960287058225979,2.078091573954352,5.223519686476088,4.382674264953433,1.8394218224176242,1.358733328820167,0.7578496646679784,2.6646708014301077,0.7706656823603809,0.45891771980544543,1.0,0.16353949552645958,0.02697296051772353,0.9044901095566094,0.39851891928025884,1.0,0.0
6436,smarcc1,tfdp2,0,1,16.00657673385738,2.1087316850518,11.284503286078223,29.955608798133817,52.371991189294796,8.422848002052453,1.8250149363607084,6.618509330526049,1.970049608560214,4.641054183918446,0.2811776605447318,0.2217695980656321,0.6205347495481688,1.0,0.35767818850580874,0.09318785075103211,17.707208068484583,5.026501013832714,0.0,1.0
6437,smarcc1,tfeb,1,0,7.46782747001196,2.4384273905447014,15.976639844605574,20.432406215116604,56.36143499617459,5.88146733359545,3.51405515526187,5.089080861122543,2.178448753933624,3.527740222247341,0.2878499610703773,0.22280590764737238,0.8812670798175086,1.0,0.25303053860626984,0.07346370010883792,10.364597035547442,5.5585875939278,1.0,0.0
6438,smarcc1,thap1,0,1,1.443382127952483,16.240247666818483,33.801153587577,22.213173824880815,43.518070356317416,10.08511387706964,2.4688949535525047,1.3842707813281987,9.381413418830007,1.2874729332407073,0.45401498932914197,0.2179521794117795,1.0152344466102232,1.0,0.2706161964859172,0.07591937951728676,12.224680356444733,2.473169030737612,0.0,1.0
6439,smarcc1,thap11,1,0,1.5653687388735873,17.433232384468887,36.186732289141744,23.91172395608331,45.96923760933708,27.04295072121746,2.474208972960738,1.5004616417341645,10.082454483832805,1.2703340340882532,1.130949435970615,0.2176205193806349,0.4853666610316374,1.0,0.3606401620025763,0.10451369622715088,22.63611375559086,8.3569057347286,1.0,0.0
6440,ep300,hltf,1,0,2.604017981779104,1.6040916930800304,9.999999999998899e-05,9.999999999998899e-05,2.1392110814646075,2.2871865009337187,9.565047971506395,9.999615992819887e-05,9.999376633100595e-05,21392.11081464843,22871.865009339705,0.7737812416017199,0.7616341099952219,1.0,0.15205406988344178,0.023201720323034462,0.5710101228672381,0.5055156601609685,1.0,0.0
6441,smarcc1,vezf1,0,1,1.4787807590648745,0.0001,28.703360677773247,4.9836075475735395,82.9703102348421,1.1887817336372366,20.19300517701725,1.4063275655777003,9.999799346171408e-05,2.890613094622437,0.2385383925778908,0.230899983815435,1.1056410985016665,1.0,0.14932819783571036,0.05359095420942582,6.005347106125081,1.192922405086039,0.0,1.0
6442,ep300,hmga1-rs1,1,0,0.7814951411111243,10.845698896379746,3.942846093080204,5.987571777352469,2.2401770752647083,14.691873668741536,1.8596982693670878,0.6522211057894916,3.857800535398154,0.5681624446859026,2.453728191503678,0.7828623693067355,0.6203107258275832,1.0,0.28608728190260513,0.04489968759791285,1.5345926363386297,2.1054882557806636,1.0,0.0
6443,ep300,hmga2,1,0,0.40140191077377196,5.50391427121731,8.417649910431784,1.6711785568876043,2.19416156500326,12.012327946074068,1.3657993518940446,0.3831319768580407,1.2819379106814173,0.2606620123609667,7.187938055192483,0.7812062017621746,0.5928828263490904,1.0,0.2379311343599173,0.040173237769353005,2.60677549865111,2.875235684216222,1.0,0.0
6444,smarcc1,yy1,0,1,2.4505142837284133,13.7342577031862,139.8959163975096,156.32947950162904,43.86017471523178,215.6610203211115,12.245322507754732,2.4083283277756133,12.625086296289773,0.3135200500821235,1.3795288067780216,0.2145935976321245,0.47603647689066136,1.0,0.47986658165830676,0.13814380671770152,28.990832383298777,15.993882887481305,0.0,1.0
6445,smarcc1,zbtb7a,0,1,7.732226129854129,0.8540833864985931,11.11904387953416,6.535402972157563,46.770136800922714,3.396393256598878,2.756626633656321,4.560698646908749,0.7553676712664502,4.206309221155999,0.5196914820812665,0.2211284455312374,0.7437523162410519,1.0,0.22332629642706517,0.07042771064756773,9.991939247732686,4.906696801889742,0.0,1.0
6446,smarcc1,zfp148,0,1,9.154477463268645,1.1598233945784346,6.531323312615186,17.192327871736744,38.24684274800128,2.826615140335089,1.82904950195409,3.8117819373673547,1.0865246141199005,5.855910191144249,0.16441142592341387,0.2155707228322002,0.8205586220363082,1.0,0.2907867257387076,0.06735415271678126,6.876550048691259,4.6225693317865755,0.0,1.0
6447,smarcc1,zfp219,1,0,19.534035058230668,1.5871916573940033,6.40351401986639,27.754063641855513,45.59637458924965,9.457799845028378,1.4000523427670988,4.822601664610278,1.5013337984984585,7.120523894816275,0.34077171426404035,0.21790783450976073,0.5344005243118783,1.0,0.31260462420920665,0.0829265667730685,13.32727052328583,3.897862732600763,1.0,0.0
6448,smarcc1,zfp263,1,0,1.1705636101887178,1.8251034914123425,26.05956069679815,47.42138916586566,74.38037360063845,1.4615671447168528,7.713038311192239,1.1202436355146959,1.757464100774982,2.8542451066635715,0.03082084203827799,0.2264273667276454,0.8062626338765764,1.0,0.20322673330238272,0.048281535348997616,13.546300630926485,2.025354662550005,1.0,0.0
6449,smarcc1,zfp281,0,1,8.0017319773007,0.8750563701934925,17.384335336224282,1.6561389692505812,59.420069416643685,3.274105601472542,3.2944572786852504,5.479572327844307,0.5725417285600315,3.418023655631414,1.9769510060826032,0.22276702813593577,0.5486552358938558,1.0,0.24388221162049264,0.08061574503484638,14.946666857524828,3.059845099838899,0.0,1.0
6450,ep300,hsf1,1,0,0.8145906027141941,7.679113061434942,11.68219012674064,0.0001,2.266535937190788,3.965068789762433,1.0697432800504785,0.7614922996875377,9.999869778323378e-05,0.1940163541768308,39650.687897624324,0.7813069163244377,0.8089782483775015,1.0,0.2357837109960354,0.03424347790347784,0.7575539572369806,1.1357568010756924,1.0,0.0
6451,ep300,id3,1,0,0.5192457538145067,6.689508958805711,4.692451029668696,4.973294110830433,2.2762516798105903,31.1936801180881,1.9363690679595065,0.46751286065985176,2.852564285835428,0.4850879988770606,6.27223715769334,0.7830103068640575,0.8368135054190254,1.0,0.2113018491943979,0.04989484670444437,2.229335960453245,10.122917177738518,1.0,0.0
6452,ep300,irf3,1,0,4.830319268428649,3.9381887414893866,9.999999999998899e-05,9.999999999998899e-05,2.266783776152411,1.635622082801245,15.780531487122756,9.999792978631926e-05,9.99974608260847e-05,22667.837761526607,16356.220828014253,0.7805865314220841,0.9022424558776261,1.0,0.23602764944055388,0.03175871036749254,1.5236102723571796,0.8158524728641848,1.0,0.0
6453,ep300,irx2,1,0,1.499124497413184,1.0987322433706521,0.8046158107480915,2.1247396204445352,2.15581338131828,3.653212261946119,2.314906817482641,0.5235916863655414,0.7242253161739953,2.679307754733172,1.7193693885097312,0.7766891014542936,1.39299446011233,1.0,0.03592652658721184,0.013566282276505614,0.3032130047586884,0.5161117780837541,1.0,0.0
6454,ep300,junb,1,0,0.5943852233870374,2.5391722906639815,4.294201052689705,3.941324392891092,2.6782359708156624,6.071553993936882,2.9005330173593302,0.5221161104310543,1.5442800414268665,0.6236866737150393,1.540485732381748,0.8000401902865594,1.5240581238909574,1.0,0.09110727960168584,0.019242163810042016,0.865135281836453,1.4147506862197903,1.0,0.0
6455,ep300,jund,1,0,0.8734515651947142,5.846155532423622,2.3441617622126545,405.96834922915326,2.2078875964850964,1766.4364370831045,2.690693607469825,0.6363448779981434,5.763162985745174,0.9418665691402931,4.351167869212435,0.7837959070770146,0.9028526966514859,1.0,0.178606216670829,0.060054447102325534,1.5498782737555312,22.822769932994092,1.0,0.0
6456,ep300,mafg,1,0,0.9237889000748362,9.304898434023503,2.303795106102632,12.73474368521285,2.1392194453456255,27.559367056906442,3.3183837229780146,0.6593849588394946,5.376470994091327,0.9285632388396632,2.1641085001897165,0.7737812416017199,0.3797392912104933,1.0,0.26831863077263324,0.04651178433283473,1.1059653247757169,3.951388354466763,1.0,0.0
6457,ep300,meis2,1,0,1.637686790022938,2.728130859198896,2.512232851124103,1.556913252371045,2.2491053791392295,3.608298003318673,2.594596905078879,0.9914048727484331,0.9912297232648544,0.8952615113415395,2.317597334227546,0.787283926412443,1.802313061557882,1.0,0.11748245007975887,0.023659604242870624,0.41475605197143717,0.7923665713124446,1.0,0.0
6458,smc3,sox2,1,0,0.00010000004673038632,7.919893342171266,229.00207938990187,897.1474335692136,64.89899187290764,4553.159936349708,56.35097119567308,0.00010000000306263882,7.850589425560528,0.2833991378847254,5.0751523840796215,0.2363238325229795,0.35631329903076653,1.0,0.5908206193684371,0.25424591702934213,42.69630388362158,58.13630494321501,1.0,0.0
6459,ep300,mga,1,0,0.9000853820587524,10.827594094889001,3.3733202114308534,8.872825468799693,2.2195061942653056,25.10370071228199,2.30494239359658,0.7105050398066401,4.876614548252187,0.6579589410884485,2.8292792189541394,0.7805536007506453,0.3593981674302374,1.0,0.29002396679390213,0.06177939890684748,1.6535661789245248,4.787724735672202,1.0,0.0
6460,ep300,mitf,1,0,0.876228511971734,4.623484733792415,10.487657278179888,9.039037436845618,2.123419314930822,8.839773796641895,3.201914621786359,0.8086656712876449,3.058867980265622,0.20246841202073845,0.9779552146347498,0.779407975527389,0.5129978974424839,1.0,0.11871653179407489,0.02827399821510688,0.7249222600126334,1.6044842667907375,1.0,0.0
6461,smc3,sp1,0,1,14.088430675430406,1.030069679409695,16.85401776379866,26.671050858884886,79.08856542236096,3.3583069298575565,2.281125957304272,7.673816160156007,0.9917664077794957,4.692564498907678,0.12591580840313268,0.25016837847189427,0.952847969169664,1.0,0.24105491688690997,0.06801076085898265,9.331610128760136,3.225099621372693,0.0,1.0
6462,smc3,sp2,0,1,10.316012386921093,1.028320827680497,27.002409821081095,29.743646672902486,103.68492205260635,7.012258904626181,3.7425919011296567,7.464334709500696,0.9939569630812811,3.839839582453057,0.23575652917550952,0.2505252021732427,0.5764825224870377,1.0,0.31953030489490974,0.08377686216458669,17.77183396379959,6.033267537687466,0.0,1.0
6463,smc3,sp3,0,1,32.44349254171568,2.6316868525610633,17.7336594405794,49.32432649684467,91.15795781487945,10.001728693816407,1.629119955436345,11.466211713266867,2.49838609979994,5.140391813676394,0.2027747645871298,0.2513560860240166,0.5586233260204156,1.0,0.33021186334448727,0.09325686136305342,17.57298517441511,5.554177219869272,0.0,1.0
6464,smc3,sp5,0,1,8.805841851621423,66.17215418421758,53.388087681286294,4.787925354691734,115.1949488169042,89.2258671441097,1.2444350785087153,7.559050544203899,4.464867244398468,2.1576901106589474,18.635601128717767,0.25159691307985327,0.8757793181428725,1.0,0.36291116158543324,0.19258845436202351,33.40270355149427,40.16006094733924,0.0,1.0
6465,ep300,mybl2,1,0,1.0293521147607556,7.800487185866303,0.8716059253691016,133.61714178695476,1.9110757820858468,599.7106749781642,1.8657654776671961,0.4719669680112465,7.370218337641175,2.192591544483314,4.488276481279401,0.7635804693482277,0.2548247912298658,1.0,0.3244990313112195,0.08825055682977567,2.0056509515303658,17.52408718034044,1.0,0.0
6466,ep300,mycn,1,0,0.9091730661175816,6.372122876192611,1.8600938585582065,9.873376039179666,2.076224770419245,40.71048931355222,3.486668552606435,0.6106840845072523,3.872725956417142,1.1161935516676378,4.123259273424237,0.7728369462259361,0.567140628727783,1.0,0.22459161900566996,0.05553203835342688,2.3964461701804245,7.730612660067644,1.0,0.0
6467,ep300,myef2,1,0,0.0001,3.0771333652723825,6.003305713538504,5.650496038905974,2.840128642953588,5.9131052109672,2.8340818711995572,9.999833427882818e-05,1.9922167963883544,0.4730941215518313,1.046475419193829,0.8048030590176649,1.4233593081392728,1.0,0.09535189712963574,0.020773138101604232,0.2903751283734608,0.7556198859619638,1.0,0.0
6468,smc3,srebf2,0,1,8.54673063313923,0.9295138728710783,27.238703485682645,1.3191289024772936,102.74423569333075,2.4914830727604036,2.705691448971848,6.505492170783381,0.5452838611806103,3.771994351615734,1.888733593875061,0.2476996366763737,0.6605323975396661,1.0,0.33437855447542114,0.07928526932117333,17.115123160235758,3.4505398395634956,0.0,1.0
6469,smc3,stat3,1,0,11.166669757208671,3.5021633092545517,18.954348698966463,8.962491997719912,82.90140302469321,3.081158713393261,3.693748185945225,7.0268856510376185,2.5181691639992105,4.373740524738454,0.3437837059354829,0.2494010602944534,0.4978148463322627,1.0,0.20315560337324054,0.07057025280742185,9.689407788859823,4.759136163327722,1.0,0.0
6470,smc3,taf1,0,1,11.041478056987275,1.2121932619373024,23.12201120710902,30.504291694867508,91.08901772350843,9.148077120730706,3.2170596569307177,7.472924600972003,1.1658636479751179,3.9394937104564027,0.2998947561949099,0.24333582527971276,0.45815352935870285,1.0,0.41827189228737266,0.11852717937635668,18.42380118712507,8.473488484841495,0.0,1.0
6471,ep300,nfe2l1,1,0,1.7088632010751612,0.8477787300712332,0.1292025737208382,9.999999999998899e-05,2.1513595547289928,1.7527703335498428,9.370889818011458,0.12012057824222627,9.99882058605144e-05,16.651058046082984,17527.70333550036,0.7766319065897713,0.8421611131595801,1.0,0.1227007301412898,0.02796601550973299,1.2085792656292265,0.5711614110531225,1.0,0.0
6472,ep300,nfe2l2,1,0,0.9186083141565675,13.169741065696211,3.9072496509657313,7.594534051450713,2.273535509058317,16.418752734050514,1.9473454939282986,0.7437500317669435,4.816833065827798,0.5818761820085853,2.161917060720031,0.7809155706132069,0.31720086964496286,1.0,0.2689552086748186,0.04225445537103401,1.8766657159310323,2.9000470460557266,1.0,0.0
6473,smc3,tcf3,1,0,13.235784595703809,1.941726004744265,14.564236883688954,30.133677096098292,68.71279685184926,15.595736539105552,2.2357098360137835,6.934135009075618,1.8241811101205998,4.717912610224251,0.5175517242509009,0.23720573987006305,0.3983672867021661,1.0,0.5104597514207058,0.1536562059481839,25.84812458549392,14.34188893997283,1.0,0.0
6474,ep300,nfib,1,0,3.301480865662055,2.951873836314264,0.06845249899097317,9.999999999998899e-05,2.6594389823765687,2.404960800956829,6.634292928026328,0.06706204282728234,9.999661243608955e-05,38.85086770502373,24049.608009570937,0.8008461687360008,0.8035244592829148,1.0,0.14590698783839506,0.025850455751603885,0.8133247355609823,1.175156737008098,1.0,0.0
6475,smc3,tcf7,1,0,14.743156989927318,1.701859923334619,23.778416921803142,36.79075119115513,97.04867327218102,7.083432255467417,2.733708800996005,9.10058697117082,1.6266162047404744,4.081376552162065,0.19253296076135423,0.2503749159901293,0.6030159633203984,1.0,0.3809643222538895,0.10365620818229117,22.587640326475352,6.904320850085492,1.0,0.0
6476,smc3,tcf7l1,1,0,1.4428905142237092,2.5401921280009447,41.95302341511777,31.88406978688288,143.57689949075598,3.270744482222918,14.015877840846889,1.3949151901084798,2.3527494440267067,3.4223254441065634,0.10258240256294082,0.25389103312368244,1.0279124333178387,1.0,0.2864251706358172,0.08295904544145617,17.226851423358948,4.3057269928357025,1.0,0.0
6477,ep300,nfyb,1,0,1.0427413749330854,9.15492150801482,2.0375900368044544,7.032676598359894,2.0721487123263196,21.169629659589823,2.6730582623997963,0.6897567672203664,3.977341284738412,1.0169605636549262,3.0101810261724307,0.7736151902192474,0.39738844879938623,1.0,0.26335237648921195,0.04402616928814181,1.731557393894482,2.972797871055417,1.0,0.0
6478,ep300,nfyc,1,0,0.9216818238246981,4.828857270787159,13.784684557833172,6.190330494995974,2.1250784186755727,18.22442687748122,2.434522287935567,0.8639179029265804,2.712742813236956,0.15416228131734744,2.9440151688529634,0.7769561042372601,0.4280819783416551,1.0,0.23857037961435656,0.043858186813120495,1.4554318676108258,5.583248074342026,1.0,0.0
6479,smc3,tead1,1,0,10.802094158516642,1.425382395081909,16.89735375366637,1.6578407075741122,73.46640829155882,1.3923918462519607,2.956862867108782,6.589546725102352,0.7664242514239842,4.347805541777106,0.8398827703352888,0.23815265369319422,1.0144426811258787,1.0,0.3116848086360551,0.06382849221946167,9.4648641593664,2.2434848226948634,1.0,0.0
6480,smc3,tead4,1,0,10.266414528778501,0.14301359465939711,25.331835650906065,3.425331074079686,97.1641761944325,3.355916982246158,3.6122192867261584,7.305615423634165,0.13728183661579152,3.8356547679148214,0.9797350707618305,0.24443580826593045,0.6992604415221606,1.0,0.35940866831861207,0.08543025299177222,12.655564852938877,4.354115958082705,1.0,0.0
6481,smc3,tfap4,1,0,10.554380861490023,0.15494825871589418,27.363678846691286,3.83421984981999,106.78578911193219,3.916259242926574,3.7378225361228483,7.616599861441858,0.1489297199564686,3.9024646397223863,1.021396632514548,0.25320680937795587,0.618088434519994,1.0,0.38458756228052654,0.10288020633606644,26.199254152842414,5.010823782847607,1.0,0.0
6482,ep300,nkx6-2,1,0,1.0782110383327907,6.177736453842074,1.6314034112156577,247.98315923658683,2.078260590991721,1495.9941672802731,2.2462696785923413,0.6491688019450974,6.027577919070406,1.273909675990614,6.03264420005646,0.7732591877538785,0.5223220505485494,1.0,0.2446649760855639,0.07727373261745435,3.003675700594417,39.415471805214636,1.0,0.0
6483,smc3,tfdp2,1,0,16.326116736794653,1.9691410377173348,19.865999315945512,38.55465211793416,85.24498414817128,8.635695116327177,2.3300453806122636,8.96147170429548,1.8734561048797544,4.290999047792632,0.2239858134346952,0.24214466778164395,0.6198378748799741,1.0,0.39790639983347875,0.1072949848297909,18.00664736231635,5.211090838080706,1.0,0.0
6484,smc3,tfe3,0,1,35.62205440175564,2.9232860346294003,23.919250727037237,67.24421894085256,106.00129293865281,8.541728252293279,1.7378506500110014,14.310281724673171,2.801497448256758,4.4316309966529905,0.12702546608216997,0.24954392170333634,0.8946311176040905,1.0,0.319896782658308,0.08017551028691007,11.755529328835882,4.437143476665025,0.0,1.0
6485,smc3,tgif1,1,0,3.090410387673587,43.93443551803887,58.54468727769836,12.525604112306473,83.92967680906682,50.37703305964488,1.3500981854216505,2.935455877564867,9.746811192474631,1.4336002242348378,4.021924420407729,0.23934126371815145,0.31434400659758327,1.0,0.5145423118005651,0.17581180305179928,32.14181022399828,24.592790986989698,1.0,0.0
6486,smc3,tgif2,1,0,7.580333380460784,0.7206671532005062,31.19758271069598,0.8838148439719544,114.64869464039768,2.4183313878995243,2.4639219766730776,6.098524661708309,0.3969731842950406,3.6749223715044685,2.7362421036416356,0.25127021609465,0.6981326813214608,1.0,0.30390186106866873,0.08407962990617854,14.034168472423971,3.517436258083751,1.0,0.0
6487,smc3,thap1,0,1,8.071541322345787,1.6156146459302514,32.45058100168241,43.12107292126634,114.87405621022477,2.378666427567933,5.144287994485397,6.463783002152769,1.5572685584998025,3.5399691674016283,0.05516250562482708,0.2468762582979942,0.9505708700826652,1.0,0.37978166775778993,0.0760084279125778,20.037492579410753,2.2794940426346475,0.0,1.0
6488,ep300,nr1h2,1,0,1.0596189674906227,7.316962572756312,0.8808516770577708,62.95685865609195,1.8994916524438992,68.96324942697765,1.9415693889725674,0.4810003939913049,6.555114983498725,2.156426220119827,1.095404867699899,0.7607045520297145,0.45884072686530586,1.0,0.22798196109360472,0.04065997154287613,0.8706784608054219,2.8568818422983,1.0,0.0
6489,smc3,vezf1,1,0,6.182839560833188,0.3827328917806388,20.79923923289401,0.25471613974229534,84.65409536789275,1.2683550868835973,2.0759798587513245,4.76606565963581,0.15293496409251753,4.0700572948847205,4.9794845672788295,0.2483108108108108,1.1161278160052786,1.0,0.17862571381882356,0.054253394917482836,7.102110687440763,1.808985270985332,1.0,0.0
6490,smc3,xbp1,1,0,22.07662459820781,2.0274866518579655,27.68677177249273,51.34520795057449,112.09394997030375,11.888047918269779,2.3262171330826433,12.282732115074367,1.9504678287671997,4.048646439946133,0.23153179026392015,0.2532570990857023,0.6859486137320367,1.0,0.29402916651930433,0.09146797193860044,16.324649990218884,5.7741560374342065,1.0,0.0
6491,ep300,nr2f6,1,0,0.8495174593801278,7.7623754773519185,12.91377391370796,1.2599914345334857,2.3033930570156462,4.106578990596235,1.2387822493808203,0.797082333636674,1.0840311315883249,0.17836715064142453,3.259211831163522,0.7835928489042676,0.9836797034803219,1.0,0.23678109650678464,0.03825203641623656,0.5974878041244885,0.7237640504808918,1.0,0.0
6492,ep300,nr5a2,1,0,0.9574316315324618,4.7669714768309035,11.004253795740329,6.367626125606502,2.1629622063356284,7.603039110141354,2.5390054049243735,0.8807973365886338,2.72612385284986,0.1965569175779003,1.1940146861900096,0.7772544747746593,0.5318532793752314,1.0,0.1439504919847215,0.02832957795892254,0.8934769148231025,2.5282745835134497,1.0,0.0
6493,smc3,zfhx3,1,0,11.861883557674666,1.3154350832817572,20.21509210472349,13.127406418480797,87.3036397394094,1.9396773011027617,2.975181551659572,7.475426336248661,1.1956269791689123,4.318735689510408,0.14775784639165881,0.251906448454407,1.157351314541239,1.0,0.2782109560984576,0.0766387965230143,8.71641427231548,1.5481526627260915,1.0,0.0
6494,smc3,zfp110,1,0,9.999999999976694e-05,2.9574589841901844,38.85918350994202,106.03275262143995,125.36477086351911,1.736739060580882,10.653039380039147,9.999974266100263e-05,2.8772080743670547,3.226129824149415,0.01637926977885238,0.25324020254237506,0.6446648893297787,1.0,0.3086476512038328,0.07184547494738684,11.983855243413206,3.2635525425043985,1.0,0.0
6495,smc3,zfp148,1,0,8.965060509981225,0.9896443239406543,47.37704696203321,2.2579011923794967,156.67314725538674,2.092359265898128,2.921909098805017,7.538555298269959,0.6880639818065355,3.3069420173220316,0.9266832724832783,0.24770452458758155,0.8038351961428883,1.0,0.2736562058340203,0.07786095199559376,13.333030957891928,3.995663972552261,1.0,0.0
6496,smc3,zfp219,1,0,15.73961324552004,1.5792087689976133,23.899420265758025,35.48926475950431,95.91829069389738,8.756258784870475,2.6304902777381898,9.48982854660541,1.5119305646722747,4.013414954308521,0.24672978840807006,0.24392830621860437,0.5302577143136584,1.0,0.3522303429707879,0.09296757883570554,15.89078759053876,5.739304362683152,1.0,0.0
6497,mybl2,yy1,0,1,38.3415491898733,3.7684581477540804,35.81546952838343,90.02839710592382,186.45031301197537,28.688858170874756,2.0122223846313574,18.51774262795233,3.6170535321839097,5.20585979933099,0.3186645446671742,0.24016124148086002,0.4414061420458058,1.0,0.5325871447470001,0.17678204533311115,39.028019262895526,16.675093064823972,0.0,1.0
6498,smc3,zfp410,1,0,0.00010000000243337581,0.00010000000003033277,25.116104462649197,0.4646640206227866,73.5091691344277,1.4796685870279473,15.066389643491082,9.99996042840256e-05,9.997848373483153e-05,2.926774303066985,3.1843838157401465,0.24084118948442396,0.8399048605780648,1.0,0.31060972907699697,0.06888500467775664,9.536035232744007,2.4936103777791336,1.0,0.0
6499,smc3,zfp42,0,1,3.934368392244629,19.407846599209996,109.99931563269246,101.44711209609854,59.35434229205965,1034.6343629481623,6.438550907605634,3.798506423254795,16.291180856366225,0.5395882869876618,10.198756194933146,0.23289930999106853,0.2340133367983102,1.0,0.6316164018663053,0.34168603807072107,64.70217350220463,159.90483075544276,0.0,1.0
6500,smc3,zfp57,1,0,10.769592091196687,1.3659963879154255,15.248162306356008,25.24548448936192,69.21368764393787,19.582738561311672,2.546571636398727,6.311708753591039,1.2958783008986576,4.539149456396264,0.7756927211899439,0.23804642964725775,0.3159195956762807,1.0,0.513003907072993,0.1709126140087376,29.398981813341106,21.395137334967142,1.0,0.0
6501,smc3,zic3,0,1,5.244847895860387,1.8527827065135059,15.6106752614058,17.607906891944687,69.02520224937487,3.2682316910827574,4.394790557455693,3.925848164073413,1.6763858866481152,4.4216666539739995,0.18561159546896042,0.2469157898698519,0.9535479820728796,1.0,0.26206383065997724,0.07849124354145774,10.513971905678881,4.021978939949854,0.0,1.0
6502,ep300,pknox1,1,0,6.856924026930757,4.73349219852078,0.025791077989489996,0.6364017235186497,2.5959464965697565,1.4503895345695301,7.563520194025045,0.025694433032707686,0.5609799070773128,100.65288847669022,2.2790471505173833,0.7963631633714878,0.9592412827644645,1.0,0.20088247963674197,0.028884472099360223,1.151348138901065,0.7263331427722288,1.0,0.0
6503,ep300,polr2a,1,0,0.2661499908527999,13.895258752837266,5.261148182878921,31.834494820340026,2.4229948394069667,12.563976195124052,3.4575190611408746,0.2533343591635977,9.673101388719076,0.4605448763621583,0.3946654805119303,0.7900521490944201,0.7854935050620413,1.0,0.22430591897394464,0.04262031203110805,1.2896987850986403,1.757423095581659,1.0,0.0
6504,ep300,pou2f1,1,0,3.1188659077494423,2.8556632449258084,0.6233850824956068,1.0833078145614259,2.4211846288908534,3.0121521582704625,4.28351427370294,0.5195414434422552,0.7853732008345041,3.883930971203368,2.780513643289764,0.7910129402284687,0.8313345496618014,1.0,0.1318475572616513,0.01669679741835129,0.4176581744325704,0.6564642012642401,1.0,0.0
6505,ep300,pten,1,0,0.9195862273743005,12.213735263561933,3.462062873846918,8.542141160823855,2.2308555477416876,11.254084054795316,2.1507763153947717,0.7265906656482808,5.026598183042785,0.6443717601416182,1.31747811736114,0.7791856815327444,0.6390625495209695,1.0,0.29281467773921865,0.04982354854440093,1.7992407929790069,3.199346479246833,1.0,0.0
6506,ep300,rara,1,0,1.18957787893244,6.374915167267253,15.118856027549516,3.9477774328936484,2.2036315442437835,3.3109113417302294,1.746674675283407,1.1028070989691379,2.438002099719294,0.1457538546718307,0.8386773059046017,0.7794764358379105,1.0333642169896655,1.0,0.1738850985082596,0.0311830237311108,0.06854463251286645,0.7088945263328783,1.0,0.0
6507,ep300,rarg,1,0,2.4907021318312923,2.3836934626337283,9.999999999998899e-05,9.999999999998899e-05,2.2416980208857,1.8382939279687542,11.634698091218212,9.999598522905548e-05,9.999580500568401e-05,22416.980208859466,18382.939279689566,0.7768233194527068,0.7999428294650583,1.0,0.15765657726161886,0.018960815601955387,0.5390658274845443,0.6275467943438648,1.0,0.0
6508,ep300,rbpj,1,0,0.7785276181687044,9.890366375382929,2.501899931481905,42.4250405970211,2.2358168245508336,22.575611569269196,3.3068772113856824,0.5937635156004306,8.020566392924525,0.8936475821503113,0.5321294040400837,0.7791833991706142,0.5831080572669196,1.0,0.20339691488295136,0.04026843221216161,1.0129456566330213,1.7412136046892512,1.0,0.0
6509,ep300,relb,1,0,0.46516270110065244,9.738233437396099,3.801116889857153,16.31646985303661,2.3159176875510656,15.16119940313304,3.002921943140886,0.4144448956024251,6.0984610161134425,0.6092729465202262,0.9291960540295077,0.7873706984876349,0.644018413845347,1.0,0.21076543848699714,0.032868491229208534,0.928120290137023,3.6570749509509524,1.0,0.0
6510,ep300,rfx7,1,0,5.357394362872136,3.687615960770837,0.7986183401003474,1.852716153997334,2.4541013965748615,1.575886967392577,3.4361555362690552,0.6950137369394944,1.2331581426404092,3.0729339327049523,0.8505819760854985,0.7920457943525994,0.8684393953580308,1.0,0.13118322895992937,0.026756178810352506,0.5756388609956504,0.4545638053091834,1.0,0.0
6511,ep300,rxrb,1,0,3.9798898925703137,4.231367698837813,0.00010000000000000286,0.9209233506139577,2.3361213795849722,2.0242956183475322,5.550241485257798,9.999748743080798e-05,0.7563170017943814,23361.213795849053,2.198115203613832,0.7852944675788223,1.120364944534749,1.0,0.17511682628641956,0.01758891647965436,0.6665021813188181,0.6212165398157323,1.0,0.0
6512,ep300,setdb1,0,1,1.0184638697502464,8.256503314656932,1.1203472239229422,29.894967583864002,1.9746027204497532,29.097739868399447,2.4084341474647886,0.5334894570707028,6.469682377496586,1.7624917331750063,0.973332377323103,0.7656232381486706,0.4607516765571476,1.0,0.23458650069872178,0.03505236073399049,1.203610544211361,2.3486165257304794,0.0,1.0
6513,ep300,smad2,1,0,1.0707489988976435,3.6626380015516418,11.963877096284344,1.6408886089165995,2.1973204243203717,1.769511343275183,1.577602130317687,0.9827907091647228,1.1332046422598292,0.1836629051465933,1.0783860242917445,0.7771770472895042,0.7386502187913291,1.0,0.24737505912679153,0.03316396982702173,0.5175088062339193,0.854494683017197,1.0,0.0
6514,ep300,smad4,1,0,0.6253553511769143,12.624968666460383,4.079392474184256,12.53334554784021,2.327505491986432,5.708496515794454,2.298222794474429,0.542233081979504,6.289495133877447,0.5705519894728581,0.45546470365832703,0.7838601397136604,0.9564646275098517,1.0,0.19427248495773466,0.030867716378453418,0.3091410616661776,0.6653222596959567,1.0,0.0
6515,ep300,smarca5,1,0,0.9240059799214915,10.548318875469159,2.5461872312096303,45.74181918430362,2.195396575823988,239.99885139883062,3.1949593096057214,0.6779715377492123,8.571648806185834,0.8622290414915834,5.246814745863597,0.7772876824236477,0.17090226174521783,1.0,0.30124815082294604,0.0906849269601184,3.6228351733377524,22.086773196132796,1.0,0.0
6516,ep300,smarcb1,1,0,0.9313298372667191,9.387886611405573,1.9779724877051357,14.722526249638394,2.099570011972792,59.31960589391248,3.566683382459779,0.6331912566392677,5.732519300337805,1.0614758420673156,4.029173043272343,0.770763162694041,0.30827780737716526,1.0,0.3378124451659197,0.0711410312587283,2.7239643305984877,9.602393415680304,1.0,0.0
6517,ep300,smarcc1,1,0,0.9359221959701224,8.724905877574908,2.0447378034337627,17.601330251954803,2.1259363842039263,60.824050306854566,3.4833594783893282,0.6420442101935759,5.833342412216708,1.0397109989524356,3.455650762538215,0.777769973972415,0.22526397627135805,1.0,0.23134031280426773,0.05961351743444735,2.44807306869863,15.326610424176446,1.0,0.0
6518,ep300,sox2,1,0,1.0301249752790531,7.216859590234807,0.8697384665115004,208.70528835157134,1.9111973540744003,1049.5906021876613,1.824079131802705,0.4715809023989693,6.975647362394238,2.1974391471267976,5.029056093775589,0.7635804693482277,0.3694193900920341,1.0,0.34402471141999563,0.08764849306157409,2.0280119805700374,13.35807672293612,1.0,0.0
6519,ep300,spic,1,0,1.440667072577988,3.1638391917514097,3.1367758757228192,1.7092025219526512,2.391582662859081,3.860390089817811,2.2476318537092173,0.9872432642526686,1.1097056506589453,0.7624333894457728,2.2585913841313374,0.7840689842199179,1.8569607434139415,1.0,0.13481159415066057,0.030827884159951705,0.0761599907723776,1.1205592691272575,-1.0,0.0
6520,ep300,srebf1,1,0,6.903573911250069,6.208590754981248,9.999999999998899e-05,0.00010000000000065512,2.1520914304106182,3.1918953554969045,14.540203998341624,9.9998551495884e-05,9.999838935512698e-05,21520.91430410855,31918.953554759937,0.7744166548359189,0.5260442771780109,1.0,0.26959016064308666,0.04184440603835282,0.9707286461187481,1.1667387493081263,1.0,0.0
6521,ep300,srebf2,1,0,4.206740758456915,3.8582178499675837,9.999999999998899e-05,9.999999999998899e-05,2.1140905484509527,2.7319187842357393,10.498271018185823,9.999762291928302e-05,9.999740819693159e-05,21140.905484511855,27319.187842360403,0.773840365493147,0.6717244444444445,1.0,0.1824816477832132,0.026613709665215174,0.7721512075983177,1.6090647614889213,1.0,0.0
6522,ep300,stat6,1,0,0.42461789860756033,3.5229109496406923,5.77223287717746,3.244046295233351,2.3210540806914195,3.7223550431171604,2.062143995702523,0.3955224166697917,1.6888663251531475,0.40210679819736966,1.1474420228178044,0.7848930412261651,1.026874046017299,1.0,0.1047686762717246,0.027016037614952682,0.1277862200665124,0.5094188267437985,1.0,0.0
6523,ep300,tbx3,1,0,1.1899331760317564,3.865322246668507,12.621251465902086,8.849501369999263,2.00669261072312,19.689955286634312,3.505716468657086,1.087411850010098,2.690259460032222,0.15899315659342145,2.224979065304778,0.7692768291740709,0.341303046503758,1.0,0.17896973791013912,0.03801427674592164,0.9524556494261186,4.224980185891354,1.0,0.0
6524,ep300,tcf3,1,0,0.9570432547643065,12.22903110300164,10.059976433775946,3.03451822419205,2.44391044481024,18.90116057861023,1.36688083222619,0.8739053629038974,2.431231226157584,0.24293401290731795,6.228718756053187,0.7917945818472883,0.40696600994076254,1.0,0.3111349147557841,0.054196828934194016,2.480334236727904,4.4616796165286345,1.0,0.0
6525,ep300,tcf4,1,0,0.9374615946646702,7.762662525409548,1.8783176401889747,10.834190568787333,2.0774715552085765,15.355858546291223,3.5913548547630745,0.6253511029780215,4.522386916510887,1.1060278148692493,1.4173517115833785,0.7732466315938527,0.5423143358406632,1.0,0.20126761447083166,0.026926727765450183,0.9635962194739252,1.1757868270614722,1.0,0.0
6526,ep300,tcf7,1,0,1.1297797665294564,7.248147241104292,14.449757722992679,2.64741357316854,2.317351690268684,5.857388636897509,1.4719988029135407,1.0478516398621671,1.9391365225856263,0.16037304809486722,2.212494751957901,0.7801670129685913,0.5984842412468444,1.0,0.21759541596229398,0.033782693591098194,0.7716859675106874,0.7473229092236703,1.0,0.0
6527,ep300,tcf7l1,1,0,2.730025618024772,2.137725054321742,9.999999999998899e-05,0.44505328173628356,2.13136984209637,2.924004375508072,4.816244060475914,9.999633716486743e-05,0.3683636096808239,21313.698420966044,6.570009694346421,0.7771794739570469,1.0083180752093215,1.0,0.13666049210731715,0.022666483595308748,0.4517080955504557,0.648517650582491,1.0,0.0
6528,ep300,tead1,1,0,4.093378456931295,4.544474030064127,1.4333216636332324,1.432784564657635,2.508527005609918,2.044677076186674,5.071305101776064,1.061596955104902,1.0893375519193935,1.7501493692987367,1.4270652592319426,0.7947624962056221,1.039618834558699,1.0,0.1405680762264062,0.024780324899127258,0.3370379520477952,0.3352583410495966,1.0,0.0
6529,ep300,tead4,1,0,3.894867851024268,3.2391625143673126,0.0001,0.6913034515243233,2.312615924727968,3.6882938177624514,5.6397888703485535,9.999743258471379e-05,0.5697146968482528,23126.15924727968,5.33527470408222,0.7808093253026837,0.7084565345949144,1.0,0.1863683909423747,0.029211020196219788,0.5299421262722366,2.133248121252932,1.0,0.0
6530,ep300,tfap4,1,0,2.0942008020420033,1.4905866275928694,0.08113600849676239,0.2829305989377102,2.308037413647085,3.85895656601818,6.506767399312248,0.07810978660648128,0.23779445781781383,28.44652400837766,13.639233722004613,0.7787578043704476,0.6145897018581687,1.0,0.1296828317110549,0.01913771920297677,0.43487664247451296,0.493653747607516,1.0,0.0
6531,ep300,tfcp2l1,1,0,1.0378651462704864,8.332313586505366,1.447255131885325,16.559212852162098,2.01518891713933,36.03516360768446,3.010723374883483,0.6044197024779577,5.543113419334798,1.3924213310711588,2.176139888375155,0.7707509115423268,0.2890016250366422,1.0,0.2198155730507625,0.04399463265084585,1.753996000756628,3.5498416458410382,1.0,0.0
6532,ep300,tfdp2,1,0,0.9872984465809419,10.853125350180376,3.4332034660612116,5.316509382229376,2.1980258976745297,9.517228623697502,1.918304288817974,0.7667899518705474,3.568462968127069,0.6402259345835521,1.7901273071216954,0.7781622452902729,0.6269049129050731,1.0,0.2424430305977511,0.03887943228747712,1.3030528710745997,1.6676136687806196,1.0,0.0
6533,ep300,tfe3,1,0,0.8808703376188521,8.322927463696574,2.243222700157686,32.45732465499641,2.18408586107651,14.585332097232078,3.127114801768677,0.6324998370242242,6.624283684733718,0.9736375532054758,0.4493695106502514,0.7754995088105244,0.9025550509523599,1.0,0.17014336022932722,0.024859859952988346,1.1832955819118216,1.3818184100977324,1.0,0.0
6534,ep300,tfeb,1,0,0.07312570515238774,6.267243632922562,6.8610376759218585,0.3537290873054422,2.42595841118558,5.002431394650626,1.0677005983119447,0.0723545423660264,0.3348309174302411,0.3535847674615232,14.14198485274994,0.7853229619693851,0.8656384737930258,1.0,0.19898547491905894,0.032876408547365954,0.8767377047468286,2.165512359671533,1.0,0.0
6535,ep300,tgif1,1,0,0.9233468826860198,8.432018716869866,2.160282364877288,72.67971665706011,2.173846230000603,150.98004767928813,2.7918701530997367,0.6468644013891216,7.555463193629321,1.0062787464008602,2.07733401592206,0.779771505966218,0.32896396968828423,1.0,0.26695126874095476,0.05960989775586532,2.3859374185329734,7.974659413210106,1.0,0.0
6536,ep300,tgif2,1,0,2.186826483810164,1.7524233104395295,0.0001000000000005441,0.0001000000000005441,2.255742287048482,2.6323222539663544,7.537089065576497,9.999542737312652e-05,9.999429394234759e-05,22557.422870362087,26323.22253952032,0.780734213688345,0.704656210876862,1.0,0.11886889488105422,0.021816521878810797,0.1813325728233432,0.9093244779549859,1.0,0.0
6537,ep300,thap1,0,1,0.9322014622976814,7.319077846153621,2.2601050488113392,97.99001088084096,2.1877606583145215,35.38883785599201,2.737897820036011,0.6599846299584705,6.810395251273991,0.9679906955940539,0.3611474020451532,0.7786257274208367,1.0243082086360131,1.0,0.13478772406764694,0.021896758225623994,0.12098410118496265,1.0302949593866657,0.0,1.0
6538,ep300,thap11,1,0,0.9529440071133158,9.907512850082258,2.740103311106193,10.820031622575234,2.1512109140294893,16.118452313476812,2.8196885893267387,0.7070488959911011,5.171842833596216,0.7850838708563272,1.4896862482219364,0.7815636856874163,0.4760810863577518,1.0,0.23994025394253093,0.03793854222533052,1.3836229961316044,1.9875395662338549,1.0,0.0
6539,ep300,thra,1,0,2.390625590048794,0.8375969012469043,1.0014955732863886,0.36198449381107467,2.543413261235882,1.2953118847958016,4.6127319701600396,0.7058123311447444,0.25275241143676713,2.5396150807633826,3.5783629048813483,0.7959319605511251,1.2070359976134177,1.0,0.058233259311223404,0.016049272512071007,0.6842612268059782,0.3756579951726656,1.0,0.0
6540,ep300,topors,1,0,0.8635755403697752,10.632350224529663,2.3592517583995205,33.909794939097324,2.206829451350102,47.23137128558539,3.335349476935221,0.6321753923662708,8.094374765966212,0.9353937931775372,1.3928533443040243,0.7728946725542374,0.29449327846364887,1.0,0.2830523269562749,0.05702947015983005,1.5365532153936892,7.803367639100109,1.0,0.0
6541,ep300,trim28,1,0,0.6744810627143222,9.055055641768066,2.852684400535267,19.81598925959046,2.230467764925559,182.92390866844352,3.942244235094897,0.5455036419779788,6.215046457630173,0.7818838159969754,9.231126756889655,0.7842540793801939,0.2361487290036157,1.0,0.3041652973797293,0.09381233912921766,4.519401392915434,29.716918540253044,1.0,0.0
6542,ep300,ybx1,1,0,1.047528449695739,6.965680117434449,1.5778864937762327,180.19908725307977,2.0692565571956965,10000.0,2.26591021957978,0.6295694311983366,6.7064395553345895,1.3114102727652521,55.49417675992746,0.776429716840185,0.2745627541832707,1.0,0.3837916528902385,0.21741490361541752,7.041163044325313,220.22144223265275,1.0,0.0
6543,ep300,zfhx3,1,0,2.890457463739411,1.8077995757558005,0.00010000000000000286,0.28621579677042885,2.2453421266715505,1.8358313647600655,5.646371382448881,9.999654045971506e-05,0.24709503223559,22453.42126671486,6.414151089754733,0.7815015614644995,1.148689054244406,1.0,0.1067805551262456,0.018471667332010586,0.5470729884618415,0.08167708351475587,1.0,0.0
6544,ep300,zfp410,1,0,8.521710824098829,0.08209496739147082,0.3740725657486213,9.999999999998899e-05,2.414389668513115,1.4942380537461346,3.972743406173202,0.3583426093958783,9.987833805014758e-05,6.454335039730226,14942.380537462992,0.7905574587355965,0.8343354407863735,1.0,0.15307581893635075,0.022029599873444217,0.46723311476030577,0.724920547804278,1.0,0.0
6545,erf,etv4,0,1,0.25567502981876133,3.600549905709446,10.6212628825145,9.543028105146348,4.362479183737829,19.391189525905844,3.738309576382956,0.24966509196679457,2.6142157725839867,0.4107307419082585,2.0319744752138575,0.6767593570634163,1.319334248302469,1.0,0.16606789950859627,0.0419278033587368,0.484096422466758,4.142477779616127,0.0,1.0
6546,erf,etv5,0,1,0.8007209983333717,12.545426588374475,11.082200839102605,16.260602741249137,3.5691634568438086,15.751069321213052,2.4620408110795653,0.7467650667920148,7.0817187484869955,0.3220626939236039,0.9686645428743226,0.6551808912582164,0.3979822785412075,1.0,0.2260075590419774,0.048672074010717555,1.605085226422769,3.541675982961821,0.0,1.0
6547,erf,etv6,1,0,0.3013543547270068,5.125597604849711,7.3838826328010025,2.578158871083879,4.120817104145584,3.3573601375584388,1.5643376578110566,0.2895376147539508,1.715345620780171,0.558082692950713,1.3022316720718523,0.6715633206120233,1.132846164895145,1.0,0.1483304988218216,0.030502596961233662,0.7408340179213698,0.6987759233130162,1.0,0.0
6548,erf,gtf2i,1,0,1.6775409154676728,8.603049931868595,15.139836437954205,2.810040524012252,4.04004408326257,5.853809375470066,1.4736284744921517,1.5102054585811377,2.1181746549809333,0.26684859508353365,2.0831761412151586,0.6700756314848145,0.5675709697830467,1.0,0.23059294925356316,0.03434375577343415,2.0958762168483753,1.8444795238382532,1.0,0.0
6549,erf,gtf3c2,1,0,2.910308446344176,12.713059082377004,24.685098600729173,4.890271625364861,4.728136076909311,8.507576400485908,1.5479138776297714,2.603377106704432,3.531735734237673,0.1915380672925344,1.73969403997087,0.682730492647848,0.4030009344607345,1.0,0.26875659202834823,0.04505441367912539,4.825247047482282,2.0243343296644642,1.0,0.0
6550,erf,hbp1,1,0,2.2017076390311807,2.3095769120926657,2.2426556455355384,1.5530927417779594,4.381365132445153,2.290116013452618,3.3025117233079477,1.1109965028372726,0.9286290209038964,1.9536504149297955,1.474552003141116,0.6780791877793643,0.9932803173969919,1.0,0.14376605496920483,0.02031843842138567,0.28183179520205454,0.4898063684702987,1.0,0.0
6551,erf,hdac2,0,1,1.4928570822486573,8.947689552691589,21.50577993465812,21.72148056888514,3.808278501316817,69.19189499379996,3.665541067076359,1.3959547194529114,6.337213037873189,0.17708162702713706,3.185413387193949,0.6641551367531248,0.22785933364318287,1.0,0.32478275107807486,0.08211446383258782,3.9487246199556023,19.62576828032922,0.0,1.0
6552,erf,hmga2,1,0,0.3576636782923409,4.961571660322749,6.89426436866363,1.9866783656476754,3.711055969491461,12.096949379176317,1.4730641909444067,0.34002377536703493,1.4186373605341214,0.5382816455892312,6.0890326226674345,0.6580230717907231,0.5922166673130547,1.0,0.24914025537383233,0.050192617966697384,2.352667274557355,3.2444710608116307,1.0,0.0
6553,erf,irf9,1,0,3.2036427740852926,4.560447606634996,1.529758396400557,2.939251677104842,4.214821625121292,1.140099696075814,3.769809023155555,1.0353653232020301,1.787312099994817,2.755220455098368,0.38788774195709924,0.6730414589167407,1.044540630057586,1.0,0.0973272447016426,0.01983569233476928,0.03628508065408792,0.42350280208962987,1.0,0.0
6554,erf,jund,0,1,9.999999999998899e-05,15.12460469921565,13.14633135519379,179.95703788364065,3.7251441200951367,763.5846052654219,9.22151676043893,9.999923933728671e-05,13.951999915501169,0.2833599746916028,4.2431494441420625,0.6590283977671365,0.8459721348455645,1.0,0.2345555469417803,0.06652601169688341,2.478967125807096,19.712638691195206,0.0,1.0
6555,erf,klf10,0,1,2.7247724366316315,2.1886469599924783,0.9966776949661491,1.31370982418773,3.815850397749648,3.8756164666130735,3.6250604871320027,0.7297477637523347,0.8209463484725282,3.8285700753835457,2.950131296315285,0.6632033449855974,0.759075113050495,1.0,0.21754384603470325,0.0363708419967912,0.4890729091566819,1.9579720810153838,0.0,1.0
6556,erf,klf13,0,1,0.3857579836964471,22.422887165684156,17.850297941645522,152.62547135392404,3.820862449447756,228.41323511104335,7.975390508767951,0.3775978188782007,19.550618764557253,0.21405034593475986,1.4965603911641632,0.6613394094360937,0.6105175869682449,1.0,0.3338402920892503,0.06097292786594305,2.420700028806599,8.022467850552658,0.0,1.0
6557,erf,klf15,0,1,1.0147361245957705,7.770148660513242,15.922670586649012,13.250586751537549,3.6784104473610197,42.14161235483848,2.8777273963729377,0.9539423194924173,4.89797463696011,0.23101717939485147,3.1803582094165392,0.6559771247600548,0.5761629918118142,1.0,0.306514329762667,0.0639373652105764,3.132769652502328,9.02367956477728,0.0,1.0
6558,erf,klf16,0,1,6.160589333795931,0.8645335158538784,0.0021052498824104863,9.39643084304888,4.201235782648053,1.6106453042785942,1.0923802063091912,0.0021045307039720272,0.7916925845445144,1995.599580719457,0.17141032921772506,0.673478343605218,0.9704999646917588,1.0,0.1919965368408716,0.03226683856655269,0.8342831220023381,1.3502236631059041,0.0,1.0
6559,erf,klf2,0,1,9.999999999998899e-05,13.586776694606673,8.148460735100494,325.7750101108476,3.5557064946184394,6524.3753955749635,6.438117117975594,9.999877278940235e-05,13.042812971740808,0.43636542044091803,20.027243321564143,0.6550014837693352,0.334302506942111,1.0,0.3659466664799217,0.20023712083821374,9.30345178319278,140.24298401590275,0.0,1.0
6560,erf,klf4,0,1,0.4400620611204232,4.668753062764962,8.528643081643313,5.714745857502406,3.8487686232447227,49.974118655071386,2.338798220669853,0.4184698006374479,2.5695324312173886,0.45127561165370467,8.744766591757461,0.6597421211134712,0.3009728706154777,1.0,0.2281455621414417,0.07485822918505591,4.2723188162309285,9.682533790863653,0.0,1.0
6561,erf,klf5,0,1,0.8057510648099856,5.253504483204209,26.59036958236503,34.06418369032253,3.9086748678693994,77.2702713677204,7.466420415238517,0.7820530096435738,4.551547917669671,0.14699588344427025,2.268372906574964,0.6634252991457849,0.2988828504881707,1.0,0.2613382367656148,0.06608343027832371,2.8844927550061144,8.599469957126281,0.0,1.0
6562,erf,klf6,0,1,1.0755015757831108,8.183417052043627,15.36737486591779,6.900612337101822,5.058205066936607,22.55312368812002,1.9722447095919913,1.0051547819229787,3.743733667717343,0.3291521883906692,3.2682786086766433,0.685776489936565,0.6535056609626223,1.0,0.2853830446153229,0.052614863054385924,3.030635538377367,3.9603479327504147,0.0,1.0
6563,erf,maz,0,1,1.8092491562094004,20.50826486996486,29.9514588413476,60.8523448121067,3.920257908689781,102.93124080649201,4.206854360134269,1.7061852538084776,15.338823175511646,0.13088704391513364,1.691491776106771,0.664785635531153,0.35566700258820727,1.0,0.3788201757064397,0.06945516024955131,2.462566833933456,8.496002879596984,0.0,1.0
6564,erf,mecp2,0,1,5.863032143112946,2.758363565891398,0.028456729912326634,2.1072292138820656,4.055446628767903,1.1817579591396385,2.3202071795342274,0.028319279856024098,1.19461380177913,142.51274272421585,0.5608113020427106,0.6698793888361324,1.157564908761236,1.0,0.2121329515519497,0.028945063515127028,0.6597099491852996,1.2655859864492038,0.0,1.0
6565,erf,meis2,1,0,1.7023648770658046,0.9343351902843517,2.8370188241875085,2.099571631399649,4.583032697120345,3.4728615778132923,3.8059817488640455,1.063942050225428,0.6465932459489822,1.6154396502578285,1.6540810162776678,0.681640979965344,1.7849434860202256,1.0,0.13283027244915593,0.0339658139707059,0.6085898306753088,1.2767714006894053,1.0,0.0
6566,erf,mitf,1,0,1.4217521545331089,9.416246412578843,16.40694541516354,6.218361240145936,5.085191032517438,8.638910688280024,1.8042682042549913,1.308374316302499,3.7451289485629555,0.30994136347998263,1.3892584162700206,0.6836865894837234,0.5130757548514252,1.0,0.20295481025661796,0.04035252655350567,2.355717822409064,1.6707066682806102,1.0,0.0
6567,erf,mtf1,1,0,2.00282100785219,10.100842250629263,33.24721157523458,34.274215254542085,3.916025306479998,9.485829945607199,4.6578514765548515,1.8890255956057145,7.801644910767624,0.11778507492631336,0.2767628631366,0.6668164847404765,0.8920238829079307,1.0,0.18752162668886907,0.031879989995410966,0.748912158505278,1.672426247075511,1.0,0.0
6568,erf,nanog,0,1,2.5827633213161785,2.9648544291088736,2.6051557950762447,3.000134375303608,3.9929862554577196,30.2604757761662,3.99371269169991,1.2969556160921951,1.491195035263237,1.5327245545178065,10.086373472222856,0.6683645124716553,0.22793155476747276,1.0,0.2603203090852766,0.07081806570319393,3.502344046716539,9.380458662152826,0.0,1.0
6569,erf,nfe2l2,1,0,1.1553920318019575,6.4325963441222065,12.940824578697034,8.681734888341502,3.6909360502663513,15.532339299438517,2.559429967607074,1.0606906815008286,3.694910164694107,0.2852164502980983,1.7890824241012624,0.6584133648659171,0.32397711857952405,1.0,0.20529998747988656,0.03600751051638501,2.180125963323283,3.272264431843424,1.0,0.0
6570,erf,nfyc,1,0,1.2240787710344914,6.2504063752868495,14.95792445604063,6.93252605249518,3.8340737672838237,20.56315249959585,2.281732454360044,1.1314840028422384,3.2869094393627503,0.2563239156977736,2.9661846697560823,0.6653770888005124,0.4355521009380479,1.0,0.3097558303787626,0.058043803872368877,2.30542576805041,6.265603103309695,1.0,0.0
6571,erf,nr1h2,1,0,0.031243240501558783,13.281137224521872,6.9558333157739405,65.775142310994,3.4754748090891816,73.31288579996296,5.979260069898984,0.03110353399209432,11.049959549415895,0.4996489494950589,1.114598664847116,0.6506377184599783,0.46080979358402613,1.0,0.321591049164346,0.05875778155142757,2.666066128142579,4.3339394721941735,1.0,0.0
6572,erf,nr2c2,0,1,2.0756423899927716,8.65451198698458,24.462636884910875,16.850215463949617,4.1057017983149615,4.709128890329837,3.197037092267221,1.9132998625626263,5.717778870469105,0.1678356187695961,0.27946995101664046,0.671211300741855,0.9402929651545036,1.0,0.15822867396247597,0.03194241888440881,0.4354568042372856,1.2150520605705932,0.0,1.0
6573,irf9,junb,0,1,0.4102880861241589,0.11047403172766312,4.507012645381337,6.072975245447345,1.1158659006590868,7.7260332703518,11.212299473454241,0.3760546066591177,0.1085002932624322,0.24758437316624693,1.2721990388720394,1.0100597047122941,1.5490947857718005,1.0,0.08710634183930711,0.020374954729022215,0.005343110892841327,0.5117560955911272,0.0,1.0
6574,irf9,klf15,0,1,0.04485844075454334,0.8356536696521565,0.0002590836834809299,32.375615044204224,1.114653925048231,46.043466350602976,1.0317358665311194,0.00025759591667895806,0.8146271601977987,4302.293027767131,1.4221649932437508,1.0484733012205536,0.5667751684881452,1.0,0.18304862017425133,0.040610068618523336,0.6974545812320202,6.681499967742317,0.0,1.0
6575,erf,nrf1,0,1,0.8345246297693653,4.497765236320669,31.00839841383347,32.06319169610102,4.006590534397683,43.552943974746235,7.912624143934021,0.8126537934539282,3.94444568950336,0.12920985085802633,1.3583471161432255,0.6698855411331671,0.4991642617052723,1.0,0.26617044524643235,0.05251852512454847,2.009015900664445,4.189709277169532,0.0,1.0
6576,irf9,max,0,1,29.882137582794194,2.9237721832902555,39.114367572560404,44.708982804511194,1.1229393105864265,42.796101100377264,2.2797805689371735,16.94029155006448,2.7443065239562303,0.02870912609038816,0.9572148238644133,1.0461428328763134,0.45006226429180124,1.0,0.2000112271788724,0.0328810763245308,0.8388946817823556,1.3196275792761796,0.0,1.0
6577,irf9,maz,0,1,0.43143109240958716,6.305951454944871,0.15688308642497426,93.44381691531012,1.1512784464114119,159.54762742769583,1.4441413014160958,0.11504778193684782,5.907303674585924,7.338448475527567,1.7074177050397763,1.021088692565873,0.3680387501311072,1.0,0.19401685366852542,0.04662426785938592,0.5290546723201589,3.5029532100952943,0.0,1.0
6578,irf9,mecp2,0,1,0.3672206720257719,0.0765046057971863,0.05282034812905066,0.011029989551075512,1.1611561699848314,1.1641193144198492,9.077426457973798,0.04617816547878058,0.009640131415411543,21.983122245765873,105.54128895855013,1.0458077018273577,1.1354071013161924,1.0,0.10660660699757359,0.01825786706296188,0.44278243731539385,0.08760744246770771,0.0,0.0
6579,erf,plagl1,0,1,0.10463387864323116,4.000241846618975,13.173780273258654,21.870037509556333,4.194845682141676,13.020619379327055,6.487037248229797,0.10380936387552765,3.3816967350207934,0.3184238384981081,0.595363376658022,0.6700465669969539,1.009134079638602,1.0,0.11280385071806458,0.026551609853223208,0.3559141396814006,1.1035963979814516,0.0,1.0
6580,erf,polr3g,1,0,1.3447924766718928,8.97536090769472,15.497574042970763,4.886787375341528,4.842950139304697,10.837030238901894,1.6784871633589935,1.23741642573486,3.1640608278971287,0.3124973060865171,2.2176185306496,0.6853745980133729,0.6638644702949712,1.0,0.2798329466534565,0.054689558549795604,5.041150376564255,3.02689644282557,1.0,0.0
6581,irf9,meis2,0,1,0.43569925463753995,0.597585261875,0.06746876426619441,1.5814463843568665,1.1479706428673153,3.733562028155653,-1.8020563430454524,0.0584220164988682,0.43370138904196953,17.014846134398702,2.3608527390411638,1.0277328855331938,1.8018322427126712,1.0,-0.026946924649703687,0.014677833489484886,0.0,0.671653950085062,0.0,1.0
6582,erf,pura,0,1,1.0806893162015598,14.01545026675586,30.091940502309633,53.75618739443756,3.9217582814726804,47.6369542561434,5.009151628189618,1.0432240973556777,11.11699815671653,0.1303258685218946,0.8861669058969135,0.6632946458657842,0.6790762469445076,1.0,0.24333433965463638,0.0430348018163282,1.2863659604660456,3.025606115414894,0.0,1.0
6583,erf,rad21,0,1,0.5645862348857258,7.813534634073743,9.21820733603813,0.005470111188922044,4.403886052221668,13.229312685378527,1.052716321397643,0.5320027387389971,0.005466284344279535,0.47773779561291607,2418.4723543042887,0.6742540590260002,0.3803663988312637,1.0,0.29035660393953955,0.060538027783984656,2.9682906340119386,6.721178081842964,0.0,1.0
6584,erf,rara,1,0,1.161249709441166,7.088750277783857,14.409982771661447,6.581064941731027,4.237365341552484,4.244879407699088,2.0837836933147793,1.0746476444271251,3.4127400542481503,0.29405762718090483,0.6450140585579074,0.6742431972789116,1.0388216336993763,1.0,0.1714020308683161,0.03398194713516635,0.4678019029316455,0.5768140728934318,1.0,0.0
6585,erf,rarg,1,0,2.894530327057338,5.15536282148253,1.159911980378168,2.181141336155699,4.033363917269065,1.873986606631276,4.183652483378931,0.8280794618200765,1.5326884182446479,3.4773017138369937,0.8591770627456042,0.6689424036598202,0.8049006245514463,1.0,0.16393542148512114,0.020769525268564043,0.9228683318049822,0.952969200855087,1.0,0.0
6586,irf9,nanog,0,1,2.4236109279319584,3.1022013361809733,12.62092620882045,4.593108149848744,1.1099822763696339,29.681133740501853,2.7831272398814235,2.0331775183429164,1.8516144497569682,0.08794776690746318,6.462102082547149,1.0296381358175963,0.22591812363615468,1.0,0.1956514037204964,0.04547036553801231,0.9711111090525383,5.964092601436497,0.0,1.0
6587,erf,rbpj,1,0,1.3198802274498587,6.699252555604347,28.45176430524613,31.85271505272004,4.216258468936216,16.543192430882694,5.936456873933002,1.2613653606308661,5.535110033496587,0.14818970183015306,0.5193652221953996,0.6704223462937813,0.571814455734449,1.0,0.194763504422125,0.02825110625617297,1.2248470760633041,1.2321206172153647,1.0,0.0
6588,irf9,nfe2l1,1,0,0.25161472546804536,0.468411135641883,0.028263546756712363,0.09953802306742969,1.1131464395919648,1.7147041570972001,4.307452664027028,0.025409348505026134,0.08209311997313146,39.38452768061042,17.22662460289787,1.0296904728186245,0.8377761224163017,1.0,0.04077948819037017,0.008632702731324401,0.18786200446734752,0.09882624061482917,0.0,0.0
6589,erf,rest,0,1,1.196889048320306,5.832736630408994,31.349786876910848,30.53954529681002,4.464274035333755,136.67606891437694,6.340504787415716,1.1528740036724274,4.8973865562016465,0.14240205373203663,4.475379956906344,0.6787641286934851,0.2964878013680735,1.0,0.3416769430604739,0.09336658963213264,4.820982563378153,17.936236830929214,0.0,1.0
6590,irf9,nfyb,1,0,3.007378749150909,0.00010000000000000022,14.633412585622395,14.086634387431547,1.1314490064557,25.365190104834056,5.865877953327892,2.494684801968595,9.999929011226294e-05,0.07731955890913443,1.800656523567157,1.0324562658192427,0.39939604134504336,1.0,0.11346387461065809,0.021788103456164245,0.831366054591965,1.9389401834545106,1.0,0.0
6591,irf9,nr5a2,1,0,9.106514042970788,2.3173295533243734,7.061214103679613,7.135857257042472,1.1386097963412247,7.054343945689229,2.351954660159275,3.9772468223313093,1.7492654320460859,0.1612484453272551,0.9885769419963107,1.0273260562857358,0.5294535237979078,1.0,0.12256605139780886,0.020917193695693656,0.4966609713813169,0.8489522673963219,1.0,0.0
6592,erf,rfx7,0,1,3.079436151192341,3.4107889608230293,0.6922478287753981,1.6885328404160258,3.8111877248334367,1.6300496622697456,3.6988529369057135,0.5651939560253403,1.129410811194291,5.505524996120989,0.965364500620627,0.6639915591266944,0.8732744530812379,1.0,0.12356645548923638,0.02168842567582551,0.8725602150084522,0.4572267234831901,0.0,1.0
6593,irf9,patz1,0,1,20.4364866432928,0.0001,11.44243860280071,13.914075812476804,1.1304251691086287,10.397813627656822,1.5599136444187285,7.335355312879946,9.99992813084918e-05,0.09879232988254269,0.747287406493291,1.0301648034930535,0.4411893200427198,1.0,0.18949865183983192,0.02975643434024675,0.6864384947607607,0.9145486496156626,0.0,1.0
6594,erf,rxrb,1,0,1.6014657043508256,8.61227993287715,15.101326735655096,2.073768387815846,3.8079965104193327,3.376150941057108,1.3723757103473517,1.447916984193768,1.6713263253018107,0.25216304349130036,1.6280270067251674,0.6632433390022676,1.1570290063981608,1.0,0.2616794324075926,0.039961261168211616,1.2727217745583685,1.321607888203164,1.0,0.0
6595,irf9,pknox1,1,0,0.2574497247276516,0.13076837608033115,0.02888759434999237,0.02731458437669091,1.105102238958769,1.4187482703455156,5.912313108716804,0.02597322360007476,0.022594995892806176,38.25525329557464,51.94105283755349,1.0188173264139624,0.9842156528296465,1.0,0.06878973550345789,0.015442260765651429,0.008647915636863908,0.16858070653971574,1.0,0.0
6596,irf9,plagl1,1,0,1.1375185371742265,1.0338066033748898,8.668308314577624,8.427195753359484,1.1187607228677938,6.399623873131959,6.441945667116698,1.005561442481715,0.9208422415786176,0.1290633284220356,0.7594013549027577,1.0295796415223295,1.0034782373219977,1.0,0.052851957010934515,0.014764063404136721,0.04601555119516682,0.6474893245254828,-1.0,0.0
6597,irf9,pou5f1,0,1,0.15706908120838167,5.810649120280938,0.033760193450382614,163.98724603927067,1.0909087101050852,4349.066442422364,1.2554561735178709,0.027787573872776777,5.611803055862439,32.31346146485786,26.520760287546242,1.0238408147856912,0.27946379011368133,1.0,0.20111255154962185,0.1497431979632181,2.6855332337278206,58.57083405004241,0.0,1.0
6598,erf,sin3a,0,1,2.7416047949670763,1.8447885300524363,0.3320328676719167,0.5595548766769827,3.6744055812491667,5.0451395210601335,4.7899902852613385,0.296164675869575,0.42933152374966543,11.066391128723632,9.016344475490238,0.6571695963748148,0.6148307631631956,1.0,0.2178177890387588,0.03297464523416101,1.36933196362206,1.6088753434377492,0.0,1.0
6599,erf,smad1,0,1,3.2808910272395613,2.7091576728053974,3.1862665348220496,2.8534273220126143,4.019049704325972,2.8150063312902716,3.8423978595866104,1.6164432649386193,1.3897108143829706,1.261366448915245,0.9865351430450161,0.6681902922216483,0.9824796183939376,1.0,0.21438024404904446,0.032031279957366175,0.9286894857519985,0.45439354365647305,0.0,1.0
6600,erf,smad2,1,0,6.186862067695505,4.621132277290231,1.631568726459215,3.984049761578749,3.6112333827482646,1.821052113090866,2.729508621177664,1.2910890855637627,2.1395039482490517,2.2133504548014122,0.4570856846851336,0.6569104428687265,0.7538627382700723,1.0,0.20761009770822259,0.0280883453411468,0.8569749887379031,0.7852967422023475,1.0,0.0
6601,erf,smad4,0,1,1.5032431014562893,6.160861234816393,60.10128358370902,59.54336039635137,4.593956812109637,17.81284845178358,10.254926298079084,1.4665617089731606,5.58317824562079,0.07643691678749552,0.29915759428443506,0.6813701278690325,0.9910812377929689,1.0,0.21167189733011896,0.040685815719523295,2.4905909808512257,2.0282100788606034,0.0,1.0
6602,erf,smarca5,0,1,1.3588874392014294,12.73631342670828,30.271150203791198,49.40036898501968,3.9260989478305066,263.8535807207269,5.097709930868484,1.300507013187978,10.125718953245812,0.12969771288501608,5.341125706990947,0.6640365378213843,0.17710945648970083,1.0,0.35466030666002857,0.12441510177402818,6.371051783288619,32.79058679242322,0.0,1.0
6603,erf,smarcc1,1,0,1.1336996028567838,6.215489087774078,16.539122256116432,15.82923816785119,3.7288138337115244,55.184356579497354,3.7898572367054966,1.0609735379547578,4.463038075236346,0.22545415506149666,3.4862294694368474,0.6590005547337278,0.2236137951538576,1.0,0.2622064762329315,0.0781235157134377,3.503787084584167,15.481167135205457,1.0,0.0
6604,irf9,rara,1,0,2.007620166767855,1.1975909376931289,5.124453967209674,4.329874768585926,1.1135986250830912,2.7359495780261147,4.51198672339669,1.4424916139375752,0.9381186713314457,0.21731068953078309,0.6318772999801184,1.0542703914191949,1.029603087815146,1.0,0.08359411663424174,0.020622677610326035,0.28464647601397974,0.3030019614393445,1.0,0.0
6605,irf9,rela,1,0,3.0749041795686853,4.214901190800634,4.337792961893159,3.3160339764168083,1.1365626435529412,2.2579932729991037,3.043424599062095,1.7993852243096606,1.8559123462881637,0.2620140365244419,0.6809318870245754,1.0447615546266162,1.0719632233639806,1.0,0.0688610601481082,0.025118175453194603,0.05885526114104453,0.2148549703681536,1.0,0.0
6606,irf9,smarcb1,1,0,28.59955771639366,3.8587612824294926,17.8288355789312,25.39071354159667,1.1003007097118984,63.49327296838034,1.8556641104869662,10.982435013685473,3.3496909923008684,0.06171467030702512,2.500649415163605,1.0380056869488954,0.30887869773249066,1.0,0.22544692856043458,0.04125964990992125,1.5993570941010682,5.156493258301545,1.0,0.0
6607,erf,sox2,1,0,0.00010000011967026268,15.181488915104797,11.619660744256024,138.755486742468,3.6946139874562642,710.3193782090058,8.561705062748672,9.999925906528518e-05,13.68426835003316,0.31796229414723937,5.119216507289314,0.6558563512252559,0.36982534172676207,1.0,0.3385650571664988,0.10071683397694035,4.816981732646714,23.23364633541999,1.0,0.0
6608,erf,sp1,0,1,1.4207263313506278,6.65854020492652,16.86060478677942,12.432221974573054,3.822096514751746,4.4310017151887875,3.108701371646547,1.310315153108183,4.336152170140101,0.22668798439239218,0.35641269310114265,0.6639949653441224,0.9659858761367679,1.0,0.13956449850055508,0.027535932923765855,0.280153315423194,0.9790219112978805,0.0,1.0
6609,erf,sp5,0,1,0.00010000000000000239,2.9314243569930807,18.444812486509978,26.112639831921026,3.884397979744446,200.37203880220886,9.872693505127556,9.999945784508528e-05,2.6355549943281864,0.21059568822320024,7.6733735115232165,0.6643508999335102,0.9268653478388301,1.0,0.17895467449082259,0.07248585706129461,3.512996348332888,20.481737389488682,0.0,1.0
6610,irf9,stat3,0,1,3.024475659897083,8.623226552270681,0.00010000000011453625,0.0001000000002462087,1.1044757846894935,2.6855567263104505,23.4504651971733,9.999669386561165e-05,9.999884060091535e-05,11044.757834244683,26855.567196983764,1.0259619613440838,0.49270204081632657,1.0,0.0908451875437976,0.016511456094130888,0.21624809529667854,0.5177625298006432,0.0,0.0
6611,irf9,stat6,0,1,4.9582115420296695,0.0001,8.92792682603823,7.518576276611569,1.1182473637331676,3.9546306874417945,2.800672011402893,3.1878228966127073,9.999866997864624e-05,0.12525274742080186,0.5259813217222618,1.0298507462686568,1.0302382244352946,1.0,0.10421359096005756,0.022689908885762416,0.11778326727098226,0.5780381680096766,0.0,1.0
6612,irf9,taf1,1,0,0.3407088854647025,5.681053248737762,0.10849106344104484,31.642831855003255,1.1216059843355033,31.909363692632745,1.5403934513275246,0.08228823132754765,4.8163424629959275,10.338233848587866,1.0084231347829682,1.0201511335012594,0.48501419096700316,1.0,0.11467919107791387,0.02053383114492561,0.24342917256331356,1.1061163069660074,1.0,0.0
6613,irf9,thap1,0,1,0.02404460440795923,5.543946323078328,0.003971548375269665,53.324808959214366,1.1095970393636148,21.073349846079832,1.2862633197847742,0.0034085447173745204,5.021846939699338,279.3865098743192,0.3951884733838961,1.0529583637691746,1.024897411616162,1.0,0.11828243766316598,0.02612972573348605,0.13274523809531608,0.6744646851116338,0.0,1.0
6614,erf,tcf3,1,0,1.2649382734401644,6.1219185482073994,20.006253507010985,15.325724370320915,3.765025140320759,32.85062180524229,3.724929660415198,1.1897159327209061,4.374505704136353,0.1881924138870551,2.143495538054911,0.6621681294701998,0.4283397133827362,1.0,0.3029931025529916,0.059261688277629204,2.677571052352402,9.253866209816135,1.0,0.0
6615,erf,tcf7,1,0,1.178274279760778,6.834131299934826,12.405371442029509,3.5527439832386314,3.7612815859571884,6.224560650804934,1.6642108807649587,1.0760682662368326,2.337557561304242,0.30319782068063944,1.7520431193949169,0.6616348610486369,0.6025730171943282,1.0,0.2175176933694698,0.03847541448639101,1.5474631961716936,1.042500924923646,1.0,0.0
6616,irf9,zbtb7a,0,1,0.6913700166162086,2.129562264227707,9.999999999998899e-05,9.999999999998899e-05,1.1239956555900383,3.209530602557474,7.944498612418908,9.998553805694057e-05,9.999530441977049e-05,11239.956555901621,32095.306025578277,1.0512543819539701,0.7354010420534146,1.0,0.12059043861857281,0.01975420403536776,0.754534330406653,0.794622584154753,0.0,1.0
6617,irf9,zfp148,1,0,3.4243261886320733,4.563349707163237,5.027448687709065,2.2426675721877247,1.1131089233863873,3.3092499784761675,2.507318871936366,2.0369241319379445,1.5036806385809363,0.22140632207896582,1.4755864932973506,1.037463179059835,0.8307491878384007,1.0,0.09938163322270004,0.017891388410780012,0.4816400607541296,0.46158528468550253,0.0,0.0
6618,irf9,zfp219,1,0,8.37850661327875,0.0001,16.84189165717891,18.56217124372261,1.1387069694686758,12.635984957664103,2.9876194527995192,5.595070272743836,9.999946127282224e-05,0.06761158382011669,0.6807385187730861,1.027575,0.541326444906308,1.0,0.11982628858063575,0.027993336333420098,0.3581276427090142,0.35066951292493675,1.0,0.0
6619,erf,tead2,0,1,1.0598776041176396,13.7931933584402,20.92395601988615,36.00751314681758,3.8243741927067774,39.80235572129903,3.793414688192593,1.0087791217090214,9.972922595750665,0.18277491068477147,1.1053902989359,0.6604731112671994,0.5451950165937066,1.0,0.27982027908609713,0.04700954646535217,1.527075191971326,4.810067262646733,0.0,1.0
6620,erf,tead4,1,0,0.50066629676527,6.624606032223656,7.729890514148452,0.28044036907826014,3.885664043101049,5.0352702213524,1.109845112633973,0.47021067310876774,0.26905061207475583,0.502680346634781,17.954869471546193,0.665550785268114,0.7371007757075013,1.0,0.24780936343906473,0.0365285781164607,1.2329748377705188,3.080027973099154,1.0,0.0
6621,erf,tfap4,0,1,2.784084844126806,3.240459569253326,1.2732114301506945,1.144202355012457,4.16377697585509,3.958089741630695,4.166612001237045,0.8736676856764147,0.845616272019233,3.270295001484769,3.4592567689546514,0.6720557805268778,0.6187178262831875,1.0,0.24556184094783384,0.038973174575488934,1.1903781079719415,1.7862996086336733,0.0,1.0
6622,erf,tfdp2,0,1,1.4166895971371116,6.110070053695716,18.131440018548275,9.70895591052497,3.830702099864572,11.288112675214398,2.7913002480232962,1.3140194463813026,3.750066590428858,0.21127401331310716,1.162649493853149,0.6632312194111402,0.6352305901484054,1.0,0.26911929056085293,0.04527423148949082,1.884131565766593,1.4178966583989157,0.0,1.0
6623,erf,tfe3,1,0,1.1770440972798755,5.755649287994634,16.788729147404787,11.724356236645908,3.907116054951152,6.607406444323594,3.2499400750297402,1.0999289746479404,3.860484055941633,0.23272256170474442,0.5635624089680368,0.663647067108648,0.8894975040304567,1.0,0.1813323916266663,0.032332039106650834,0.8553525441665192,1.3311461304861196,1.0,0.0
6624,erf,tfeb,1,0,0.45988346939812186,5.475469021121939,8.340861745912829,2.9993505491251247,4.053564150909088,6.9311684475329525,1.633118327732712,0.43585223110506094,1.9378407857644722,0.48598865133994174,2.3108897523014416,0.6664962711389657,0.8939850367411015,1.0,0.21093160174938094,0.03807995477086149,1.561470865384439,2.120919693020345,1.0,0.0
6625,sox2,sp1,0,1,20.672335990716135,0.00010000000000021103,191.1362633112912,19.825693000870046,1007.4403158268187,2.144588243514988,8.522124509337289,18.654733888056803,9.999949560676762e-05,5.270796333326168,0.1081721704971863,0.3807719475669927,0.9414922327297466,1.0,0.273435187584839,0.07430837050949661,12.811815692842725,1.8549428870277904,0.0,1.0
6626,erf,tgif2,1,0,2.828024314845257,4.546867208187168,1.4939150010054658,2.0968911914718533,4.069219253253095,2.604158828629563,4.049644274759895,0.9775306033707986,1.4350741288438813,2.7238626364380467,1.2419141437671106,0.6678024244221571,0.70108475966551,1.0,0.2032069233191006,0.03129129815444726,0.6310837756479987,1.1094541721708944,1.0,0.0
6627,erf,thap11,1,0,0.6285915564497782,17.995605935537668,13.23286083564367,68.7821632352157,3.7096376949233254,64.48493427201201,5.051228330837506,0.600086077105829,14.2637534567083,0.28033527602218467,0.9375240794839735,0.6578666769440269,0.4969634238456872,1.0,0.33791913093168907,0.05999986726559334,2.380208936547368,6.771754492703234,1.0,0.0
6628,erf,trim28,1,0,1.4909310642286153,6.028939266591903,25.379514122095753,19.88591449616377,4.009229687579785,181.54348551356634,4.515566216803716,1.408205399548776,4.626341782808587,0.15797109701518258,9.129250030145117,0.6691033192247715,0.24041268183478479,1.0,0.3929776907434012,0.13160505331777375,6.692370815773998,43.14174833225693,1.0,0.0
6629,sox2,sp2,0,1,9.874915568634018,1.8129516413757427,149.35868366741622,126.28974969835848,768.2029343469713,8.899288871599968,15.740785916712728,9.262519956429747,1.7872941523486359,5.143342961280804,0.07046723026101334,0.37242903674711725,0.581752044456308,1.0,0.3100505824341737,0.10177820893487129,16.324031778537904,7.404261534409075,0.0,1.0
6630,erf,ubp1,1,0,1.6443812933057818,10.941069512243184,13.982357862406598,0.00031419381214180123,3.958771120699246,4.010680963865271,1.1176365760690883,1.471345203637289,0.0003141847897224948,0.2831261479398207,12764.990298584173,0.666493585440914,0.6251223880597013,1.0,0.28735421618495083,0.04856933316764466,1.3726318179757027,2.5035102039347317,1.0,0.0
6631,erf,usf1,1,0,1.2996198552412341,6.226100722319925,14.805485969540229,7.076059668754144,3.7545257859558734,13.933827478235472,2.324057954002434,1.194745550998023,3.3119627879672398,0.25359017553899765,1.969150647466028,0.6609363834862152,0.4458030339893309,1.0,0.2699195099177957,0.05657088092350579,2.172501782321294,4.0471131456529665,1.0,0.0
6632,sox2,sp3,0,1,10.155947662212565,0.00010000000000021103,294.11792297959965,10.190397717658477,1508.6495954065956,3.6735784155575884,4.5983572930989,9.816965965558698,9.99990186938728e-05,5.1294038123315495,0.3604941158667253,0.37912902549284533,0.5358024691358024,1.0,0.1994893511556002,0.09211971169051003,10.992415122950419,5.469838770366807,0.0,1.0
6633,sox2,sp5,0,1,24.24105425814927,31.449617487679205,307.4560131259665,702.234962041961,1565.7162071355754,88.6594533877638,13.700562933972947,22.469471783270034,30.10151986137305,5.09248848710626,0.1262532602050453,0.37277883767051495,0.8659077752675803,1.0,0.298887854973882,0.22485134441961055,38.466487440212404,44.571596284440965,0.0,1.0
6634,erf,xbp1,0,1,0.09860634671346578,4.393199170731205,37.541853488412144,60.62017559200085,3.99468907276309,43.68170304579887,14.516439862981454,0.09834802862556871,4.0963341175917565,0.10640628263056086,0.7205802790772995,0.6689424050577182,0.7098338431136073,1.0,0.1724303351040076,0.03549775765643502,1.3900046305862586,1.8570331340220703,0.0,1.0
6635,erf,yy1,0,1,9.999999999998899e-05,12.36545563173837,5.842534078779909,152.27673698704203,3.4583798427145847,209.86487359462558,5.416555140985679,9.999828844320396e-05,11.436747804489423,0.5919314797453085,1.3781807894431308,0.6506397834292009,0.4766816475720766,1.0,0.3275235184448635,0.07406882140064777,3.4566124273072885,9.453462303527598,0.0,1.0
6636,sox2,tbp,0,1,7.456684512221669,0.48549942279827485,294.02173050621906,0.109782322575939,1498.0824203560635,1.0639657518734913,1.2526333701380281,7.272252920621966,0.08953618124232372,5.0951418379070335,9.691594483597497,0.3761163656993387,1.0861029826304065,1.0,0.3542417247599778,0.0837267767949502,10.462194122277747,2.468931011563866,0.0,1.0
6637,erf,zbtb7a,0,1,2.4566818071420733,3.3241665601027037,1.9257916276985507,1.9079655065922976,4.212517785712185,3.37976291099836,3.5148471025956023,1.0795404299548488,1.2122008875150303,2.18742138304258,1.7713962329616488,0.6711711774797801,0.7453275695156669,1.0,0.2258981696688822,0.03658504470749828,0.9832542977942044,1.59350600418766,0.0,1.0
6638,sox2,tead2,0,1,17.367344269617295,9.880181748086363,229.26494989332397,295.54846244926614,1135.2308590632615,15.708531016057284,14.102906684721091,16.144371227894965,9.560571936662969,4.951611049100526,0.053150440661669185,0.36715892538617206,0.5116778709156734,1.0,0.44197664222700794,0.1328371952099465,24.656882437004512,13.513299032238772,0.0,1.0
6639,erf,zfp110,1,0,3.205393526060324,9.262675965156273,2.458509561143998,4.173559974104696,3.811033051426876,1.7607792143375354,3.2814101555858306,1.3913533670538414,2.877169903538038,1.550139609647692,0.4218890408338398,0.6632966402524294,0.6654188773976545,1.0,0.12080845104022492,0.024524736301483885,0.7076822750567164,1.197653109678915,1.0,0.0
6640,sox2,tfap2c,0,1,1.2470098675838934,0.0001000000000000442,282.98690400726724,161.4196290707593,1487.3232564635744,3.3408834652154726,121.84333124012808,1.2415389032339592,9.999993804974818e-05,5.255802425490966,0.020696884786861797,0.3881373303656254,1.0120037701714857,1.0,0.26502085951504806,0.10123261877077824,29.546611346437036,5.003363497600289,0.0,1.0
6641,erf,zfp148,0,1,3.7902382629455653,3.437477642432812,0.5443389015738532,0.04553580595772533,3.726478054132651,2.272874527580251,6.562856026401893,0.47598048308911023,0.04494048536682214,6.845878630680708,49.914006786008116,0.6557969307805516,0.8037477655266103,1.0,0.18643400981792232,0.026505433004711965,0.5310569915793407,0.8159525684326813,0.0,1.0
6642,sox2,tfdp2,0,1,7.585752090232335,1.357067333213112,56.30859729315433,58.996458549685684,293.89109128882694,6.250067550535443,8.442202016363167,6.685146084696792,1.3265532626607572,5.2192934190629625,0.10593970730076545,0.3554228337906002,0.6012162032227274,1.0,0.39223793818407604,0.11701750739609644,24.74105960596369,7.072150810003226,0.0,1.0
6643,sox2,tfeb,1,0,2.034698372820656,2.9804453175992363,108.08551481035919,119.45423306337321,567.0503252216145,6.207717120185167,27.063155765199575,1.9971031180650887,2.9078919004737522,5.24631192455834,0.051967326406020545,0.37328396053167795,0.885211725101068,1.0,0.35609812828861065,0.11235633506125542,16.79843389399339,6.6746852220891135,1.0,0.0
6644,sox2,tgif1,1,0,7.845261722113854,0.00010000030974666174,786.4552047369241,254.65448252315468,3872.209246494905,31.952273308872005,70.6808426843146,7.767774506522953,0.00010000027047753942,4.923623396694529,0.12547304485781716,0.3605019086814333,0.3019144721753091,1.0,0.557478565564674,0.20917793178872052,42.16882750090046,26.807353108181886,1.0,0.0
6645,erf,zfp263,1,0,2.41176703652678,3.8525943566302465,2.23046616203275,2.8907040578462255,4.069738997366382,1.514099565142488,3.6393680824541628,1.1587881382926186,1.651522660785455,1.8246136465291174,0.5237822810096295,0.670402796731014,0.8268376721097909,1.0,0.08347732231869398,0.018856799736392673,0.33680824872483633,0.3729201148296959,1.0,0.0
6646,sox2,thap1,0,1,4.950080277464734,0.15151942610222704,340.7145097519377,369.86799321539064,1676.4011062167226,2.647658504965371,58.095850802818504,4.879192788667397,0.15145738035679474,4.920251583759234,0.007158387731656254,0.36722597857779776,0.9598480941256288,1.0,0.39124637220839276,0.09179382838912403,18.859252649304555,2.7198040577921474,0.0,1.0
6647,erf,zfp281,0,1,3.6448767322947053,0.7494644785863745,2.993066765974702,6.665390241974549,5.18815578202886,3.4224940988831944,2.025945432279525,1.6434848257370611,0.6737115439934424,1.7333912631044568,0.5134724261650009,0.6869819208811823,0.5539225260416667,1.0,0.16370275200126322,0.036164900100432835,1.9497357433003224,0.8332886551068959,0.0,1.0
6648,sox2,topors,1,0,9.871626181900332,0.18184771321005025,189.25741214996546,117.07476463498519,967.357030227913,18.317328630193593,20.09345676901787,9.382250025155313,0.1815656942250439,5.1113296923947695,0.15645838526605815,0.37299289550998116,0.27559155330008805,1.0,0.37657566810011806,0.16403435413977496,27.42128388002857,15.029688707146914,1.0,0.0
6649,erf,zfp42,1,0,9.999999999998899e-05,10.388447894164122,4.378167324431665,133.11171944657434,3.3352041865548894,1439.8508814706354,4.5758622003775145,9.999771599143973e-05,9.63639406977025,0.7617808867064797,10.816860359530802,0.6481210151490935,0.253311511275561,1.0,0.360271472541452,0.15612578015518183,8.020797568149622,74.09202895206566,1.0,0.0
6650,sox2,trim28,1,0,17.40389596536886,8.24456059244659,233.3977440434607,271.10127667838066,1138.9568365534356,135.23908493914894,14.260880593313395,16.196186180206695,8.001232179084111,4.87989650980239,0.49885078593557863,0.36522597410014684,0.22913656301228394,1.0,0.6005954723139875,0.32865605341813187,73.57806368683876,90.69616914244227,1.0,0.0
6651,erf,zfp57,1,0,0.9366356243221535,5.501888542034779,11.73673752657709,6.218441561144177,3.6988194161677526,26.378681460514976,2.3002385920681756,0.8674128308082496,2.919130440301526,0.31514885697937894,4.2420084198172265,0.6598200506109901,0.3328540819653651,1.0,0.2695548694468387,0.06632357600061321,3.4721754420856996,7.064093689785278,1.0,0.0
6652,sox2,usf1,0,1,6.439973923082346,0.34048412866995,147.16309885537052,126.80556468229116,734.3167845916646,9.035951638682345,22.75593510771018,6.169971094494412,0.33957234695938737,4.989815995335482,0.07125832104704351,0.3647067622410379,0.42263849647096247,1.0,0.4509477063642137,0.14490654827943572,25.365957406112237,13.085437638826958,0.0,1.0
6653,sox2,usf2,0,1,5.878708286157819,0.26610271552597536,227.74540847237733,221.73573329965654,1144.9496913619528,4.46378433011489,35.93194603565459,5.730781729630868,0.26578375124855624,5.027322829653538,0.02013110049376874,0.37329548974633614,0.6510050754802182,1.0,0.41899309956414515,0.10740036400889245,23.7161042914976,6.080280067086058,0.0,1.0
6654,sox2,yy1,0,1,109.9797916463186,3.8178097970389886,242.0231739904735,356.83895643347546,1153.3974519412866,124.73637169881309,3.204795595368509,75.61771021133367,3.7773955500009864,4.765648813392913,0.3495592884407153,0.35897283738125596,0.4548295606932097,1.0,0.5299792633880881,0.1783772084995097,32.85851931883837,22.614692427733125,0.0,1.0
6655,sox2,zbtb7a,0,1,6.702036730474118,0.34518017572874454,241.83192433063175,1.2986526763265844,1240.648611528284,2.9394541026098513,2.9802402828846652,6.521307722072804,0.27269753032647553,5.130210227463904,2.263464401370578,0.3764212737897344,0.7171015230274436,1.0,0.33310604907196983,0.09836531018454446,17.426092794752584,3.850284353068774,0.0,1.0
6656,erf,zic3,0,1,0.04648654935222013,3.284723503995013,5.942735642321486,4.8564017686592225,4.213188242508025,5.683274707873341,2.497868844830443,0.04612573467520236,1.9594265534692015,0.7089644392901472,1.1702645247661223,0.673804442134779,0.9961591104414901,1.0,0.11636482767256856,0.026652791790618403,0.9140411554235421,1.4199367151639246,0.0,1.0
6657,sox2,zfhx3,1,0,7.026572242056719,0.4224118368374906,162.10450491091737,1.4115538157678906,841.0006602458274,1.5699024429563155,2.924963126568059,6.734652399151764,0.32511897879135554,5.18801535286135,1.1121803684844156,0.3746051064007714,1.134579148965997,1.0,0.27494036955348294,0.0746407538900873,12.449185600993143,2.3754808241166674,1.0,0.0
6658,sox2,zfp148,0,1,5.7809709377332545,0.6855182963986882,273.0836498994707,0.3302332656601933,1343.8644870613798,1.7301534556969922,1.4953082652017429,5.661129184833283,0.2228703889272761,4.9210726733588475,5.239185859238368,0.36706789206050305,0.7771325453641429,1.0,0.25319597894957807,0.08325207100320614,20.562819829045832,2.923613995464467,0.0,1.0
6659,sox2,zfp219,0,1,7.955977299349422,0.5734119867750359,113.72027740623103,96.10397387752091,558.3868629029062,6.204693986890702,14.904134024605545,7.435764255802641,0.5700109710810572,4.910178515553908,0.06456230410199514,0.3558938596886708,0.5158171953950356,1.0,0.39091257116916356,0.11898864183593665,20.5786364478939,6.92771902073261,0.0,1.0
6660,sox2,zfp263,1,0,5.860992495647894,0.4867279204628249,79.6032673220091,0.08210561344685288,433.46488982258217,1.3930486063382472,1.2509754427494215,5.459055673082165,0.07025446305290572,5.445315304322134,16.9665452562506,0.37608896187672874,0.8132469065677658,1.0,0.1758081051750935,0.062072936609672974,4.695186104275968,3.46978779141644,1.0,0.0
6661,sox2,zfp281,0,1,6.084847200410121,0.9425219084216485,185.0716861196599,1.377049305559273,971.0756368480252,3.222005497351445,2.2341525425239013,5.891155858506865,0.559542699807408,5.247024313703863,2.3397894936251857,0.3785777218146609,0.5451945046423796,1.0,0.2728132607219899,0.09283595235080291,13.562571717964767,4.338720262045521,0.0,1.0
6662,sox2,zfp42,1,0,100.12687101895052,6.699334724733236,122.59455536177776,272.52755715573346,583.2232343493363,542.4708593837952,2.2779261045033508,55.113733024280094,6.538601331714524,4.757333901397486,1.9905174546213138,0.34633798929193577,0.22260263411810594,1.0,0.6904690337349233,0.3785946483787436,86.62581217172612,167.52915441175435,1.0,0.0
6663,sox2,zfp57,0,1,6.736962456946042,0.26009230905370434,243.6168846458485,197.6546188242523,1207.6473884079412,20.34230049394511,35.3003452549991,6.555672400206211,0.259750505208798,4.957157998976656,0.10291841705977428,0.37087760919500723,0.3170120949638228,1.0,0.49193892643172826,0.19365351665348912,39.730397600092886,23.303561821578285,0.0,1.0
6664,irx2,jund,0,1,0.00010000000000017731,2.6829449203048013,105.01311562925818,219.11371964908994,4.492025291123247,1030.6021336347826,80.65883795716097,9.999990477406753e-05,2.6504909000454604,0.04277585008506979,4.703503437782396,1.4130009146108802,0.9360447209249592,1.0,0.10765670356360253,0.05984836216259353,1.8780480867761664,11.947405617522731,0.0,1.0
6665,irx2,klf13,0,1,6.13983422896902,3.9307137737373252,56.87421094745211,34.37901686491167,4.5519884016602195,57.38757524621405,9.913482562685694,5.541593562881368,3.5274086469855077,0.08003607128485608,1.6692616741110375,1.414315866356818,0.6067135133031106,1.0,0.26227330280219563,0.053683732795888506,1.9760815685697561,6.609432732084628,0.0,1.0
6666,irx2,klf15,0,1,1.819884554280281,3.301864141525731,17.03430645364617,13.34090687513591,4.025401813214756,40.40729464806643,5.578674945804774,1.6442217645315427,2.6467865226497165,0.2363114591233108,3.028826677695761,1.4040247809159352,0.5698667797176296,1.0,0.18950261156535583,0.05412986599155856,2.2686190326194997,2.7837065488796053,0.0,1.0
6667,irx2,klf2,0,1,0.6994136267250257,0.6017659955553389,157.19630698814274,210.97164083168795,4.174951900598046,4490.979265938041,76.08864554189431,0.6963155096934576,0.6000544273633005,0.02655884212924265,21.2871229907195,1.398547004306839,0.3535003268930652,1.0,0.23240883316309793,0.16069084422776564,7.267724209833837,91.18985981034638,0.0,1.0
6668,irx2,klf3,0,1,1.4482003174939502,0.18611296273604347,5.668230857043103,6.936670234835337,3.4862595493558146,18.861366116226023,5.0458262503009275,1.1534902151755626,0.1812499711304309,0.6150524982630051,2.7190806940058834,1.3740549392144568,0.4135920656245845,1.0,0.22134714079275208,0.06165263005438235,2.518138102030556,3.418120791748411,0.0,1.0
6669,irx2,klf4,0,1,0.974382443285851,2.7085339843097738,2.179335898769708,6.585757849975087,3.726248693747551,51.824223213088246,2.805748098298549,0.6733342700476276,1.919215499914943,1.7098092569626901,7.869135852494833,1.3989935112294787,0.30341730693741376,1.0,0.04927115375457389,0.054600240840034515,3.470816269133142,1.1757665219981752,0.0,1.0
6670,irx2,klf5,0,1,2.940839699431073,4.965008702658801,22.987801823920304,22.323901733116273,3.9931020751478496,54.997248937913746,6.199102445069505,2.6072881660828657,4.061663313494403,0.1737052592385222,2.4636037909237154,1.4004553845133747,0.2937147882419751,1.0,0.19699204907812595,0.05208974481479116,2.696160533012505,4.2919432920017995,0.0,1.0
6671,irx2,klf6,0,1,0.9758821580768998,2.122136884962195,10.326519117482793,8.709876914000056,3.6285600783336354,23.262112838738588,5.3464486195622944,0.89162165774303,1.70638178696292,0.3513826912100985,2.6707740038607897,1.3904889742517659,0.6550819100091828,1.0,0.18056787062152183,0.043512068702779676,2.3276974689761785,2.0417685980027533,0.0,1.0
6672,irx2,max,0,1,4.729479508090905,6.697196137806943,36.21527283121347,22.503594720024264,4.71734360417322,32.76896350255826,4.929559159025842,4.183182970940283,5.161195406640872,0.1302584030267861,1.4561657330861728,1.418552304770254,0.4439813102561695,1.0,0.22080440702080353,0.04662021044911669,1.4504353791520315,3.9997597065476262,0.0,1.0
6673,irx2,maz,0,1,2.862868572695724,9.999999999998899e-05,69.31919641737213,82.7198216462254,3.6571400781559618,134.39381073081086,24.894673414919534,2.749322133346052,9.999987911012594e-05,0.05275796990109718,1.6246869015939591,1.393837938997485,0.35658438851365326,1.0,0.23014099210958877,0.05547773805824481,2.0223951612703113,3.7406201725109263,0.0,1.0
6674,irx2,mtf1,0,1,3.2015825760254235,999.9999998627907,1.1794817976667715,2.662297619039257,3.669769983562788,1.3528692514612815,2.6807975419828836,0.8619385724676386,2.655228610231263,3.1113409217694223,0.508158532609698,1.3873521793924133,0.8932302660918687,1.0,0.11103381420652399,0.02197994109977207,0.14968559800341846,0.6215163916126782,0.0,1.0
6675,irx2,nr2c2,0,1,3.0372027513283295,6.115323879479117,18.584591495961835,23.837838487554215,3.2711965064832813,5.68660596671162,5.698036086950782,2.6105683819890464,4.866801747068579,0.17601659456405405,0.23855375854151412,1.3748147751957394,0.9490215832251893,1.0,0.08538231856139124,0.024118439139507813,0.48384572312410656,0.38497549740082215,0.0,1.0
6676,irx2,nr5a2,1,0,3.850571660476346,2.1476850723188066,1.7852441042348597,4.467741735073765,3.451197517382,5.6003349278141625,2.16721143432353,1.2197365282666375,1.4504434121576468,1.9331796190757642,1.2535046249090533,1.3771696342181967,0.5218825374849414,1.0,0.11613045615513162,0.025388857165881108,0.82577547166811,0.2609378091454233,1.0,0.0
6677,irx2,nrf1,0,1,3.108746261753042,4.466927904113064,26.882843706126167,21.657965750787543,4.38644625096943,32.56579797781642,6.524631737048748,2.786512484540366,3.7031565692276107,0.16316898237852084,1.5036406628647587,1.4003005078172948,0.5002380931416144,1.0,0.18892058467166442,0.0435323974555585,1.63832416629752,1.286404573077377,0.0,1.0
6678,irx2,patz1,0,1,7.298295587025921,1.4181379080469054,1.5391745122352112,8.260317241573397,4.1921110887742215,7.920246749922096,1.386818975323627,1.2711047872454124,1.2103449188611723,2.723609997079784,0.958830819482361,1.4042490714110647,0.4309115592085874,1.0,0.13711035875619762,0.02684576194710193,1.4750493957941675,1.661996127889503,0.0,1.0
6679,irx2,plagl1,0,1,1.6915796817334299,4.119779685220971,14.419757148359292,9.61922388841797,4.5196307802783195,7.067618108525534,3.7261031711002883,1.5139754363607694,2.884421927011726,0.31343321068292557,0.7347389135037496,1.41406966840924,0.9992735944738356,1.0,0.1242840278231886,0.029023980338137318,0.47911536259623483,0.57976445319079,0.0,1.0
6680,irx2,pou2f1,0,1,4.1553310270474615,0.3041936189254065,2.6261082105834364,6.1466993125174465,4.35936585892533,2.945955722534226,1.7127503750315554,1.6091494069972205,0.2898492857023408,1.6600099879192793,0.4792744158698204,1.4035716259279043,0.8314698165358115,1.0,0.16275457090535336,0.02813076298792441,1.0606965012288363,0.766372920375184,0.0,1.0
6681,irx2,pura,0,1,0.8156718569200725,2.2701751944234903,49.515486814601736,81.8533949415432,3.901185209785919,68.09992206311182,27.671137268571243,0.8024529961639841,2.208911800525134,0.07878717267575142,0.8319743134875026,1.3947003493684496,0.6759520742502312,1.0,0.1346487882292763,0.030738702466210997,1.555981812236419,0.5501075363181681,0.0,1.0
6682,irx2,rad21,0,1,0.5043625444430728,1.360758683761602,1.9913162647198193,4.581011702235152,2.9666752935989584,14.680603039081715,5.147021903465282,0.40243373240879665,1.0491235859468984,1.4898061880774993,3.2046639461581825,1.3615842517828727,0.3864893199459646,1.0,0.18158004795548052,0.043242422160059406,1.817646553698784,5.235204536786852,0.0,1.0
6683,irx2,rara,1,0,5.288996914582544,9.586287526120039,31.309803318973344,10.290050278506016,4.488488216816219,5.40826019671643,2.423637607834587,4.524668898801962,4.962854908062179,0.14335727922303018,0.5255815132422891,1.4039511549774732,1.0432310454029705,1.0,0.18527540544761462,0.02955657747975723,0.9970271104493117,0.7528262232011776,1.0,0.0
6684,irx2,rest,0,1,1.5037050035726374,3.0505392702375307,26.65744495752881,44.51222620082627,3.8536114743172796,188.32579428249574,14.14087286681002,1.4234125176161814,2.854886436616601,0.14456042131783195,4.230877903810614,1.390898369753729,0.30121538928648306,1.0,0.17604900379724991,0.07337217368173198,3.62660184392139,19.36588212591049,0.0,1.0
6685,irx2,sall4,0,1,1.6505812666425765,2.6467133027804532,50.08599662255389,77.74755788810407,4.67990999478955,86.29365056671297,23.49923134199249,1.597921840199137,2.559579092800709,0.09343749371819768,1.1099210433195679,1.4203208556149733,0.5282863339431728,1.0,0.13782212928359194,0.04258258588477448,1.9479396866319856,1.8140602462027333,0.0,1.0
6686,irx2,setdb1,0,1,2.1824720599216074,3.9304182393212956,14.51645488061106,14.569175446789934,3.2234850345154036,16.9977105738175,5.413721539975167,1.8972331155690234,3.09536273496244,0.2220573177836181,1.1666899500179093,1.3666721651885343,0.4541644597179727,1.0,0.16193908510151822,0.035184617648912196,1.2890029698223313,1.7804964122335656,0.0,1.0
6687,irx2,sin3a,0,1,0.907348773061814,1.1990150060504838,2.819800944532732,2.745443777295569,3.6432388634353647,5.244302370482031,4.346601618639869,0.6864610013443648,0.8345449827347108,1.2920198748422946,1.910183852188731,1.3837514628566467,0.6180909140967975,1.0,0.20380765743431223,0.037145584388641704,0.7188029826643196,0.832114478910225,0.0,1.0
6688,irx2,smad1,0,1,4.143458522257274,0.6401085150951812,1.590511814895863,5.592779773729943,3.3518005246783584,1.958564705807524,1.5422474855971207,1.1493292337911063,0.5743703064011518,2.1073722894022096,0.35019521330111586,1.3753614469522017,0.9499385568250266,1.0,0.17713117707044895,0.03163593361003001,0.667450721948455,0.6420701094160299,0.0,1.0
6689,irx2,smc3,0,1,4.3869204622937445,4.900270551556789,34.28268840436711,29.02635508921929,3.990115986195295,109.35336989625834,7.809333962589096,3.889240974278965,4.192488653860659,0.1163886547966003,3.767382076052442,1.3968642976089487,0.25504267739291503,1.0,0.26362187978077,0.07701799307966528,4.849894090565926,12.996997599663212,0.0,1.0
6690,irx2,sp1,0,1,1.6143358351696473,4.8143070169714335,13.047757270471667,18.254056104822464,3.8535607349570826,5.835784604311254,5.384065225943516,1.4365931234070148,3.809573740869874,0.29534276696563494,0.31969796580002413,1.390898369753729,0.9744527775851739,1.0,0.07474763506978131,0.020503703842133895,0.24079740923580506,0.7869751716121482,0.0,1.0
6691,irx2,sp2,0,1,1.61192980253105,2.0809271706628283,3.4206950336583977,6.055304602049274,4.719474315196713,7.297594797204721,4.126091440977401,1.0956350710812965,1.548708078266033,1.379682862330257,1.205157341669488,1.4122590865593936,0.5799043003910639,1.0,0.0633086938689676,0.026881392392287304,0.7060946748284617,0.22374499310890264,0.0,1.0
6692,irx2,sp3,0,1,3.1429559817295196,6.619761964799122,24.653960728430587,29.941235840797262,4.28705144539765,13.590836237969084,6.227057232203142,2.7875866288588544,5.421182847686147,0.17388895409628383,0.45391700964629234,1.4113492889351371,0.5692905202730432,1.0,0.10600897767527298,0.028456885165991878,0.7790798753211524,0.3417118455282571,0.0,1.0
6693,irx2,sp5,0,1,5.0296280481233016,6.247142301262321,40.14561816612205,18.85398931133156,4.591416390059925,148.12565855336848,4.52141406313219,4.469649732067294,4.692360328299781,0.11436905445223695,7.856462423278373,1.4135045773545285,0.9216235202461242,1.0,0.26612675644532635,0.08369973102220975,4.201674119115404,19.93840632865989,0.0,1.0
6694,irx2,srebf2,1,0,3.0135938518842456,1.1637037829697954,2.010573943884433,5.014038449596233,3.4094919113568642,2.515328638812824,2.0540997871804882,1.2059814724244844,0.9444964344728801,1.6957804122188709,0.5016572298154947,1.3764366729678634,0.6570247933884299,1.0,0.1672145284782458,0.02337379081702174,0.3088856100818884,0.05468354822516529,1.0,0.0
6695,irx2,stat3,0,1,19.210913566635558,7.369316223289809,3.0007855006663853,16.48654772022448,3.1337042110634954,5.721114689822518,1.6730125085255207,2.5953814118695253,5.092860349487477,1.0442946389762258,0.3470171431223456,1.3666083880272941,0.5185495866449614,1.0,0.14442283413790957,0.03260758206995434,1.3761046716716347,0.41192179863515044,0.0,1.0
6696,irx2,taf1,0,1,0.8377757243927181,3.3114448843404602,7.939092569637793,13.846264889230717,3.1714971123727382,17.052109019146663,5.728052667899307,0.7578077744510389,2.672334690338022,0.39947854046969905,1.231531330330779,1.3703703703703705,0.47893945845842983,1.0,0.11143795309336783,0.036888570495432337,0.8263790134016924,0.5104086395251847,0.0,1.0
6697,irx2,tbp,0,1,0.0001,0.3621358028058672,5.026665129081281,2.366142742265813,4.183073029213365,1.056218335996156,7.04713614556635,9.999801064904702e-05,0.31406800565563,0.8321765866225311,0.44638825761827194,1.405565743671265,1.0966367803967705,1.0,0.11148595118228782,0.035438740810211374,2.3578648592777927,0.18530848327842558,0.0,0.0
6698,irx2,tead2,0,1,0.321281758517912,3.169560665035612,21.364608230704782,58.29420920381045,3.1380078592701244,60.09453020146652,18.491242078564337,0.3165218907694516,3.006112916373631,0.14687879250508526,1.030883359123403,1.3627860039977484,0.5503225806451612,1.0,0.11146834798928963,0.03264792296781883,0.7413259741420093,0.5179065632265202,0.0,1.0
6699,irx2,tfap2a,0,1,0.9837825304626533,0.829454551010282,2.582581337784405,2.2560159742268935,3.794226984698958,2.277441821077186,4.281169897783454,0.7124058277485781,0.6064756417760792,1.4691606917418611,1.0094972052924558,1.3851743645957195,1.1610842009959257,1.0,0.12678947780673086,0.02513429932839128,1.4785134761596799,0.36943110258783474,0.0,1.0
6700,irx2,tfap2c,0,1,0.9177313876113626,0.7379429227299067,3.0052689120378124,2.3632600703512923,4.375601072737763,4.876715977802379,5.266668451829708,0.7030408865980449,0.5623466272206888,1.4559765534495068,2.063554510561112,1.3985332729741966,1.0689022619223538,1.0,0.10643050985125367,0.02681374239017293,1.0579370039229332,1.8445638241811757,0.0,1.0
6701,irx2,tfdp2,1,0,0.8749789196655041,2.520425033242647,7.6481695022629745,9.035575234428174,3.5003856156166866,10.158527987628043,5.018350741506754,0.7851543534419129,1.9707069473086989,0.45767626025821956,1.1242812686591432,1.3749265811076425,0.6300476048285897,1.0,0.1274430590925373,0.025940746276103523,0.8667520932881831,0.4616560781804104,1.0,0.0
6702,irx2,thap1,0,1,1.442106511884959,2.063522673156858,35.317217080176505,52.36040407928697,3.8836460592775306,21.7903560288002,19.084766287965216,1.3855311729396547,1.9852827136992983,0.10996466823705128,0.4161609600224639,1.4022527547963053,1.0379570071092215,1.0,0.11446563629707691,0.027069221508547077,0.41295554366380577,0.7745825117176316,0.0,1.0
6703,irx2,vezf1,0,1,1.965111039857881,1.7108332967598812,2.5261681382841896,2.832180051718414,3.384680612256009,1.965721867938153,3.666095683695024,1.1052977782452296,1.0665581549572096,1.3398477167695313,0.6940667019900302,1.3810302426375523,1.1626329310040386,1.0,0.12496566576900084,0.021296179803011826,0.4153682828071955,1.188892714412197,0.0,1.0
6704,irx2,xbp1,0,1,2.2404111055623996,2.3516822801069286,30.382753748861518,35.60452443602041,3.674612301023076,26.2250560631604,13.009785902761429,2.0865498249562457,2.2059772683303147,0.12094401749745178,0.736565267436321,1.388519955759806,0.6968253780718336,1.0,0.1559751272399903,0.03405091206160405,0.7811069976104384,1.5901939728785872,0.0,1.0
6705,irx2,yy1,0,1,1.5229437799661145,0.00010000000004062315,156.02255931768417,195.78483507345754,3.762232742936363,279.21259833810274,73.37927710229914,1.5082219522316862,9.999994896417027e-05,0.024113389495655696,1.4261196391096558,1.3874449381209357,0.4878955364728935,1.0,0.2177029542143266,0.05469442932347272,2.0638297606207985,8.81413704746626,0.0,1.0
6706,irx2,zbtb7a,0,1,1.2233820384613652,0.7512282996897303,2.796865357947671,1.05121122950424,4.244584336317358,3.3484267838152983,3.1461320353479167,0.8511005680805288,0.43812822109397775,1.5176219778530982,3.1853034764425456,1.4114228711515566,0.7450264226133014,1.0,0.07406528970366062,0.02220448734813642,1.1915123559632106,0.4279047290459622,0.0,1.0
6707,irx2,zfp148,0,1,1.5325226395169205,2.07822194880545,1.917238521910959,2.90297378946532,3.617373487961795,3.1004992981374206,3.850536673678197,0.8517144528829805,1.2111597622477956,1.8867623650479701,1.0680424705827198,1.3889404246547103,0.8260247652147993,1.0,0.06502685221942132,0.01713808228401787,0.41571557904219464,0.1768449687473113,0.0,1.0
6708,irx2,zfp219,1,0,3.4270490849754274,6.143154854998629,20.56367158248553,11.795902827105664,3.8785040456863036,10.84378029679294,3.406832629906481,2.937498746174626,4.039457311836126,0.18860951120176903,0.919283623791402,1.390508034026465,0.5382351165318199,1.0,0.17489274127595442,0.040761302499151934,1.330425060919464,1.0578555728590862,1.0,0.0
6709,irx2,zfp281,0,1,1.5040823481919514,1.0036114006601802,1.689868381242917,1.3852045704286169,3.482892333726001,3.3368155156909802,3.662031420616772,0.7957859774013804,0.581964921515116,2.061043553678598,2.4088972754821953,1.3797882912992887,0.5481165538225379,1.0,0.08681375716630053,0.02673556477702995,0.26619056369864647,0.1740640316142527,0.0,1.0
6710,irx2,zfp57,0,1,1.5588088770414439,1.5831818853999389,3.9993209840231674,6.608503073343141,2.986212618876467,23.602173363565534,4.41983433258783,1.121632133085738,1.2772051669491973,0.7466799066156597,3.5714855696701,1.3611341213585246,0.32512861793900133,1.0,0.1921595050418859,0.04565399770916493,2.0150126370634482,4.012909176881525,0.0,1.0
6711,irx2,zfx,0,1,1.1971249008989109,2.2652993209397305,2.7779665647110887,1.8677316008994982,4.232135486470353,2.670659748201618,2.59899744635271,0.8366028749906822,1.0236969447430353,1.5234652354105995,1.4298948237077695,1.4073340943922523,0.7901473628076375,1.0,0.03308355639839389,0.018058925470960347,0.36743843027245343,0.04688505532072336,0.0,1.0
6712,sp1,spic,1,0,4.7621097152901,0.04194064283896674,57.4518127484277,5.3055242278764005,15.986457898896578,4.9195103735784524,13.163800626883903,4.3975982355054,0.041611698644984506,0.27825854632122266,0.9272430324095504,1.0162538532841838,1.9079833432480668,1.0,0.030218593039886242,0.02714516697462339,1.1107090554136547,0.9909608091477364,-1.0,0.0
6713,sp1,stat3,1,0,21.036633389617283,0.00010000000000010273,1.250911785655283,22.129891067541564,3.7459561797870307,4.832034204704668,1.0590533505055202,1.1807030532360945,9.999954812463793e-05,2.994580611313637,0.21834875688981256,0.9587007613664235,0.5049188516578564,1.0,0.11935787749042584,0.020808976525875083,0.529618721645491,1.4619927736062517,1.0,0.0
6714,sp1,stat6,1,0,5.419773663575847,0.062349412761046275,22.221649316591563,5.755685893295846,6.411206901412474,3.0967481778782258,5.154227853822787,4.357095139917133,0.061681240591723016,0.2885117486137995,0.5380328661585374,0.9699208509072997,1.0222733623736338,1.0,0.0332485024034779,0.01489919037336191,0.23466924188414592,0.1686023414311351,1.0,0.0
6715,sp1,tbx3,1,0,13.44931908563943,1.4588410779314247,56.48367936736251,47.591445263056045,15.887485702734407,24.852455758535783,5.359132636010073,10.862783574954769,1.4154525995061369,0.2812756867236687,0.5222042663585187,1.0130762167125804,0.3462157010835767,1.0,0.1461185596419322,0.039231227873061415,3.655186613362619,2.449135128016004,-1.0,0.0
6716,sp1,tcf3,1,0,16.445951440264338,2.243254299989106,10.011841960838154,29.447943519191863,4.90125811210893,19.772027567311312,1.7313238036868872,6.223280385456637,2.0844660496007315,0.48954609264513543,0.6714230334768692,0.9683853622934007,0.41458665969554986,1.0,0.20922789955135315,0.04288456526363785,2.0372558650082193,3.7535730108168903,1.0,0.0
6717,sp1,tcf4,1,0,0.26321616297865275,7.022355059128419,18.500014388860375,19.64010150955087,2.2218288979513106,22.390698796050017,3.849985719716849,0.2595236885797591,5.172807908458303,0.12009876593875331,1.140050054484777,0.9450501503065484,0.5475086977584006,1.0,0.15434320344632285,0.032403792719745646,0.487903568149877,2.0232800289562114,1.0,0.0
6718,sp1,tcf7,1,0,0.00010000000000021103,10.003717254339426,11.619999982763312,0.00010000000000026654,1.985028261199368,5.460248157806542,0.9956587895064359,9.999913942241783e-05,9.99990003818463e-05,0.17082859416040336,54602.48157791988,0.9414926209275046,0.5928266690255616,1.0,0.14775652413261023,0.022421497803015757,1.029356122663983,0.322188295000066,1.0,0.0
6719,sp1,tcf7l1,1,0,4.242051712402693,2.0096866872323726,11.100946173083157,10.783219259116228,4.163037842944196,3.2039971753448504,4.290354953040669,3.069203820158537,1.6939772934654458,0.37501648760701645,0.2971280744974339,0.9658028536069105,1.0152019516904467,1.0,0.11082588825659075,0.021279273796378506,0.26790003923983724,0.28567804996304713,1.0,0.0
6720,sp1,tead1,1,0,11.88695519871992,0.9687475221788953,20.567049207708116,3.6450270695295126,6.173391411248866,1.5974944667613113,3.455837238047351,7.533110227022441,0.7653410177921589,0.3001593154615103,0.4382668321219108,0.9620610485904623,1.0203869842933566,1.0,0.1285056452162492,0.01844197536283988,0.33791502743726987,0.2298948857338456,1.0,0.0
6721,sp1,tfap4,1,0,210.70697100682136,1000.0,3.9788210430629367,226.28531333790147,1.2325956823134439,3.787714534393375,5.521531560744277,3.9050806397434563,184.5290903158267,0.3097891734694806,0.016738667121261003,1.0049222009182543,0.6120161547454566,1.0,0.14226171861758907,0.025663608350744625,1.0859179699081674,0.1975038793699732,1.0,0.0
6722,sp1,tfcp2l1,1,0,18.490913658375533,2.300889530123043,58.99375205276539,61.680524791169624,17.977362463243384,34.32416331941216,4.346735049760877,14.078248458319857,2.218145303756856,0.3047333291695706,0.556482997439187,1.0148316484652817,0.28807914015885466,1.0,0.19378058458231692,0.04413132687033441,2.947578046233863,2.632742648142833,1.0,0.0
6723,sp1,tfdp2,1,0,0.4100501946567443,8.295337794813813,16.5921140238632,11.617434755788208,2.492705511756633,13.058730711867382,2.4598019484020073,0.4001607970496513,4.8396347300999,0.15023435278780994,1.1240631848920926,0.9537102440317139,0.6355962846537732,1.0,0.16050840104763847,0.02597645923389426,0.48654086738600777,1.5312046368172758,1.0,0.0
6724,sp1,tfe3,1,0,0.29507220254846284,7.919456378872411,15.664409550345828,12.461414204357157,2.399327616790201,7.462934932633963,2.6219965496161963,0.28961666169413586,4.842169317912887,0.15317063877056447,0.598883466214014,0.9516998043582215,0.895085066162571,1.0,0.11843438489751573,0.014931794744737173,0.22910647582752894,0.5882688286248221,1.0,0.0
6725,sp1,tfeb,1,0,5.442587187912166,0.6045740824158107,14.601956970241885,9.416575763568423,4.741210674692591,6.195401392911188,3.9193603424412684,3.964790782850212,0.5681002419138258,0.3246969350995185,0.6579250832219115,0.9652413731912725,0.8862329754846979,1.0,0.06184222504758736,0.026101682344595624,0.5019391246463087,0.7799150136630596,1.0,0.0
6726,sp1,tgif1,1,0,0.16167523746100385,7.259605810789181,52.20754405718503,80.33125057083409,2.3708489623714453,171.07025879380583,12.019200502512579,0.1611761106311574,6.65792341258967,0.045411999456909116,2.129560508247788,0.9470506245890861,0.3365769948902019,1.0,0.21362354504287231,0.047073751189131346,1.6073074954441373,4.372654873352223,1.0,0.0
6727,sp1,tgif2,1,0,4.149881501430562,5.163489406385082,2.6104838383310796,3.932292014407262,2.3112384571365063,2.973246099921448,3.767517335457442,1.6024575664213372,2.2322818919977756,0.8853678475995143,0.7561101996057186,0.9426796475424576,0.7195766523056356,1.0,0.15288721231696242,0.023855745114881588,0.4353190069184242,1.239350881791955,1.0,0.0
6728,sp1,thap11,1,0,1.0303184705631823,12.291492978013663,33.26489345099695,32.63331309047582,3.6643404774973414,35.15416720073554,3.7681564660725875,0.9993649907243162,8.92852243122419,0.11015638702992812,1.0772478756070722,0.9577112352109213,0.49516207986210853,1.0,0.15946012679424612,0.030184768618850163,1.1034953680512578,1.0805605712852553,1.0,0.0
6729,sp1,thra,1,0,9.00305570168398,0.8109344678018099,15.73773544757614,10.29440696292947,5.567055211449528,1.6923659628825065,2.9645189337919877,5.726886743358312,0.7517183946021856,0.3537392803427092,0.16439664460291664,0.9692342909700472,1.22346452599339,1.0,0.0936660515640116,0.022130269496618133,0.3939923615612883,0.4679062692786216,1.0,0.0
6730,sp1,topors,1,0,0.779643788841423,10.5577663140741,26.028238517702732,24.567031786282058,2.5092003200427992,36.82547064833376,3.4265693178999372,0.7569696950607805,7.384326591399436,0.0964030016221114,1.4989792404997282,0.9482832620311173,0.28829270150509245,1.0,0.2110664725122195,0.036720613980797845,1.1622376050602437,4.5104302954334985,1.0,0.0
6731,sp1,ubp1,1,0,10.757826573915436,0.9591312851620549,2.1421826657001377,15.533106650542488,3.060385840752739,4.1368256534280015,1.273171037006825,1.7864506279947987,0.9033515404261979,1.4286297288062975,0.26632313461155077,0.9583480439043757,0.6283909789744104,1.0,0.15198995164866297,0.026784092620594706,0.832769355279058,1.353174353122254,1.0,0.0
6732,sp1,vezf1,1,0,2.323941707767704,3.4083716610948747,15.241701401605912,9.191857494640185,4.892039245233881,1.3298854147973873,4.260515046295065,2.0164832772693484,2.486404509817543,0.32096411787193524,0.14468081294481008,0.9638442725890674,1.1232686980609419,1.0,0.06619689137686997,0.01614277871981242,0.4709088417031901,0.21607173664485546,1.0,0.0
6733,sp1,xbp1,1,0,0.00010000006911692338,6.336567190566258,70.33504439711636,220.04692246201373,3.102556696309029,155.27500319319108,20.06808448302894,9.999992694029307e-05,6.159204062971662,0.04411110738470266,0.7056449663366499,0.9559122876308629,0.7406574838712636,1.0,0.07698683819338353,0.02560102737769906,0.8220961831233373,4.224872781503216,1.0,0.0
6734,sp1,ybx1,1,0,0.4656961606774349,7.35595076969433,42.65906695279514,49.10062445879319,2.385790532718971,2244.009221479841,7.667530405759514,0.460667195915378,6.3975148123735766,0.05592692721945825,45.702254222104344,0.9441347512752364,0.28892641039735345,1.0,0.28485322910181665,0.20045697047205147,4.808877953051851,116.46833850527227,1.0,0.0
6735,sp1,zfhx3,1,0,3.501539788268192,2.9300132211804413,2.8851040585503713,2.2993333305190355,2.419200782697679,2.015034481060735,3.946564274057338,1.5817864431786848,1.2883210152006774,0.8385142211866055,0.8763559655814996,0.9517195465424486,1.1570888188202535,1.0,0.11190004274171761,0.01747283704913141,0.4685703518332869,0.4328179222565248,1.0,0.0
6736,sp1,zfp110,1,0,833.5315991036315,999.9999999992699,2.4478832125632843,101.69460472893641,1.2350822062389186,1.7896980502868158,10.784006348010166,2.4407154143707412,92.30743646416491,0.5045511157967421,0.01759875123225265,1.0131616177289364,0.6542851992067785,1.0,0.12006948206012795,0.023401975161648055,3.0558686868012845,0.3457744245814397,1.0,0.0
6737,sp1,zfp219,1,0,1.3775266113940379,15.063147468463246,31.46482428897425,18.935707570533367,3.3312136496504183,15.695843803524903,2.355903462555809,1.3197481785755316,8.389440033421133,0.10587103932494313,0.8289018905187283,0.9577912437636175,0.5446757889114734,1.0,0.19775835035003003,0.03433315163172167,1.0628119725101977,0.9804597111696151,1.0,0.0
6738,sp1,zfp263,1,0,0.00010000000000000174,5.03548333223376,18.049173439880175,33.59946471290985,4.845313889791894,1.4347190525764064,7.672583095392349,9.999944596107971e-05,4.379183953764911,0.2684507357597901,0.0427006520739346,0.9730722255147,0.813110797473477,1.0,0.1199605222933917,0.014583194942542694,0.6822697420410322,1.055556923529159,1.0,0.0
6739,sp1,zfp410,0,1,1.7327559400195482,7.547948709385808,11.325776006450017,8.524089301530228,3.871652160555944,1.5535090179870517,2.455096437539731,1.5028339886102435,4.003187946573765,0.34184431674712995,0.18224926593720325,0.9613340831621351,0.8437138508371387,1.0,0.07568771030276021,0.022591083424670796,0.558210613933235,0.08881733169079739,0.0,-1.0
6740,sp1,zfp57,1,0,13.829282642996267,1.66436581778034,27.656485989580975,38.28900361527265,8.009242845708835,26.016969148610105,3.1302486425809097,9.219290717483357,1.5950321516914938,0.28959727019282766,0.6794893230972587,0.9745934959349594,0.32923105843839495,1.0,0.23525779784270323,0.05065972312905298,3.022016812072846,3.965713772587574,1.0,0.0
6741,sp1,zfx,1,0,7.715892581058409,0.26616023867972116,0.46119061094931446,9.851402827871286,2.4461217741948094,2.580668895393117,1.0810657388969815,0.4351792845834911,0.25915842686119644,5.303927955427613,0.2619595341378152,0.9509597194175788,0.7852918434442627,1.0,0.1054026442203088,0.018291662163233316,0.1719814460458392,0.2969726515583343,1.0,0.0
6742,sp1,zic3,1,0,0.00010000000000137472,12.079081371539253,13.918582562196704,1.5934209340329724,3.622154869852578,5.544799954901496,1.094050756199973,9.999928154257264e-05,1.407720451687488,0.26023877457827216,3.479808653490904,0.9607901816470119,0.9955734782093439,1.0,0.1134835650813661,0.02636983812529965,0.32303041450828535,0.41522017476767575,1.0,0.0
